0	922.999	996.087	65.7458
1	879.841	957.633	49.2252
2	851.67	924.323	50.5587
3	825.86	897.003	52.9512
4	793.007	880.09	45.5864
5	793.007	871.148	47.6628
6	772.76	851.303	49.4304
7	760.465	832.286	54.9266
8	724.63	787.117	55.0821
9	722.463	762.245	55.8641
10	692.469	742.576	51.1732
11	683.525	721.227	59.1079
12	623.096	678.116	65.7303
13	621.055	649.653	55.3932
14	608.758	637.943	39.0475
15	608.14	630.134	47.0679
16	589.681	625.911	48.2588
17	581.116	610.342	44.8059
18	575.2	597.021	43.8663
19	552.291	592.953	57.8539
20	552.291	586.2	43.3356
21	552.291	579.315	47.0411
22	545.553	572.4	51.828
23	537.497	570.923	40.376
24	517.611	561.408	49.4347
25	512.877	538.819	35.6828
26	509.228	529.821	39.7232
27	499.618	518.397	35.1793
28	485.48	510.198	44.8153
29	485.48	503.606	31.5271
30	480.849	496.646	24.796
31	477.241	490.407	35.6262
32	465.215	486.98	29.4064
33	465.215	482.959	48.0487
34	458.398	471.845	28.4977
35	454.826	466.434	31.3285
36	447.65	463.241	27.7974
37	441.341	463.653	31.5667
38	441.341	463.653	23.1617
39	441.341	462.32	22.6678
40	437.27	456.068	26.8408
41	437.157	452.133	27.2054
42	437.157	447.202	26.2009
43	436.111	445.754	19.8289
44	436.111	444.94	32.7971
45	436.111	444.834	19.6494
46	436.111	444.834	27.0237
47	429.303	444.697	22.3779
48	436.111	444.834	17.8384
49	436.111	444.834	38.2441
50	429.656	442.463	33.3166
51	425.959	438.307	53.175
52	423.459	434.819	29.1929
53	423.459	434.336	24.7745
54	423.459	434.045	24.5734
55	418.456	429.566	15.0067
56	411.772	426.271	21.3818
57	411.772	424.235	27.7104
58	411.772	424.191	30.9442
59	414.669	424.249	29.3193
60	408.323	424.019	35.9564
61	408.236	422.258	16.0433
62	402.517	417.343	31.4311
63	400.754	415.372	28.5829
64	400.051	413.88	33.3324
65	400.051	414.89	30.8215
66	404.671	414.936	27.5803
67	398.729	414.731	26.2992
68	398.729	414.864	18.9125
69	398.729	413.496	16.7326
70	394.168	407.704	20.9737
71	391.186	403.521	23.1642
72	391.186	399.757	30.4378
73	386.296	397.24	21.7509
74	386.296	394.022	22.2131
75	386.296	394.022	23.1542
76	371.869	393.516	21.2917
77	385.947	394.015	30.3176
78	375.804	393.805	21.2181
79	373.934	391.283	31.9803
80	373.934	381.413	22.957
81	373.574	381.406	33.9467
82	371.961	381.266	23.288
83	371.961	379.4	35.1397
84	370.781	379.376	26.8326
85	371.961	379.4	23.3626
86	371.961	379.4	21.7018
87	371.714	379.356	20.0811
88	371.714	379.227	24.4797
89	371.714	379.148	29.2877
90	371.714	379.148	30.4621
91	365.619	379.026	22.1632
92	365.619	378.04	31.2707
93	365.34	374.018	26.3384
94	365.34	372.904	36.7847
95	361.989	372.762	23.1959
96	354.993	372.674	32.8287
97	354.993	372.58	41.0807
98	354.993	372.44	25.6849
99	354.993	372.44	31.8179
100	354.993	372.44	18.543
101	354.993	372.44	27.4045
102	354.993	372.393	20.8148
103	355.996	368.623	16.907
104	355.996	363.116	15.728
105	355.996	363.116	24.6832
106	355.996	363.116	30.8195
107	355.996	363.116	19.0578
108	353.459	363.065	17.6562
109	355.996	363.116	15.5759
110	355.996	363.116	20.5579
111	355.996	363.116	28.8278
112	355.996	363.116	23.1946
113	355.996	363.116	27.0157
114	355.996	363.116	31.7047
115	352.516	362.211	44.0391
116	352.516	359.566	37.5847
117	352.516	359.566	30.4426
118	351.341	359.261	28.2825
119	351.341	358.437	28.2872
120	351.341	358.368	34.8631
121	351.022	358.362	33.4011
122	351.022	358.362	34.8408
123	339.445	354.909	31.433
124	339.445	346.94	31.4199
125	339.445	346.234	27.6404
126	328.538	344.304	24.7522
127	328.538	335.93	26.6345
128	328.538	335.109	21.1229
129	328.538	335.109	19.982
130	328.538	335.109	37.4381
131	328.538	335.109	26.8674
132	328.538	335.109	32.7729
133	328.538	335.109	26.1774
134	328.538	335.109	23.3747
135	328.538	335.109	23.0476
136	328.538	335.109	28.2841
137	328.538	335.109	23.9331
138	328.538	335.109	27.5829
139	328.538	335.109	28.1756
140	328.538	335.109	25.8293
141	324.094	334.931	24.7926
142	323.18	332.727	27.7894
143	323.18	330.557	32.2085
144	321.071	330.387	32.3913
145	315.713	329.696	30.4617
146	315.713	326.766	29.5267
147	315.713	323.009	32.9095
148	315.713	322.027	44.9967
149	315.713	322.027	25.5696
150	315.713	322.027	29.5372
151	315.713	322.027	25.4961
152	315.713	322.027	19.0058
153	315.713	322.027	25.917
154	315.713	322.027	16.9395
155	315.713	322.027	13.9159
156	315.713	322.027	18.4326
157	312.209	321.957	16.5251
158	312.209	321.957	17.8342
159	315.713	322.027	31.8016
160	315.713	322.027	33.4352
161	315.713	322.027	27.7096
162	315.713	322.027	26.4832
163	315.713	322.027	26.5669
164	315.713	322.027	33.9929
165	315.713	322.027	47.0487
166	315.713	322.027	25.8635
167	315.713	322.027	33.378
168	315.713	322.027	18.1604
169	315.713	322.027	17.6868
170	315.713	322.027	26.2803
171	315.713	322.027	29.8523
172	315.713	322.027	20.3022
173	315.713	322.027	17.4517
174	315.713	322.027	25.9578
175	315.713	322.027	30.819
176	315.713	322.027	19.7376
177	315.713	322.027	29.3167
178	315.713	322.027	22.4571
179	315.713	322.027	17.7911
180	315.713	322.027	22.2879
181	315.713	322.027	18.4374
182	315.713	322.027	17.7541
183	315.713	322.027	25.2056
184	315.713	322.027	37.3189
185	315.713	322.027	35.7582
186	315.713	322.027	18.7466
187	315.713	322.027	13.695
188	315.713	322.027	28.6369
189	315.713	322.027	22.9605
190	315.713	322.027	33.7136
191	315.713	322.027	34.0289
192	315.713	322.027	29.7056
193	315.713	322.027	35.3462
194	315.713	322.027	40.6208
195	315.713	322.027	41.7511
196	315.713	322.027	34.6541
197	315.713	322.027	28.9425
198	315.713	322.027	36.3384
199	315.713	322.027	30.2056
200	315.713	322.027	34.7633
201	315.713	322.027	46.4558
202	315.713	322.027	37.0685
203	315.713	322.027	35.8275
204	315.713	322.027	44.0357
205	315.713	322.027	34.732
206	315.713	322.027	31.5242
207	315.713	322.027	47.0232
208	315.713	322.027	39.7438
209	315.713	322.027	33.0717
210	315.713	322.027	34.3724
211	315.713	322.027	39.6995
212	315.713	322.027	33.3216
213	315.713	322.027	44.5198
214	315.713	322.027	36.3192
215	315.713	322.027	28.07
216	315.713	322.027	22.379
217	315.713	322.027	23.1208
218	315.713	322.027	19.5308
219	315.713	322.027	34.959
220	315.713	322.027	23.6543
221	315.713	322.027	21.892
222	315.713	322.027	31.1186
223	315.713	322.027	30.7164
224	315.713	322.027	24.8624
225	315.713	322.027	28.6502
226	315.713	322.027	27.6049
227	315.713	322.027	45.7202
228	315.713	322.027	45.5874
229	315.713	322.027	54.7027
230	315.713	322.027	54.3129
231	315.713	322.027	44.056
232	315.713	322.027	50.3009
233	315.713	322.027	40.0325
234	315.713	322.027	42.6571
235	315.713	322.027	41.7039
236	315.713	322.027	35.8151
237	315.713	322.027	37.7537
238	315.713	322.027	52.1488
239	311.474	319.569	29.8321
240	311.474	317.734	23.0848
241	311.474	317.703	26.7556
242	311.474	317.703	48.2037
243	311.474	317.703	24.7402
244	311.474	317.703	25.6484
245	311.474	317.703	21.4518
246	311.474	317.703	32.556
247	309.79	317.333	23.0595
248	309.79	315.985	18.8945
249	309.79	315.985	20.7933
250	309.79	315.985	22.9427
251	309.79	315.985	18.1
252	309.79	315.985	15.4532
253	309.79	315.985	14.5628
254	309.79	315.985	21.6087
255	309.79	315.985	25.8171
256	309.79	315.985	15.506
257	309.79	315.985	20.3287
258	309.79	315.985	29.3717
259	309.79	315.985	19.1818
260	309.46	315.952	27.1756
261	309.46	315.689	32.8378
262	309.46	315.649	33.547
263	309.46	315.649	28.0819
264	309.46	315.649	25.3091
265	309.46	315.649	24.0135
266	309.46	315.649	27.2749
267	309.46	315.649	22.7663
268	309.46	315.649	24.1889
269	309.46	315.649	29.4927
270	309.46	315.649	26.6938
271	309.46	315.649	31.4714
272	309.46	315.649	32.6378
273	309.46	315.649	36.9472
274	309.46	315.649	41.309
275	309.46	315.649	55.823
276	309.46	315.649	31.0004
277	306.949	315.046	33.8083
278	306.949	313.088	36.4426
279	306.949	313.088	10.0445
280	306.092	312.951	34.314
281	306.092	312.214	24.8305
282	306.092	312.214	33.8732
283	306.092	312.214	32.686
284	306.092	312.214	21.5156
285	306.092	312.214	15.0351
286	306.092	312.214	27.1238
287	306.092	312.214	30.9507
288	306.092	312.214	28.3086
289	304.191	312.173	23.4776
290	304.191	312.115	28.515
291	304.191	312.05	32.9666
292	304.191	312.05	26.0195
293	304.191	312.05	29.8069
294	304.191	311.837	29.5379
295	303.5	310.659	32.2018
296	303.5	310.261	38.1366
297	303.5	310.261	29.2787
298	303.5	310.261	24.9793
299	304.191	310.275	33.8782
300	304.191	310.275	27.0877
301	304.191	310.275	40.775
302	304.191	310.275	33.1621
303	304.191	310.275	28.3173
304	304.191	310.275	19.344
305	300.618	309.346	33.5448
306	300.618	306.63	26.2974
307	300.618	306.63	26.4129
308	300.618	306.63	31.4335
309	300.384	306.598	20.6703
310	300.384	306.392	29.6004
311	300.384	306.392	27.5369
312	300.384	306.392	20.4228
313	300.384	306.392	21.0709
314	300.384	306.392	17.8003
315	300.384	306.392	15.9521
316	300.384	306.392	38.147
317	298.248	304.897	39.1706
318	298.248	304.213	30.8218
319	298.248	304.213	23.9328
320	298.248	304.213	35.0935
321	298.248	304.213	30.0783
322	298.248	304.213	26.1002
323	298.248	304.213	31.7453
324	298.248	304.213	27.8406
325	298.248	304.213	25.2925
326	298.248	304.213	22.7695
327	298.248	304.213	30.3882
328	298.248	304.213	22.9794
329	298.248	304.213	25.8903
330	298.248	304.213	27.9184
331	298.248	304.213	26.1139
332	298.248	304.213	25.728
333	298.248	304.213	26.5606
334	298.248	304.213	24.8244
335	298.248	304.213	35.3823
336	298.248	304.213	24.4202
337	297.518	304.199	17.9132
338	297.518	304.199	33.2249
339	298.248	304.213	34.5541
340	298.248	304.213	28.8116
341	298.248	304.213	26.5177
342	298.248	304.213	35.7398
343	298.248	304.213	30.8644
344	298.248	304.213	30.3054
345	298.248	304.213	30.4173
346	298.248	304.213	30.9024
347	298.248	304.213	30.9541
348	298.248	304.213	31.8319
349	298.248	304.213	33.8941
350	298.248	304.213	32.5734
351	298.248	304.213	28.8522
352	298.248	304.213	28.1763
353	298.248	304.213	23.0449
354	298.248	304.213	26.8486
355	298.248	304.213	26.0866
356	298.248	304.213	30.0567
357	298.248	304.213	28.3705
358	298.248	304.213	27.2154
359	298.248	304.213	29.2923
360	298.248	304.213	24.9903
361	298.248	304.213	26.4619
362	298.248	304.213	39.667
363	298.248	304.213	35.7511
364	298.248	304.213	26.7639
365	298.248	304.213	26.3158
366	298.248	304.213	28.3547
367	298.248	304.213	27.3052
368	298.248	304.213	26.4708
369	298.248	304.213	27.5996
370	298.248	304.213	31.3903
371	298.248	304.213	35.5827
372	298.248	304.213	25.4452
373	298.248	304.213	20.8119
374	298.248	304.213	32.3887
375	298.248	304.213	49.3168
376	298.248	304.213	44.3076
377	298.248	304.213	38.398
378	298.248	304.213	46.6164
379	298.248	304.213	31.097
380	298.248	304.213	30.0475
381	298.248	304.213	29.9584
382	298.248	304.213	34.5604
383	298.248	304.213	31.9683
384	298.248	304.213	25.7112
385	298.248	304.213	34.449
386	298.248	304.213	36.0383
387	298.248	304.213	30.5007
388	298.248	304.213	25.4063
389	298.248	304.213	26.0314
390	298.248	304.213	23.4986
391	298.248	304.213	29.8652
392	298.248	304.213	22.4697
393	298.248	304.213	19.3633
394	298.248	304.213	19.7763
395	298.248	304.213	35.7526
396	298.248	304.213	23.9017
397	298.248	304.213	27.1944
398	298.248	304.213	27.2557
399	298.248	304.213	22.9549
400	298.248	304.213	28.9861
401	297.734	304.193	35.36
402	298.248	304.213	24.013
403	298.248	304.213	25.1559
404	298.248	304.213	26.8016
405	298.248	304.213	42.505
406	298.248	304.213	33.9118
407	298.248	304.213	30.6558
408	298.248	304.213	29.6981
409	298.248	304.213	32.6646
410	298.248	304.213	50.8254
411	298.248	304.213	40.0174
412	298.248	304.213	39.1889
413	298.248	304.213	14.2833
414	298.248	304.213	22.9436
415	298.248	304.213	23.6462
416	298.248	304.213	31.7041
417	298.248	304.213	27.6503
418	298.248	304.213	30.8341
419	298.248	304.213	43.3898
420	298.248	304.213	27.5796
421	298.248	304.213	46.3114
422	298.248	304.213	37.5921
423	298.248	304.213	31.8346
424	298.248	304.213	26.6947
425	298.248	304.213	25.0966
426	298.248	304.213	22.4741
427	298.248	304.213	30.7607
428	298.248	304.213	28.6071
429	298.248	304.213	29.4633
430	298.248	304.213	28.5783
431	298.248	304.213	33.1382
432	298.248	304.213	12.0962
433	298.248	304.213	18.7402
434	298.248	304.213	15.8355
435	298.248	304.213	15.1607
436	298.248	304.213	26.9179
437	298.248	304.213	33.036
438	298.248	304.213	37.1152
439	298.248	304.213	31.3292
440	298.248	304.213	22.7577
441	298.248	304.213	24.7441
442	298.248	304.213	36.0567
443	298.248	304.213	22.2226
444	298.248	304.213	24.4693
445	298.248	304.213	28.0664
446	298.248	304.213	20.0658
447	298.248	304.213	22.2724
448	298.248	304.213	29.8273
449	298.248	304.213	27.4239
450	298.248	304.213	32.3864
451	298.248	304.213	21.6829
452	298.248	304.213	21.7877
453	298.248	304.213	28.4838
454	298.248	304.213	25.7702
455	298.248	304.213	23.0036
456	298.248	304.213	38.9119
457	298.248	304.213	33.3229
458	298.248	304.213	29.612
459	298.248	304.213	38.4935
460	298.248	304.213	30.3226
461	298.248	304.213	26.6798
462	298.248	304.213	27.0167
463	298.248	304.213	28.3046
464	298.248	304.213	21.6516
465	298.248	304.213	29.2018
466	298.248	304.213	24.029
467	298.248	304.213	21.3532
468	298.248	304.213	17.8268
469	298.248	304.213	21.7461
470	298.248	304.213	27.9754
471	298.248	304.213	26.1701
472	298.248	304.213	27.2535
473	298.248	304.213	24.8176
474	298.248	304.213	44.8128
475	298.248	304.213	47.0669
476	298.248	304.213	37.8095
477	298.248	304.213	27.6696
478	298.248	304.213	21.8729
479	298.248	304.213	39.4759
480	298.248	304.213	26.1322
481	298.248	304.213	33.6758
482	298.248	304.213	22.3296
483	298.248	304.213	35.3651
484	298.248	304.213	23.7327
485	298.248	304.213	29.32
486	298.248	304.213	33.4824
487	298.248	304.213	31.771
488	298.248	304.213	23.3243
489	298.248	304.213	31.0276
490	298.248	304.213	27.7875
491	298.248	304.213	34.5133
492	298.248	304.213	35.5383
493	298.248	304.213	40.4783
494	298.248	304.213	33.5556
495	298.248	304.213	37.7307
496	298.248	304.213	35.9082
497	298.248	304.213	39.5998
498	298.248	304.213	32.0118
499	298.248	304.213	40.4496
500	298.248	304.213	28.8781
501	298.248	304.213	39.4776
502	298.248	304.213	35.3103
503	298.248	304.213	50.9644
504	298.248	304.213	57.9746
505	298.248	304.213	56.9041
506	298.248	304.213	38.9403
507	298.248	304.213	32.3927
508	298.248	304.213	59.2202
509	298.248	304.213	55.2915
510	298.248	304.213	42.6197
511	298.248	304.213	47.5455
512	298.248	304.213	44.1784
513	298.248	304.213	36.706
514	298.248	304.213	45.4025
515	298.248	304.213	39.8551
516	298.248	304.213	25.9155
517	298.248	304.213	30.7989
518	298.248	304.213	25.3139
519	298.248	304.213	28.2366
520	298.248	304.213	30.9465
521	298.248	304.213	30.9543
522	298.248	304.213	33.6747
523	298.248	304.213	24.8738
524	298.248	304.213	20.236
525	298.248	304.213	28.3471
526	298.248	304.213	31.1795
527	298.248	304.213	30.2028
528	298.248	304.213	34.4714
529	298.248	304.213	23.8067
530	298.248	304.213	23.3978
531	298.248	304.213	32.086
532	298.248	304.213	26.1434
533	298.248	304.213	34.8255
534	298.248	304.213	26.4769
535	298.248	304.213	11.0933
536	298.248	304.213	22.8605
537	298.248	304.213	26.064
538	298.248	304.213	34.663
539	298.248	304.213	24.8042
540	298.248	304.213	41.1403
541	298.248	304.213	28.2197
542	298.248	304.213	28.9906
543	298.248	304.213	21.0128
544	298.248	304.213	27.359
545	298.248	304.213	29.8629
546	298.248	304.213	27.0099
547	298.248	304.213	32.611
548	298.248	304.213	23.495
549	298.248	304.213	30.3662
550	298.248	304.213	33.498
551	298.248	304.213	26.8937
552	298.248	304.213	26.0213
553	298.248	304.213	14.5826
554	298.248	304.213	26.4015
555	298.248	304.213	33.3273
556	298.248	304.213	27.4202
557	298.248	304.213	26.231
558	298.248	304.213	33.2496
559	298.248	304.213	55.15
560	298.248	304.213	64.9848
561	298.248	304.213	72.7714
562	298.248	304.213	44.7549
563	298.248	304.213	49.3704
564	298.248	304.213	39.002
565	298.248	304.213	53.0421
566	298.248	304.213	53.7203
567	298.248	304.213	41.8342
568	298.248	304.213	44.7946
569	298.248	304.213	44.2994
570	298.248	304.213	50.2861
571	298.248	304.213	36.0759
572	298.248	304.213	24.3642
573	298.248	304.213	26.0716
574	298.248	304.213	30.0161
575	298.248	304.213	25.3073
576	298.248	304.213	44.5382
577	298.248	304.213	34.0732
578	298.248	304.213	29.2966
579	298.248	304.213	22.4916
580	298.248	304.213	15.0607
581	298.248	304.213	27.7451
582	298.248	304.213	17.5632
583	298.248	304.213	23.2288
584	298.248	304.213	17.6792
585	298.248	304.213	52.8175
586	298.248	304.213	34.9407
587	298.248	304.213	34.7183
588	298.248	304.213	21.7123
589	298.248	304.213	24.0773
590	298.248	304.213	34.8044
591	298.248	304.213	41.2218
592	298.248	304.213	29.3403
593	298.248	304.213	25.9145
594	298.248	304.213	27.9339
595	298.248	304.213	38.0655
596	298.248	304.213	40.1317
597	298.248	304.213	47.1384
598	298.248	304.213	44.413
599	298.248	304.213	33.6629
600	298.248	304.213	28.8031
601	298.248	304.213	40.4992
602	298.248	304.213	44.681
603	298.248	304.213	31.4453
604	298.248	304.213	36.2375
605	298.248	304.213	39.4976
606	298.248	304.213	38.0553
607	298.248	304.213	38.9028
608	298.248	304.213	28.593
609	298.248	304.213	39.1521
610	298.248	304.213	27.5849
611	298.248	304.213	40.5447
612	298.248	304.213	30.5301
613	298.248	304.213	28.9666
614	298.248	304.213	26.3586
615	298.248	304.213	36.7839
616	298.248	304.213	34.7576
617	298.248	304.213	33.7528
618	298.248	304.213	39.4723
619	298.248	304.213	57.0554
620	298.248	304.213	30.3414
621	298.248	304.213	24.4933
622	298.248	304.213	37.4026
623	298.248	304.213	27.3154
624	298.248	304.213	30.1678
625	298.248	304.213	24.8898
626	298.248	304.213	27.9826
627	298.248	304.213	41.5359
628	298.248	304.213	36.4745
629	298.248	304.213	30.3591
630	298.248	304.213	34.2911
631	298.248	304.213	36.7344
632	298.248	304.213	25.4928
633	298.248	304.213	23.733
634	298.248	304.213	15.3803
635	298.248	304.213	29.4107
636	298.248	304.213	27.2631
637	298.248	304.213	23.4792
638	298.248	304.213	26.6538
639	298.248	304.213	21.0806
640	298.248	304.213	25.0768
641	298.248	304.213	14.7237
642	298.248	304.213	13.9596
643	298.248	304.213	17.5159
644	298.248	304.213	25.4527
645	298.248	304.213	17.7712
646	298.248	304.213	35.901
647	298.248	304.213	30.4362
648	298.248	304.213	23.4975
649	298.248	304.213	29.0346
650	298.248	304.213	25.3983
651	298.248	304.213	28.9527
652	298.248	304.213	24.9426
653	298.248	304.213	26.8355
654	298.248	304.213	37.895
655	298.248	304.213	32.1802
656	298.248	304.213	34.5655
657	298.248	304.213	43.9967
658	298.248	304.213	24.8147
659	298.248	304.213	35.5821
660	298.248	304.213	30.4347
661	298.248	304.213	29.9524
662	298.248	304.213	29.5627
663	298.248	304.213	39.4844
664	298.248	304.213	23.0059
665	298.248	304.213	24.7098
666	298.248	304.213	25.8403
667	298.248	304.213	24.7271
668	298.248	304.213	27.2377
669	298.248	304.213	21.403
670	298.248	304.213	28.4751
671	298.248	304.213	22.9884
672	298.248	304.213	29.525
673	298.248	304.213	40.6408
674	298.248	304.213	45.0019
675	298.248	304.213	37.1275
676	298.248	304.213	32.5604
677	298.248	304.213	24.7328
678	298.248	304.213	31.0429
679	298.248	304.213	49.6563
680	298.248	304.213	33.2236
681	298.248	304.213	32.5706
682	298.248	304.213	41.5732
683	298.248	304.213	34.7821
684	298.248	304.213	42.668
685	298.248	304.213	45.9297
686	298.248	304.213	38.8559
687	298.248	304.213	31.4725
688	298.248	304.213	22.7632
689	298.248	304.213	23.4335
690	298.248	304.213	25.5785
691	298.248	304.213	30.1167
692	298.126	304.186	39.0073
693	298.126	304.088	38.6824
694	298.126	304.088	25.1585
695	297.611	304.078	26.0732
696	297.611	304.068	26.6133
697	297.611	303.925	25.4878
698	297.611	303.79	27.7912
699	297.611	303.563	23.4449
700	297.611	303.563	30.6836
701	297.611	303.563	26.3262
702	297.611	303.563	43.6268
703	297.611	303.563	37.9464
704	297.611	303.563	27.9268
705	297.611	303.563	32.2993
706	297.611	303.563	39.2985
707	297.611	303.563	32.5977
708	297.611	303.563	26.8259
709	297.611	303.563	23.748
710	297.611	303.563	19.7781
711	297.611	303.563	29.894
712	297.611	303.563	31.7912
713	297.611	303.563	11.1043
714	297.611	303.563	25.8781
715	297.611	303.563	27.1688
716	297.611	303.563	28.529
717	297.611	303.563	21.4716
718	297.611	303.563	26.2087
719	297.611	303.563	32.0376
720	297.611	303.563	29.3603
721	297.611	303.563	27.9719
722	297.611	303.563	33.3219
723	297.611	303.563	31.837
724	297.611	303.563	37.9959
725	297.611	303.563	38.5428
726	297.611	303.563	17.1223
727	297.611	303.563	25.7684
728	297.611	303.563	32.2035
729	297.611	303.563	39.3131
730	297.611	303.563	40.4553
731	297.611	303.563	33.2348
732	297.611	303.563	32.7577
733	297.611	303.563	32.2937
734	297.611	303.563	33.9091
735	297.611	303.563	32.4339
736	297.611	303.563	37.7266
737	297.611	303.563	37.2264
738	297.611	303.563	26.5285
739	297.611	303.563	31.5398
740	297.611	303.563	26.3382
741	297.611	303.563	27.7554
742	297.611	303.563	22.6324
743	297.611	303.563	27.3789
744	297.611	303.563	26.5918
745	297.611	303.563	26.8239
746	297.611	303.563	28.1708
747	297.611	303.563	27.0204
748	297.611	303.563	23.3188
749	297.611	303.563	14.1498
750	297.611	303.563	15.4476
751	297.611	303.563	19.7082
752	297.611	303.563	22.3025
753	297.611	303.563	23.8205
754	297.611	303.563	32.6154
755	297.611	303.563	30.2366
756	297.611	303.563	29.4549
757	297.611	303.563	41.0264
758	297.611	303.563	28.8356
759	297.611	303.563	36.2803
760	297.611	303.563	28.0337
761	297.611	303.563	21.3418
762	297.611	303.563	31.8496
763	297.611	303.563	24.0021
764	297.611	303.563	23.125
765	297.611	303.563	26.0954
766	297.611	303.563	19.987
767	297.611	303.563	31.0817
768	297.611	303.563	21.3624
769	297.611	303.563	25.8629
770	297.611	303.563	22.8995
771	297.611	303.563	29.6844
772	297.611	303.563	31.4183
773	297.611	303.563	25.187
774	297.611	303.563	25.3691
775	297.611	303.563	35.3986
776	297.611	303.563	30.6693
777	297.611	303.563	41.7312
778	297.611	303.563	18.5148
779	297.611	303.563	34.1938
780	297.611	303.563	18.5785
781	297.611	303.563	11.4222
782	297.611	303.563	26.1062
783	297.611	303.563	25.5971
784	297.611	303.563	22.7839
785	297.611	303.563	26.0978
786	297.611	303.563	24.6161
787	297.611	303.563	22.8725
788	297.611	303.563	32.6949
789	297.611	303.563	24.9796
790	297.611	303.563	29.0365
791	297.611	303.563	19.7237
792	297.611	303.563	30.811
793	297.611	303.563	24.9371
794	297.611	303.563	15.6667
795	297.611	303.563	24.6983
796	297.611	303.563	21.0882
797	297.611	303.563	27.0797
798	297.611	303.563	36.4949
799	297.611	303.563	32.1736
800	297.611	303.563	23.2774
801	297.611	303.563	26.2219
802	297.611	303.563	24.4692
803	297.611	303.563	25.8351
804	297.611	303.563	37.1112
805	297.611	303.563	31.7896
806	297.611	303.563	38.7963
807	297.611	303.563	22.6152
808	297.611	303.563	41.0872
809	297.611	303.563	30.9104
810	297.611	303.563	21.4256
811	297.611	303.563	32.1769
812	297.611	303.563	21.7667
813	297.611	303.563	17.6077
814	297.611	303.563	23.0423
815	297.611	303.563	31.6468
816	297.611	303.563	29.9994
817	297.611	303.563	31.326
818	297.611	303.563	20.9571
819	297.611	303.563	19.0473
820	297.611	303.563	23.2626
821	297.611	303.563	19.8675
822	297.611	303.563	20.8761
823	297.611	303.563	20.4787
824	297.611	303.563	21.4188
825	297.611	303.563	32.4916
826	297.611	303.563	22.9967
827	297.611	303.563	23.4499
828	297.611	303.563	17.7075
829	297.611	303.563	31.8871
830	297.611	303.563	22.4449
831	297.611	303.563	20.8797
832	297.611	303.563	23.1227
833	297.611	303.563	14.406
834	297.611	303.563	16.5778
835	297.611	303.563	28.0008
836	297.611	303.563	32.3015
837	297.611	303.563	33.5502
838	297.611	303.563	23.658
839	297.611	303.563	23.2946
840	297.611	303.563	18.8827
841	297.611	303.563	33.2012
842	297.611	303.563	36.1098
843	297.611	303.563	28.7257
844	297.611	303.563	31.3959
845	297.611	303.563	19.7921
846	297.611	303.563	19.2652
847	297.611	303.563	25.066
848	297.611	303.563	18.5044
849	297.611	303.563	38.2779
850	297.611	303.563	38.1086
851	297.611	303.563	36.6093
852	297.611	303.563	35.1208
853	297.611	303.563	31.2869
854	297.611	303.563	28.3103
855	297.611	303.563	29.149
856	297.611	303.563	23.7086
857	297.611	303.563	38.5644
858	297.611	303.563	33.4318
859	297.611	303.563	30.4135
860	297.611	303.563	33.348
861	297.611	303.563	29.9951
862	297.611	303.563	21.0274
863	297.611	303.563	36.8393
864	297.611	303.563	23.3114
865	297.611	303.563	38.6226
866	297.611	303.563	29.7932
867	297.611	303.563	24.7113
868	297.611	303.563	28.9862
869	297.611	303.563	33.3817
870	297.611	303.563	29.2145
871	297.611	303.563	26.1277
872	297.611	303.563	34.5246
873	297.611	303.563	35.5728
874	297.611	303.563	42.8607
875	297.611	303.563	30.8759
876	297.611	303.563	27.5767
877	297.611	303.563	27.626
878	297.611	303.563	28.0778
879	297.611	303.563	26.4217
880	297.611	303.563	22.426
881	297.611	303.563	19.8594
882	297.611	303.563	28.3961
883	297.611	303.563	24.9714
884	297.611	303.563	25.8074
885	297.611	303.563	24.6668
886	297.611	303.563	30.522
887	297.611	303.563	44.8503
888	297.611	303.563	34.9207
889	297.611	303.563	29.454
890	297.611	303.563	26.9189
891	297.611	303.563	30.6878
892	297.611	303.563	25.122
893	297.611	303.563	22.2194
894	297.611	303.563	28.5157
895	297.611	303.563	26.3176
896	297.611	303.563	21.0788
897	297.611	303.563	31.378
898	297.611	303.563	33.3706
899	297.611	303.563	20.6053
900	297.611	303.563	18.7649
901	297.611	303.563	21.5883
902	297.611	303.563	26.2988
903	297.611	303.563	16.2725
904	297.611	303.563	23.474
905	297.611	303.563	22.3835
906	297.611	303.563	24.8407
907	297.611	303.563	35.4594
908	297.611	303.563	30.8411
909	297.611	303.563	41.0489
910	297.611	303.563	27.4059
911	297.611	303.563	31.5489
912	297.611	303.563	25.1219
913	297.611	303.563	38.9287
914	297.611	303.563	39.5598
915	297.611	303.563	25.1134
916	297.611	303.563	34.8746
917	297.611	303.563	38.8939
918	297.611	303.563	22.8978
919	297.611	303.563	34.7792
920	297.611	303.563	36.7823
921	297.611	303.563	37.1533
922	297.611	303.563	27.8806
923	297.611	303.563	29.0978
924	297.611	303.563	31.3266
925	297.611	303.563	28.8764
926	297.611	303.563	24.4308
927	297.611	303.563	24.6953
928	297.611	303.563	43.1727
929	297.611	303.563	21.719
930	297.611	303.563	21.5798
931	297.611	303.563	19.7548
932	297.611	303.563	18.1122
933	297.611	303.563	26.3259
934	297.611	303.563	23.1093
935	297.611	303.563	33.7722
936	297.611	303.563	38.9106
937	297.611	303.563	41.9411
938	297.611	303.563	25.6767
939	297.611	303.563	36.5214
940	297.611	303.563	47.0453
941	297.611	303.563	30.04
942	297.611	303.563	37.9277
943	297.611	303.563	34.0884
944	297.611	303.563	26.6626
945	297.611	303.563	19.9487
946	297.611	303.563	20.4087
947	297.611	303.563	31.2077
948	297.611	303.563	42.1484
949	297.611	303.563	25.4565
950	297.611	303.563	26.5582
951	297.611	303.563	35.6643
952	297.611	303.563	30.2764
953	297.611	303.563	26.5349
954	297.611	303.563	23.5284
955	297.611	303.563	24.5496
956	297.611	303.563	29.9756
957	297.611	303.563	22.9565
958	297.611	303.563	25.2263
959	297.611	303.563	22.951
960	297.611	303.563	34.4591
961	297.611	303.563	32.2106
962	297.611	303.563	36.4823
963	297.611	303.563	28.7778
964	297.611	303.563	19.2833
965	297.611	303.563	17.8791
966	297.611	303.563	30.2407
967	297.611	303.563	28.314
968	297.611	303.563	18.7863
969	297.611	303.563	27.6494
970	297.611	303.563	20.8929
971	297.611	303.563	37.0033
972	297.611	303.563	28.1893
973	297.611	303.563	24.1125
974	296.715	303.33	23.9876
975	296.715	302.858	29.6012
976	296.715	302.649	33.2953
977	296.715	302.649	28.9109
978	296.715	302.649	23.157
979	296.715	302.649	22.8438
980	296.715	302.649	28.2299
981	296.715	302.649	15.8003
982	296.715	302.649	22.7682
983	296.715	302.649	24.9066
984	296.715	302.649	23.2158
985	296.715	302.649	32.6155
986	296.715	302.649	28.9262
987	296.715	302.649	38.7944
988	296.715	302.649	47.039
989	296.715	302.649	52.6517
990	296.715	302.649	40.8346
991	296.715	302.649	39.1012
992	296.715	302.649	36.9221
993	296.715	302.649	45.1027
994	296.715	302.649	48.2674
995	296.715	302.649	50.1874
996	296.715	302.649	45.9533
997	296.715	302.649	40.0954
998	296.715	302.649	31.7371
999	296.715	302.649	43.9015
1000	296.715	302.649	35.253
1001	296.715	302.649	34.8787
1002	296.715	302.649	34.385
1003	296.715	302.649	37.31
1004	296.715	302.649	27.3993
1005	296.715	302.649	23.8929
1006	296.715	302.649	17.5452
1007	296.715	302.649	15.7138
1008	296.715	302.649	21.5963
1009	296.715	302.649	22.707
1010	296.715	302.649	23.2188
1011	296.715	302.649	17.7282
1012	296.715	302.649	33.1488
1013	296.715	302.649	20.7885
1014	296.715	302.649	18.316
1015	296.715	302.649	29.3904
1016	296.715	302.649	25.6564
1017	296.715	302.649	22.088
1018	296.715	302.649	30.1446
1019	296.715	302.649	28.0676
1020	296.715	302.649	27.1512
1021	296.715	302.649	33.2738
1022	296.715	302.649	38.5509
1023	296.715	302.649	34.9116
1024	296.715	302.649	33.5778
1025	296.715	302.649	35.6387
1026	296.715	302.649	40.8132
1027	296.715	302.649	27.9023
1028	296.715	302.649	29.8001
1029	296.715	302.649	24.1979
1030	296.715	302.649	41.0965
1031	296.715	302.649	23.427
1032	296.715	302.649	38.1769
1033	296.715	302.649	23.4
1034	296.715	302.649	18.4208
1035	296.715	302.649	34.2777
1036	296.715	302.649	33.7952
1037	296.715	302.649	20.0986
1038	296.715	302.649	31.3253
1039	296.715	302.649	23.2516
1040	296.715	302.649	38.4805
1041	296.715	302.649	23.6265
1042	296.715	302.649	21.5897
1043	296.715	302.649	21.6661
1044	296.715	302.649	22.5217
1045	296.715	302.649	22.1197
1046	296.715	302.649	22.1311
1047	296.715	302.649	30.7019
1048	296.715	302.649	28.741
1049	296.715	302.649	27.1899
1050	296.715	302.649	40.1497
1051	296.715	302.649	52.2509
1052	296.715	302.649	35.343
1053	296.715	302.649	21.856
1054	296.715	302.649	32.9101
1055	296.715	302.649	29.5023
1056	296.715	302.649	31.8897
1057	296.715	302.649	25.9684
1058	296.715	302.649	32.1366
1059	296.715	302.649	26.9829
1060	296.715	302.649	32.2016
1061	296.715	302.649	23.5838
1062	296.715	302.649	18.6669
1063	296.715	302.649	29.6648
1064	296.715	302.649	27.019
1065	296.715	302.649	31.4593
1066	296.715	302.649	34.4487
1067	296.715	302.649	23.9605
1068	296.715	302.649	35.2744
1069	296.715	302.649	30.5513
1070	296.715	302.649	42.3344
1071	296.715	302.649	34.2611
1072	296.715	302.649	28.8191
1073	296.715	302.649	22.8991
1074	296.715	302.649	20.0018
1075	296.715	302.649	32.4792
1076	296.715	302.649	24.9794
1077	296.715	302.649	28.0572
1078	296.715	302.649	35.8948
1079	296.715	302.649	28.3408
1080	296.715	302.649	40.374
1081	296.715	302.649	35.6313
1082	296.715	302.649	28.6811
1083	296.715	302.649	37.7175
1084	296.715	302.649	32.7005
1085	296.715	302.649	40.9588
1086	296.715	302.649	32.6088
1087	296.715	302.649	35.9125
1088	296.715	302.649	30.1089
1089	296.715	302.649	32.5488
1090	296.715	302.649	26.5942
1091	296.715	302.649	30.8903
1092	296.715	302.649	26.692
1093	296.715	302.649	50.3829
1094	296.715	302.649	42.9659
1095	296.715	302.649	40.2835
1096	296.715	302.649	31.1412
1097	296.715	302.649	41.9688
1098	296.715	302.649	31.9959
1099	296.715	302.649	46.8032
1100	296.715	302.649	36.3003
1101	296.715	302.649	34.5166
1102	296.715	302.649	28.5082
1103	296.715	302.649	57.4274
1104	296.715	302.649	38.6868
1105	296.715	302.649	33.5117
1106	296.715	302.649	30.1696
1107	296.715	302.649	31.5204
1108	296.715	302.649	52.9542
1109	296.715	302.649	39.1683
1110	296.715	302.649	38.6788
1111	296.715	302.649	36.2306
1112	296.715	302.649	41.234
1113	296.715	302.649	27.9008
1114	296.715	302.649	30.7203
1115	296.715	302.649	31.2697
1116	296.715	302.649	28.7632
1117	296.715	302.649	32.5598
1118	296.715	302.649	27.1552
1119	296.715	302.649	30.3131
1120	296.715	302.649	37.1214
1121	296.715	302.649	31.1311
1122	296.715	302.649	37.967
1123	296.715	302.649	21.7347
1124	296.715	302.649	30.4618
1125	296.715	302.649	24.4094
1126	296.715	302.649	30.1609
1127	296.715	302.649	34.4108
1128	296.715	302.649	26.8383
1129	296.715	302.649	29.5946
1130	296.715	302.649	31.7598
1131	296.715	302.649	24.0442
1132	296.715	302.649	35.6521
1133	296.715	302.649	22.6161
1134	296.715	302.649	18.4478
1135	296.715	302.649	14.7462
1136	296.715	302.649	26.5579
1137	296.715	302.649	23.1121
1138	296.715	302.649	23.7545
1139	296.715	302.649	33.3682
1140	296.715	302.649	27.0505
1141	296.715	302.649	26.7242
1142	296.715	302.649	28.9019
1143	296.715	302.649	24.986
1144	296.715	302.649	36.2051
1145	296.715	302.649	37.9328
1146	296.715	302.649	37.272
1147	296.715	302.649	30.0028
1148	296.715	302.649	31.1605
1149	296.715	302.649	24.396
1150	296.715	302.649	18.9076
1151	296.715	302.649	25.7664
1152	296.715	302.649	32.3622
1153	296.715	302.649	34.1676
1154	296.715	302.649	31.264
1155	296.715	302.649	20.0933
1156	296.715	302.649	20.9157
1157	296.715	302.649	21.1752
1158	296.715	302.649	22.896
1159	296.715	302.649	23.7584
1160	296.715	302.649	21.2486
1161	296.715	302.649	31.7975
1162	296.715	302.649	41.8776
1163	296.715	302.649	37.8493
1164	296.715	302.649	38.4076
1165	296.715	302.649	27.6608
1166	296.715	302.649	36.4675
1167	296.715	302.649	35.6103
1168	296.715	302.649	26.5785
1169	296.715	302.649	22.4942
1170	296.715	302.649	29.6701
1171	296.715	302.649	25.1181
1172	296.715	302.649	30.6943
1173	296.715	302.649	36.2514
1174	296.715	302.649	41.8723
1175	296.715	302.649	55.8367
1176	296.715	302.649	31.2588
1177	296.715	302.649	23.4164
1178	296.715	302.649	30.889
1179	296.715	302.649	38.1084
1180	296.715	302.649	38.5147
1181	296.715	302.649	48.8611
1182	296.715	302.649	29.4088
1183	296.715	302.649	33.734
1184	296.715	302.649	20.1351
1185	296.715	302.649	24.7149
1186	296.715	302.649	30.0343
1187	296.715	302.649	28.2527
1188	296.715	302.649	23.5642
1189	296.715	302.649	29.3668
1190	296.715	302.649	25.1839
1191	296.715	302.649	40.4268
1192	296.715	302.649	26.6761
1193	296.715	302.649	26.091
1194	296.715	302.649	27.2529
1195	296.715	302.649	28.6912
1196	296.715	302.649	32.8734
1197	296.715	302.649	27.1987
1198	296.715	302.649	26.6509
1199	296.715	302.649	33.9643
1200	296.715	302.649	27.7719
1201	296.715	302.649	25.0357
1202	296.715	302.649	26.4336
1203	296.715	302.649	31.0382
1204	296.715	302.649	34.6994
1205	296.715	302.649	31.6497
1206	296.715	302.649	28.8419
1207	296.715	302.649	41.1438
1208	296.715	302.649	44.3908
1209	296.715	302.649	52.8856
1210	296.715	302.649	40.1641
1211	296.715	302.649	24.7507
1212	296.715	302.649	35.2001
1213	296.715	302.649	27.1621
1214	296.715	302.649	30.3263
1215	296.715	302.649	13.1213
1216	296.715	302.649	26.2526
1217	296.715	302.649	31.8634
1218	296.715	302.649	23.0496
1219	296.715	302.649	26.5199
1220	296.715	302.649	33.5316
1221	296.715	302.649	26.3154
1222	296.715	302.649	25.434
1223	296.715	302.649	18.6991
1224	296.715	302.649	20.7957
1225	296.715	302.649	26.9688
1226	296.715	302.649	23.5039
1227	296.715	302.649	26.3848
1228	296.715	302.649	22.2191
1229	296.715	302.649	26.5459
1230	296.715	302.649	29.6618
1231	296.715	302.649	20.2759
1232	296.715	302.649	31.8653
1233	296.715	302.649	56.5466
1234	296.715	302.649	42.3103
1235	296.715	302.649	28.5692
1236	296.715	302.649	38.2282
1237	296.715	302.649	31.3457
1238	296.715	302.649	32.0507
1239	296.715	302.649	41.6281
1240	296.715	302.649	27.2822
1241	296.715	302.649	34.1788
1242	296.715	302.649	29.2402
1243	296.715	302.649	30.846
1244	296.715	302.649	36.5549
1245	295.289	302.621	33.5005
1246	295.289	302.336	25.6773
1247	295.289	301.195	36.4978
1248	295.289	301.195	33.2555
1249	295.289	301.195	26.8074
1250	295.289	301.195	41.4348
1251	295.289	301.195	29.5814
1252	295.289	301.195	12.4657
1253	295.289	301.195	28.6811
1254	295.289	301.195	31.966
1255	295.289	301.195	22.4976
1256	295.289	301.195	21.0739
1257	295.289	301.195	23.1876
1258	295.289	301.195	26.0543
1259	295.289	301.195	31.9372
1260	295.289	301.195	23.1998
1261	295.289	301.195	40.3249
1262	295.289	301.195	30.8471
1263	295.289	301.195	31.1255
1264	295.289	301.195	36.0308
1265	295.289	301.195	58.797
1266	295.289	301.195	43.9698
1267	295.289	301.195	24.7706
1268	295.289	301.195	38.855
1269	295.289	301.195	28.3291
1270	295.289	301.195	28.1298
1271	295.289	301.195	31.7169
1272	295.289	301.195	33.0974
1273	295.289	301.195	27.6077
1274	295.289	301.195	30.7432
1275	295.289	301.195	28.4358
1276	295.289	301.195	34.9766
1277	295.289	301.195	27.4117
1278	295.289	301.195	33.3503
1279	295.289	301.195	24.5539
1280	295.289	301.195	29.1946
1281	295.289	301.195	37.9097
1282	295.289	301.195	33.0953
1283	295.289	301.195	58.227
1284	295.289	301.195	38.8372
1285	295.289	301.195	31.771
1286	295.289	301.195	28.3945
1287	295.289	301.195	31.7548
1288	295.289	301.195	20.0463
1289	295.289	301.195	35.6532
1290	295.289	301.195	35.1053
1291	295.289	301.195	25.5178
1292	295.289	301.195	26.4934
1293	295.289	301.195	32.1349
1294	295.289	301.195	26.1354
1295	295.289	301.195	36.8004
1296	295.289	301.195	31.7853
1297	295.289	301.195	35.6661
1298	295.289	301.195	30.5197
1299	295.289	301.195	7.6542
1300	295.289	301.195	30.5133
1301	295.289	301.195	29.8218
1302	295.289	301.195	27.8508
1303	295.289	301.195	24.7144
1304	295.289	301.195	21.7003
1305	295.289	301.195	28.2462
1306	295.289	301.195	24.3648
1307	295.289	301.195	18.9166
1308	295.289	301.195	17.7007
1309	295.289	301.195	23.761
1310	295.289	301.195	30.6751
1311	295.289	301.195	34.4277
1312	295.289	301.195	28.3352
1313	295.289	301.195	25.933
1314	295.289	301.195	24.0719
1315	295.289	301.195	32.4622
1316	295.289	301.195	30.3415
1317	295.289	301.195	34.1527
1318	295.289	301.195	27.8962
1319	295.289	301.195	38.3718
1320	295.289	301.195	43.6043
1321	295.289	301.195	34.9614
1322	295.289	301.195	31.0526
1323	295.289	301.195	25.5076
1324	295.289	301.195	30.8731
1325	295.289	301.195	31.2573
1326	295.289	301.195	32.6485
1327	295.289	301.195	25.0679
1328	295.289	301.195	13.1988
1329	295.289	301.195	19.8933
1330	295.289	301.195	20.5443
1331	295.289	301.195	38.4783
1332	295.289	301.195	33.5841
1333	295.289	301.195	29.3267
1334	295.289	301.195	29.2124
1335	295.289	301.195	26.7946
1336	295.289	301.195	32.1053
1337	295.289	301.195	25.3599
1338	295.289	301.195	27.8677
1339	295.289	301.195	25.3504
1340	295.289	301.195	30.7933
1341	295.289	301.195	20.4868
1342	295.289	301.195	31.6431
1343	295.289	301.195	28.2222
1344	295.289	301.195	33.3507
1345	295.289	301.195	31.4314
1346	295.289	301.195	36.661
1347	295.289	301.195	28.6976
1348	295.289	301.195	28.8219
1349	295.289	301.195	26.5081
1350	295.289	301.195	35.9892
1351	295.289	301.195	32.0057
1352	295.289	301.195	46.054
1353	295.289	301.195	39.0778
1354	295.289	301.195	42.0501
1355	295.289	301.195	35.0408
1356	295.289	301.195	28.1821
1357	295.289	301.195	19.0659
1358	295.289	301.195	35.8143
1359	295.289	301.195	37.1114
1360	295.289	301.195	36.8454
1361	295.289	301.195	35.2387
1362	295.289	301.195	24.588
1363	295.289	301.195	12.8071
1364	295.289	301.195	15.0415
1365	295.289	301.195	19.1879
1366	295.289	301.195	19.8522
1367	295.289	301.195	22.9736
1368	295.289	301.195	30.9586
1369	295.289	301.195	27.6016
1370	295.289	301.195	31.3341
1371	295.289	301.195	30.4776
1372	295.289	301.195	41.2888
1373	295.289	301.195	49.662
1374	295.289	301.195	39.7715
1375	295.289	301.195	32.5311
1376	295.202	301.193	19.7481
1377	295.202	301.193	26.1108
1378	295.202	301.193	39.1359
1379	295.202	301.193	29.1975
1380	295.289	301.195	30.0022
1381	295.289	301.195	34.2833
1382	295.289	301.195	21.1235
1383	295.289	301.195	26.7449
1384	295.289	301.195	25.561
1385	295.289	301.195	22.828
1386	295.289	301.195	22.4374
1387	295.289	301.195	33.3406
1388	295.289	301.195	24.7458
1389	295.289	301.195	40.4967
1390	295.289	301.195	39.4533
1391	295.289	301.195	48.0534
1392	295.289	301.195	30.9893
1393	295.289	301.195	32.4854
1394	295.289	301.195	57.634
1395	295.289	301.195	43.3526
1396	295.289	301.195	44.0361
1397	295.289	301.195	34.0545
1398	295.289	301.195	35.0535
1399	295.289	301.195	25.0208
1400	295.289	301.195	20.4744
1401	295.289	301.195	28.162
1402	295.289	301.195	31.2041
1403	295.289	301.195	29.8537
1404	295.289	301.195	39.438
1405	295.289	301.195	27.7459
1406	295.289	301.195	45.4917
1407	295.289	301.195	26.553
1408	295.289	301.195	26.9232
1409	295.289	301.195	27.8302
1410	295.289	301.195	24.0865
1411	295.289	301.195	31.7662
1412	295.289	301.195	32.2382
1413	295.289	301.195	27.1408
1414	295.289	301.195	36.0855
1415	295.289	301.195	13.8194
1416	295.289	301.195	23.5302
1417	295.289	301.195	30.0156
1418	295.289	301.195	33.8965
1419	295.289	301.195	26.1651
1420	295.289	301.195	26.0752
1421	295.289	301.195	40.6637
1422	295.289	301.195	35.3738
1423	295.289	301.195	29.1511
1424	295.289	301.195	27.7175
1425	295.289	301.195	20.1041
1426	295.289	301.195	13.9453
1427	295.289	301.195	32.3283
1428	295.289	301.195	32.3243
1429	295.289	301.195	38.3559
1430	295.289	301.195	24.9751
1431	295.289	301.195	26.2777
1432	295.289	301.195	29.1222
1433	295.289	301.195	13.6855
1434	295.289	301.195	20.7777
1435	295.289	301.195	25.7171
1436	295.289	301.195	25.5564
1437	295.289	301.195	19.0306
1438	295.289	301.195	22.191
1439	295.289	301.195	27.7413
1440	295.289	301.195	32.1539
1441	295.289	301.195	20.8542
1442	295.289	301.195	31.3856
1443	295.289	301.195	38.3445
1444	295.289	301.195	30.2118
1445	295.289	301.195	29.3041
1446	295.289	301.195	41.3375
1447	295.289	301.195	21.4752
1448	295.289	301.195	30.1858
1449	295.289	301.195	30.5407
1450	295.289	301.195	28.5766
1451	295.289	301.195	43.4786
1452	295.289	301.195	42.7844
1453	295.289	301.195	40.8106
1454	295.289	301.195	50.9757
1455	295.289	301.195	45.9047
1456	295.289	301.195	56.5877
1457	295.289	301.195	36.6824
1458	295.289	301.195	31.1883
1459	295.289	301.195	38.1191
1460	295.289	301.195	30.1886
1461	295.289	301.195	41.6697
1462	295.289	301.195	25.2749
1463	295.289	301.195	31.4389
1464	295.289	301.195	22.5893
1465	295.289	301.195	41.2646
1466	295.289	301.195	42.8847
1467	295.289	301.195	27.062
1468	295.289	301.195	34.8636
1469	295.289	301.195	35.8885
1470	295.289	301.195	27.4049
1471	295.289	301.195	22.1428
1472	295.289	301.195	21.234
1473	295.289	301.195	30.5059
1474	295.289	301.195	26.4464
1475	295.289	301.195	18.7934
1476	295.289	301.195	24.8791
1477	295.289	301.195	34.072
1478	295.289	301.195	36.5591
1479	295.289	301.195	31.4292
1480	295.289	301.195	29.0956
1481	295.289	301.195	30.2749
1482	295.289	301.195	25.1357
1483	295.289	301.195	24.1481
1484	295.289	301.195	16.2354
1485	295.289	301.195	26.7455
1486	295.289	301.195	29.1149
1487	295.289	301.195	21.5662
1488	295.289	301.195	19.3109
1489	295.289	301.195	16.1389
1490	295.289	301.195	22.9984
1491	295.289	301.195	29.798
1492	295.289	301.195	22.4515
1493	295.289	301.195	31.3901
1494	295.289	301.195	28.9
1495	295.289	301.195	33.1915
1496	295.289	301.195	31.5875
1497	295.289	301.195	26.8215
1498	295.289	301.195	30.1232
1499	295.289	301.195	27.2922
1500	295.289	301.195	35.9968
1501	295.289	301.195	39.2932
1502	295.289	301.195	19.2766
1503	295.289	301.195	24.7692
1504	295.289	301.195	18.9843
1505	295.289	301.195	21.5811
1506	295.289	301.195	24.1421
1507	295.289	301.195	18.8063
1508	295.289	301.195	23.4579
1509	295.289	301.195	25.4388
1510	295.289	301.195	21.1535
1511	295.289	301.195	24.0105
1512	295.289	301.195	22.8531
1513	295.289	301.195	23.3031
1514	295.289	301.195	23.7836
1515	295.289	301.195	24.231
1516	295.289	301.195	9.47096
1517	295.289	301.195	30.6681
1518	295.289	301.195	26.4797
1519	295.289	301.195	33.8929
1520	295.289	301.195	23.2024
1521	295.289	301.195	42.3798
1522	295.289	301.195	49.4309
1523	295.289	301.195	34.3864
1524	295.289	301.195	51.2491
1525	295.289	301.195	43.047
1526	295.289	301.195	45.2292
1527	295.289	301.195	37.2861
1528	295.289	301.195	44.689
1529	295.289	301.195	42.4002
1530	295.289	301.195	32.8101
1531	295.289	301.195	41.3108
1532	295.289	301.195	32.9543
1533	295.289	301.195	34.8363
1534	295.289	301.195	32.2032
1535	295.289	301.195	34.1832
1536	295.289	301.195	39.316
1537	295.289	301.195	37.2608
1538	295.289	301.195	35.8868
1539	295.289	301.195	34.1854
1540	295.289	301.195	62.2528
1541	295.289	301.195	46.8388
1542	295.289	301.195	46.7684
1543	295.289	301.195	61.7795
1544	295.289	301.195	28.2216
1545	295.289	301.195	19.6214
1546	295.289	301.195	27.3108
1547	295.289	301.195	45.0639
1548	295.289	301.195	33.3512
1549	295.289	301.195	33.703
1550	295.289	301.195	38.5899
1551	295.289	301.195	43.5441
1552	295.289	301.195	33.8561
1553	295.289	301.195	45.0095
1554	295.289	301.195	24.0585
1555	295.289	301.195	29.1278
1556	295.289	301.195	29.0426
1557	295.289	301.195	29.0473
1558	295.289	301.195	31.8041
1559	295.289	301.195	48.1267
1560	295.289	301.195	33.7449
1561	295.289	301.195	43.3994
1562	295.289	301.195	29.4972
1563	295.289	301.195	29.1658
1564	295.289	301.195	30.8226
1565	295.289	301.195	19.7267
1566	295.289	301.195	12.6348
1567	295.289	301.195	28.5686
1568	295.289	301.195	27.4695
1569	295.289	301.195	33.4614
1570	295.289	301.195	25.0194
1571	295.289	301.195	27.0587
1572	295.289	301.195	26.7505
1573	295.289	301.195	20.9903
1574	295.289	301.195	31.3289
1575	295.289	301.195	33.0626
1576	295.289	301.195	34.1574
1577	295.289	301.195	37.5264
1578	295.289	301.195	35.5134
1579	295.289	301.195	27.1219
1580	295.289	301.195	20.9626
1581	295.289	301.195	35.4277
1582	295.289	301.195	33.2288
1583	295.289	301.195	27.1165
1584	295.289	301.195	31.4489
1585	295.289	301.195	36.662
1586	295.289	301.195	29.888
1587	295.289	301.195	35.7499
1588	295.289	301.195	33.24
1589	295.289	301.195	49.4786
1590	295.289	301.195	43.9899
1591	295.289	301.195	35.2672
1592	295.289	301.195	37.6695
1593	295.289	301.195	35.065
1594	295.289	301.195	42.7957
1595	295.289	301.195	41.4835
1596	295.289	301.195	31.6543
1597	295.289	301.195	11.3836
1598	295.289	301.195	22.202
1599	295.289	301.195	28.5399
1600	295.289	301.195	36.273
1601	295.289	301.195	36.0372
1602	295.289	301.195	31.1289
1603	295.289	301.195	23.088
1604	295.289	301.195	24.313
1605	295.289	301.195	33.2556
1606	295.289	301.195	37.3806
1607	295.289	301.195	30.0776
1608	295.289	301.195	28.3962
1609	295.202	301.16	27.9432
1610	295.202	301.106	29.1485
1611	295.202	301.106	26.5985
1612	295.202	301.106	19.9718
1613	295.202	301.106	23.6813
1614	295.202	301.106	26.1353
1615	295.202	301.106	32.7106
1616	295.202	301.106	26.8844
1617	295.202	301.106	36.4726
1618	295.202	301.106	23.6672
1619	295.202	301.106	24.9381
1620	295.202	301.106	21.0514
1621	295.202	301.106	17.8108
1622	295.202	301.106	28.329
1623	295.202	301.106	22.4609
1624	295.202	301.106	29.2493
1625	295.202	301.106	24.1236
1626	295.202	301.106	32.9642
1627	295.202	301.106	17.4446
1628	295.202	301.106	24.2354
1629	295.202	301.106	28.2412
1630	295.202	301.106	27.4911
1631	295.202	301.106	14.5958
1632	295.202	301.106	22.6292
1633	295.202	301.106	24.3503
1634	295.202	301.106	30.23
1635	295.202	301.106	23.8303
1636	295.202	301.106	21.965
1637	295.202	301.106	20.859
1638	295.202	301.106	32.4989
1639	295.202	301.106	33.1417
1640	295.202	301.106	29.2566
1641	295.202	301.106	30.881
1642	295.202	301.106	22.8005
1643	295.202	301.106	19.5553
1644	295.202	301.106	27.1531
1645	295.202	301.106	23.8169
1646	295.202	301.106	39.4257
1647	295.202	301.106	35.2566
1648	295.202	301.106	32.2459
1649	295.202	301.106	34.197
1650	295.202	301.106	18.2853
1651	295.202	301.106	22.5083
1652	295.202	301.106	36.8112
1653	295.202	301.106	31.9463
1654	295.202	301.106	27.5131
1655	295.202	301.106	26.5158
1656	295.202	301.106	29.9272
1657	295.202	301.106	39.5197
1658	295.202	301.106	37.1008
1659	295.202	301.106	31.318
1660	295.202	301.106	33.952
1661	295.202	301.106	36.1855
1662	295.202	301.106	32.0696
1663	295.202	301.106	34.8218
1664	295.202	301.106	26.0047
1665	295.202	301.106	28.7192
1666	295.202	301.106	26.4911
1667	295.202	301.106	24.7105
1668	295.202	301.106	34.565
1669	295.202	301.106	34.6818
1670	295.202	301.106	34.3579
1671	295.202	301.106	30.3806
1672	295.202	301.106	30.1679
1673	295.202	301.106	30.6751
1674	295.202	301.106	29.9176
1675	295.202	301.106	32.5343
1676	295.202	301.106	32.459
1677	295.202	301.106	24.9398
1678	295.202	301.106	38.6988
1679	295.202	301.106	40.9856
1680	295.202	301.106	40.0661
1681	295.202	301.106	33.4033
1682	295.202	301.106	26.9209
1683	295.202	301.106	25.0113
1684	295.202	301.106	36.2085
1685	295.202	301.106	28.8328
1686	295.202	301.106	31.6294
1687	295.202	301.106	27.4186
1688	295.202	301.106	31.9666
1689	295.202	301.106	22.8077
1690	295.202	301.106	15.3348
1691	295.202	301.106	29.817
1692	295.202	301.106	27.9034
1693	295.202	301.106	27.4048
1694	295.202	301.106	23.9003
1695	295.202	301.106	27.9804
1696	295.202	301.106	21.6592
1697	295.202	301.106	18.0001
1698	295.202	301.106	25.7424
1699	295.202	301.106	27.9326
1700	295.202	301.106	31.8807
1701	295.202	301.106	21.776
1702	295.202	301.106	37.352
1703	295.202	301.106	27.3592
1704	295.202	301.106	32.1351
1705	295.202	301.106	47.9042
1706	295.202	301.106	32.7887
1707	295.202	301.106	33.1725
1708	295.202	301.106	41.3049
1709	295.202	301.106	32.9459
1710	295.202	301.106	33.9103
1711	295.202	301.106	33.9758
1712	295.202	301.106	28.3966
1713	295.202	301.106	34.6058
1714	295.202	301.106	37.1649
1715	295.202	301.106	33.6065
1716	295.202	301.106	40.2617
1717	295.202	301.106	29.8927
1718	295.202	301.106	34.2046
1719	295.202	301.106	19.099
1720	295.202	301.106	30.5573
1721	295.202	301.106	19.9762
1722	295.202	301.106	22.9343
1723	295.202	301.106	24.8514
1724	295.202	301.106	18.2989
1725	295.202	301.106	31.4758
1726	295.202	301.106	20.5364
1727	295.202	301.106	24.983
1728	295.202	301.106	21.768
1729	295.202	301.106	25.4623
1730	295.202	301.106	19.9368
1731	295.202	301.106	34.0038
1732	295.202	301.106	28.8954
1733	295.202	301.106	29.7412
1734	295.202	301.106	25.9059
1735	295.202	301.106	35.0384
1736	295.202	301.106	38.5829
1737	295.202	301.106	38.9137
1738	295.202	301.106	36.6241
1739	295.202	301.106	31.5128
1740	295.202	301.106	23.8808
1741	295.202	301.106	29.0821
1742	295.202	301.106	19.675
1743	295.202	301.106	27.9822
1744	295.202	301.106	55.739
1745	295.202	301.106	51.1017
1746	295.202	301.106	48.9478
1747	295.202	301.106	52.6012
1748	295.202	301.106	36.1775
1749	295.202	301.106	37.2731
1750	295.202	301.106	22.4831
1751	295.202	301.106	31.6244
1752	295.202	301.106	28.5206
1753	295.202	301.106	25.2304
1754	295.202	301.106	26.7965
1755	295.202	301.106	29.3383
1756	295.202	301.106	34.2515
1757	295.202	301.106	33.5696
1758	295.202	301.106	33.7616
1759	295.202	301.106	27.7782
1760	295.202	301.106	23.9894
1761	295.202	301.106	24.9697
1762	295.202	301.106	26.6309
1763	295.202	301.106	27.0386
1764	295.202	301.106	24.3149
1765	295.202	301.106	26.3176
1766	295.202	301.106	25.2295
1767	295.202	301.106	31.1907
1768	295.202	301.106	22.1632
1769	295.202	301.106	24.2766
1770	295.202	301.106	26.5585
1771	295.202	301.106	30.2724
1772	295.202	301.106	29.8037
1773	295.202	301.106	28.3394
1774	295.202	301.106	25.6171
1775	295.202	301.106	57.9846
1776	295.202	301.106	46.1187
1777	295.202	301.106	43.7894
1778	295.202	301.106	30.0598
1779	295.202	301.106	30.7687
1780	295.202	301.106	31.4663
1781	295.202	301.106	27.2099
1782	295.202	301.106	37.0726
1783	295.202	301.106	28.338
1784	295.202	301.106	42.509
1785	295.202	301.106	31.3472
1786	295.202	301.106	49.6972
1787	295.202	301.106	45.383
1788	295.202	301.106	32.0585
1789	295.202	301.106	38.484
1790	295.202	301.106	57.4898
1791	295.202	301.106	44.5892
1792	295.202	301.106	38.29
1793	295.202	301.106	36.1596
1794	295.202	301.106	37.1056
1795	295.202	301.106	44.1096
1796	295.202	301.106	32.1833
1797	295.202	301.106	30.844
1798	295.202	301.106	31.0415
1799	295.202	301.106	34.3733
1800	295.202	301.106	37.1997
1801	295.202	301.106	39.0636
1802	295.202	301.106	50.045
1803	295.202	301.106	38.2097
1804	295.202	301.106	25.3875
1805	295.202	301.106	31.8096
1806	295.202	301.106	27.0313
1807	295.202	301.106	30.2542
1808	295.202	301.106	27.5958
1809	295.202	301.106	29.2419
1810	295.202	301.106	21.4003
1811	295.202	301.106	20.6987
1812	295.202	301.106	26.4214
1813	295.202	301.106	33.249
1814	295.202	301.106	22.2995
1815	295.202	301.106	23.4605
1816	295.202	301.106	25.3353
1817	295.202	301.106	42.2182
1818	295.202	301.106	41.7067
1819	295.202	301.106	22.6813
1820	295.202	301.106	26.0383
1821	295.202	301.106	19.8555
1822	295.202	301.106	29.677
1823	295.202	301.106	46.792
1824	295.202	301.106	21.5548
1825	295.202	301.106	36.1195
1826	295.202	301.106	42.3539
1827	295.202	301.106	30.7374
1828	295.202	301.106	42.2244
1829	295.202	301.106	34.5906
1830	295.202	301.106	44.6816
1831	295.202	301.106	37.3234
1832	295.202	301.106	27.566
1833	295.202	301.106	25.9686
1834	295.202	301.106	30.3197
1835	295.202	301.106	29.7584
1836	295.202	301.106	21.3195
1837	295.202	301.106	22.4192
1838	295.202	301.106	20.4713
1839	295.202	301.106	18.9067
1840	295.202	301.106	27.855
1841	295.202	301.106	32.9901
1842	295.202	301.106	26.3973
1843	295.202	301.106	27.133
1844	295.202	301.106	28.068
1845	295.202	301.106	30.2408
1846	295.202	301.106	52.9222
1847	295.202	301.106	30.5217
1848	295.202	301.106	31.4039
1849	295.202	301.106	29.9949
1850	295.202	301.106	30.8764
1851	295.202	301.106	27.9824
1852	295.202	301.106	12.2178
1853	295.202	301.106	23.2485
1854	295.202	301.106	42.829
1855	295.202	301.106	42.4353
1856	295.202	301.106	39.6075
1857	295.202	301.106	30.8828
1858	295.202	301.106	38.972
1859	295.202	301.106	47.1918
1860	295.202	301.106	31.9659
1861	295.202	301.106	30.4967
1862	295.202	301.106	25.1189
1863	295.202	301.106	29.9289
1864	295.202	301.106	34.5832
1865	295.202	301.106	33.171
1866	295.202	301.106	27.8428
1867	295.202	301.106	35.0994
1868	295.202	301.106	29.6757
1869	295.202	301.106	21.0615
1870	295.202	301.106	39.6506
1871	295.202	301.106	42.3433
1872	295.202	301.106	31.2873
1873	295.202	301.106	25.9602
1874	295.202	301.106	24.3485
1875	295.202	301.106	22.4197
1876	295.202	301.106	31.759
1877	295.202	301.106	25.3657
1878	295.202	301.106	21.0253
1879	295.202	301.106	28.0701
1880	295.202	301.106	22.4937
1881	295.202	301.106	20.4498
1882	295.202	301.106	24.0284
1883	295.202	301.106	35.367
1884	295.202	301.106	34.3165
1885	295.202	301.106	31.3776
1886	295.202	301.106	28.7138
1887	295.202	301.106	29.0729
1888	295.202	301.106	28.8482
1889	295.202	301.106	25.6156
1890	295.202	301.106	23.5357
1891	295.202	301.106	24.7218
1892	295.202	301.106	30.0455
1893	295.202	301.106	27.3024
1894	295.202	301.106	39.724
1895	295.202	301.106	32.6891
1896	295.202	301.106	23.7256
1897	295.202	301.106	32.827
1898	295.202	301.106	34.0763
1899	295.202	301.106	26.2662
1900	295.202	301.106	14.3638
1901	295.202	301.106	18.07
1902	295.202	301.106	13.1643
1903	295.202	301.106	27.2751
1904	295.202	301.106	21.8176
1905	295.202	301.106	30.8234
1906	295.202	301.106	46.0967
1907	295.202	301.106	38.7862
1908	295.202	301.106	24.5808
1909	295.202	301.106	31.0396
1910	295.202	301.106	26.4345
1911	295.202	301.106	28.1456
1912	295.202	301.106	28.4974
1913	295.202	301.106	34.4304
1914	295.202	301.106	42.9456
1915	295.202	301.106	32.6308
1916	295.202	301.106	24.6674
1917	295.202	301.106	51.4849
1918	295.202	301.106	31.5598
1919	295.202	301.106	28.6111
1920	295.202	301.106	20.4513
1921	295.202	301.106	42.2869
1922	295.202	301.106	34.8935
1923	295.202	301.106	30.248
1924	295.202	301.106	30.1263
1925	295.202	301.106	28.6838
1926	295.202	301.106	26.8738
1927	295.202	301.106	26.9723
1928	295.202	301.106	31.8645
1929	295.202	301.106	31.5425
1930	295.202	301.106	43.6158
1931	295.202	301.106	29.2032
1932	295.202	301.106	29.4872
1933	294.38	300.82	27.6197
1934	294.38	300.268	34.8232
1935	294.38	300.268	27.0447
1936	294.38	300.268	29.7462
1937	294.38	300.268	33.6954
1938	294.38	300.268	21.6688
1939	294.38	300.268	29.5975
1940	294.38	300.268	30.2696
1941	294.38	300.268	33.8705
1942	294.38	300.268	44.25
1943	294.38	300.268	28.9179
1944	294.38	300.268	39.053
1945	294.38	300.268	32.4571
1946	294.38	300.268	29.3435
1947	294.38	300.268	24.6674
1948	294.38	300.268	56.4238
1949	294.38	300.268	33.3755
1950	294.38	300.268	24.9667
1951	294.38	300.268	27.8665
1952	294.38	300.268	23.1945
1953	294.38	300.268	21.7532
1954	294.38	300.268	19.6076
1955	294.38	300.268	25.3475
1956	294.38	300.268	26.8708
1957	294.38	300.268	30.4298
1958	294.38	300.268	27.8251
1959	294.38	300.268	43.4417
1960	294.263	300.263	29.2278
1961	294.263	300.207	27.9842
1962	294.263	300.149	32.3232
1963	294.263	300.149	43.2868
1964	294.263	300.149	30.7975
1965	294.263	300.149	33.5417
1966	294.263	300.149	25.563
1967	294.263	300.149	33.0252
1968	294.263	300.149	29.5567
1969	294.263	300.149	33.2454
1970	294.263	300.149	21.3979
1971	294.263	300.149	27.3279
1972	294.263	300.149	37.2252
1973	294.263	300.149	27.8417
1974	294.263	300.149	25.7726
1975	294.263	300.149	36.1303
1976	294.263	300.149	44.5051
1977	294.263	300.149	33.7725
1978	294.263	300.149	34.3632
1979	294.263	300.149	36.5444
1980	294.263	300.149	32.9274
1981	294.263	300.149	45.3128
1982	294.263	300.149	53.9343
1983	294.263	300.149	37.8845
1984	294.263	300.149	52.5785
1985	294.263	300.149	41.4208
1986	294.263	300.149	27.7692
1987	294.263	300.149	33.638
1988	294.263	300.149	34.0985
1989	294.263	300.149	32.4979
1990	294.263	300.149	40.0145
1991	294.263	300.149	30.0936
1992	294.263	300.149	38.7663
1993	294.263	300.149	51.4061
1994	294.263	300.149	34.391
1995	294.263	300.149	32.4413
1996	294.263	300.149	36.6985
1997	294.263	300.149	35.7716
1998	294.263	300.149	42.0769
1999	294.263	300.149	38.2382
2000	294.263	300.149	33.2882
2001	294.263	300.149	34.3461
2002	294.263	300.149	33.9799
2003	294.263	300.149	34.5928
2004	294.263	300.149	30.625
2005	294.263	300.149	29.722
2006	294.263	300.149	36.7562
2007	294.263	300.149	26.4786
2008	294.263	300.149	26.5529
2009	294.263	300.149	31.0947
2010	294.263	300.149	24.3219
2011	294.263	300.149	30.5301
2012	294.263	300.149	30.4041
2013	294.263	300.149	33.4073
2014	294.263	300.149	25.9592
2015	294.263	300.149	24.6151
2016	294.263	300.149	33.0304
2017	294.263	300.149	29.8838
2018	294.263	300.149	25.1346
2019	294.263	300.149	30.2652
2020	294.263	300.149	24.597
2021	294.263	300.149	47.2938
2022	294.263	300.149	46.3983
2023	294.263	300.149	31.3656
2024	294.263	300.149	40.8327
2025	294.263	300.149	42.5443
2026	294.263	300.149	53.0511
2027	294.263	300.149	38.2821
2028	294.263	300.149	43.6479
2029	294.263	300.149	45.7885
2030	294.263	300.149	32.5783
2031	294.263	300.149	36.3421
2032	294.263	300.149	47.408
2033	294.263	300.149	50.9005
2034	294.263	300.149	38.1397
2035	294.263	300.149	38.9616
2036	294.263	300.149	38.6197
2037	294.263	300.149	26.3548
2038	294.263	300.149	46.3273
2039	294.263	300.149	33.3838
2040	294.263	300.149	14.8946
2041	294.263	300.149	18.2548
2042	294.263	300.149	19.6909
2043	294.263	300.149	24.3718
2044	294.263	300.149	21.4327
2045	294.263	300.149	25.1587
2046	293.493	299.825	28.4447
2047	293.493	299.363	37.0603
2048	293.493	299.363	38.9039
2049	293.493	299.363	21.8517
2050	293.493	299.363	38.7246
2051	293.493	299.363	36.2357
2052	293.493	299.363	22.4024
2053	293.493	299.363	26.1211
2054	293.493	299.363	27.8537
2055	293.493	299.363	28.8148
2056	293.493	299.363	17.6518
2057	293.493	299.363	18.9001
2058	293.493	299.363	32.6412
2059	293.493	299.363	33.7171
2060	293.493	299.363	13.1922
2061	293.493	299.363	20.4881
2062	293.493	299.363	24.7226
2063	293.493	299.363	27.2348
2064	293.493	299.363	21.5962
2065	293.493	299.363	31.2342
2066	293.493	299.363	46.0991
2067	293.493	299.363	30.1239
2068	293.493	299.363	24.8702
2069	293.493	299.363	24.5418
2070	293.493	299.363	24.3126
2071	293.493	299.363	39.1384
2072	293.493	299.363	29.5764
2073	293.493	299.363	24.7777
2074	293.493	299.363	27.4018
2075	293.493	299.363	28.8356
2076	293.493	299.363	50.4684
2077	293.493	299.363	34.6933
2078	293.493	299.363	30.7907
2079	293.493	299.363	32.6149
2080	293.493	299.363	31.8077
2081	293.493	299.363	50.9899
2082	293.493	299.363	31.9591
2083	293.493	299.363	31.8517
2084	293.493	299.363	38.2505
2085	293.493	299.363	43.6407
2086	293.493	299.363	39.6209
2087	293.493	299.363	39.0471
2088	293.493	299.363	37.3566
2089	293.493	299.363	40.7683
2090	293.493	299.363	41.2614
2091	293.493	299.363	48.0385
2092	293.493	299.363	42.5821
2093	293.493	299.363	53.6536
2094	293.493	299.363	49.2106
2095	293.493	299.363	58.4239
2096	293.493	299.363	38.5561
2097	293.493	299.363	18.5827
2098	293.493	299.363	21.3511
2099	293.493	299.363	28.2305
2100	293.493	299.363	38.3022
2101	293.493	299.363	38.8665
2102	293.493	299.363	38.608
2103	293.493	299.363	58.5292
2104	293.493	299.363	35.1124
2105	293.493	299.363	48.8216
2106	293.493	299.363	48.0962
2107	293.493	299.363	34.5294
2108	293.493	299.363	39.5224
2109	293.493	299.363	34.8513
2110	293.493	299.363	42.5368
2111	293.493	299.363	34.1918
2112	293.493	299.363	39.888
2113	293.493	299.363	32.8066
2114	293.493	299.363	36.5989
2115	293.493	299.363	37.1091
2116	293.493	299.363	36.534
2117	293.493	299.363	29.4673
2118	293.493	299.363	23.9984
2119	293.493	299.363	22.426
2120	293.493	299.363	42.5403
2121	293.493	299.363	40.6504
2122	293.493	299.363	40.3951
2123	293.493	299.363	35.4295
2124	293.493	299.363	16.5347
2125	293.493	299.363	16.3265
2126	293.493	299.363	31.2593
2127	293.493	299.363	29.7292
2128	293.493	299.363	30.468
2129	293.493	299.363	23.724
2130	293.493	299.363	25.1293
2131	293.493	299.363	28.0137
2132	293.493	299.363	18.0855
2133	293.493	299.363	46.6698
2134	293.493	299.363	34.8573
2135	293.493	299.363	26.424
2136	293.493	299.363	30.7215
2137	293.493	299.363	27.2643
2138	293.493	299.363	27.4829
2139	293.493	299.363	29.34
2140	293.493	299.363	46.02
2141	293.493	299.363	26.9614
2142	293.493	299.363	33.9921
2143	293.493	299.363	31.2512
2144	293.493	299.363	39.5494
2145	293.493	299.363	25.1345
2146	293.493	299.363	23.0099
2147	293.493	299.363	23.8356
2148	293.493	299.363	26.1058
2149	293.493	299.363	25.36
2150	293.493	299.363	26.7746
2151	293.493	299.363	31.7109
2152	293.493	299.363	28.207
2153	293.493	299.363	33.0718
2154	293.493	299.363	26.4304
2155	293.493	299.363	36.9459
2156	293.493	299.363	26.7054
2157	293.493	299.363	26.6725
2158	293.493	299.363	37.4296
2159	293.493	299.363	32.637
2160	293.493	299.363	36.3413
2161	293.493	299.363	43.8306
2162	293.493	299.363	45.4423
2163	293.493	299.363	32.9361
2164	293.493	299.363	40.3606
2165	293.493	299.363	35.4088
2166	293.493	299.363	25.3108
2167	293.493	299.363	32.2057
2168	293.493	299.363	31.4201
2169	293.493	299.363	36.6301
2170	293.493	299.363	29.4924
2171	293.493	299.363	38.3462
2172	293.493	299.363	31.4673
2173	293.493	299.363	32.5188
2174	293.493	299.363	23.7269
2175	293.493	299.363	24.2425
2176	293.493	299.363	20.8072
2177	293.493	299.363	22.3409
2178	293.493	299.363	21.0072
2179	293.493	299.363	29.6618
2180	293.493	299.363	29.1973
2181	293.493	299.363	21.0857
2182	293.493	299.363	23.0937
2183	293.493	299.363	23.6488
2184	293.493	299.363	24.4506
2185	293.493	299.363	22.5235
2186	293.493	299.363	24.3957
2187	293.493	299.363	30.3124
2188	293.493	299.363	31.4576
2189	293.493	299.363	40.6497
2190	293.493	299.363	39.2115
2191	293.493	299.363	37.9914
2192	293.493	299.363	30.3477
2193	293.493	299.363	20.658
2194	293.493	299.363	39.6422
2195	293.493	299.363	32.6861
2196	293.493	299.363	26.8521
2197	293.493	299.363	30.4529
2198	293.493	299.363	26.0438
2199	293.493	299.363	25.4172
2200	293.493	299.363	29.4374
2201	293.493	299.363	37.9754
2202	293.493	299.363	39.0462
2203	293.493	299.363	30.1461
2204	293.493	299.363	21.697
2205	293.493	299.363	42.6163
2206	293.493	299.363	34.4752
2207	293.493	299.363	44.6511
2208	293.493	299.363	33.5943
2209	293.493	299.363	33.5899
2210	293.493	299.363	41.3454
2211	293.493	299.363	33.4572
2212	293.493	299.363	42.9302
2213	293.493	299.363	31.7406
2214	293.493	299.363	40.1082
2215	293.493	299.363	28.5343
2216	293.493	299.363	33.3429
2217	293.493	299.363	31.5617
2218	293.493	299.363	37.4401
2219	293.493	299.363	43.4245
2220	293.493	299.363	30.1448
2221	293.493	299.363	29.4811
2222	293.493	299.363	30.2539
2223	293.493	299.363	34.3284
2224	293.493	299.363	27.3155
2225	293.493	299.363	19.9634
2226	293.493	299.363	16.5774
2227	293.493	299.363	13.8365
2228	293.493	299.363	36.3372
2229	293.493	299.363	30.129
2230	293.493	299.363	39.7988
2231	293.493	299.363	30.1148
2232	293.493	299.363	28.5282
2233	293.493	299.363	26.4451
2234	293.493	299.363	42.2451
2235	293.493	299.363	26.2974
2236	293.493	299.363	30.523
2237	293.493	299.363	31.721
2238	293.493	299.363	33.6378
2239	293.493	299.363	27.4142
2240	293.493	299.363	28.4835
2241	293.493	299.363	45.7477
2242	293.493	299.363	32.8213
2243	293.493	299.363	27.2899
2244	293.493	299.363	36.139
2245	293.493	299.363	34.0995
2246	293.493	299.363	31.6167
2247	293.493	299.363	27.8001
2248	293.493	299.363	33.9475
2249	293.493	299.363	21.1399
2250	293.493	299.363	21.5471
2251	293.493	299.363	23.5531
2252	293.493	299.363	30.4184
2253	293.493	299.363	34.2811
2254	293.493	299.363	19.7032
2255	293.493	299.363	22.2252
2256	293.493	299.363	20.9826
2257	293.493	299.363	35.9951
2258	293.493	299.363	41.7228
2259	293.493	299.363	30.7189
2260	293.493	299.363	30.3952
2261	293.493	299.363	44.1194
2262	293.493	299.363	31.4354
2263	293.493	299.363	30.0471
2264	293.493	299.363	10.3926
2265	293.493	299.363	21.0678
2266	293.493	299.363	26.081
2267	293.493	299.363	30.7441
2268	293.493	299.363	23.6026
2269	293.493	299.363	17.4613
2270	293.493	299.363	19.9404
2271	293.493	299.363	12.9854
2272	293.493	299.363	29.3816
2273	293.493	299.363	35.6998
2274	293.493	299.363	25.9283
2275	293.493	299.363	24.9463
2276	293.493	299.363	20.8338
2277	293.493	299.363	24.4128
2278	293.493	299.363	24.5696
2279	293.493	299.363	34.2377
2280	293.493	299.363	26.4134
2281	293.493	299.363	18.2019
2282	293.493	299.363	23.2602
2283	293.493	299.363	22.8584
2284	293.493	299.363	20.861
2285	293.493	299.363	34.8037
2286	293.493	299.363	23.6922
2287	293.493	299.363	25.1056
2288	293.493	299.363	29.3213
2289	293.493	299.363	27.3083
2290	293.493	299.363	27.9364
2291	293.493	299.363	33.4307
2292	293.493	299.363	30.9302
2293	293.493	299.363	32.7978
2294	293.493	299.363	30.1882
2295	293.493	299.363	23.1144
2296	293.493	299.363	33.1998
2297	293.493	299.363	31.7763
2298	293.493	299.363	26.0688
2299	293.493	299.363	27.8258
2300	293.493	299.363	26.4206
2301	293.493	299.363	35.2447
2302	293.493	299.363	40.2349
2303	293.493	299.363	34.6643
2304	293.493	299.363	38.5551
2305	293.493	299.363	28.3363
2306	293.493	299.363	30.0512
2307	293.493	299.363	31.4016
2308	293.493	299.363	10.9787
2309	293.493	299.363	22.34
2310	293.493	299.363	21.444
2311	293.493	299.363	23.4187
2312	293.493	299.363	21.1056
2313	293.493	299.363	13.5935
2314	293.493	299.363	23.8667
2315	293.493	299.363	21.6005
2316	293.493	299.363	32.6967
2317	293.493	299.363	28.6336
2318	293.493	299.363	21.2144
2319	293.493	299.363	29.5319
2320	293.493	299.363	16.0844
2321	293.493	299.363	21.7607
2322	293.493	299.363	18.1082
2323	293.493	299.363	16.0033
2324	293.493	299.363	22.0775
2325	293.493	299.363	26.5426
2326	293.493	299.363	22.2809
2327	293.493	299.363	34.0119
2328	293.493	299.363	26.5251
2329	293.493	299.363	25.8277
2330	293.493	299.363	26.0884
2331	293.493	299.363	30.5473
2332	293.493	299.363	25.1266
2333	293.493	299.363	31.5699
2334	293.493	299.363	29.7454
2335	293.493	299.363	26.8875
2336	293.493	299.363	22.4731
2337	293.493	299.363	29.8902
2338	293.493	299.363	30.08
2339	293.493	299.363	27.61
2340	293.493	299.363	32.165
2341	293.493	299.363	29.3598
2342	293.493	299.363	27.289
2343	293.493	299.363	34.7783
2344	293.493	299.363	27.1983
2345	293.493	299.363	30.0849
2346	293.493	299.363	30.164
2347	293.493	299.363	8.69138
2348	293.493	299.363	28.4376
2349	293.493	299.363	34.5844
2350	293.493	299.363	27.353
2351	293.493	299.363	37.0286
2352	293.493	299.363	30.2768
2353	293.493	299.363	27.7079
2354	293.493	299.363	29.153
2355	293.493	299.363	22.0688
2356	293.493	299.363	28.682
2357	293.493	299.363	55.1569
2358	293.493	299.363	33.9388
2359	293.493	299.363	30.4493
2360	293.493	299.363	23.4108
2361	293.493	299.363	28.9393
2362	293.493	299.363	37.1505
2363	293.493	299.363	28.1976
2364	293.493	299.363	41.7063
2365	293.493	299.363	53.1367
2366	293.493	299.363	47.2003
2367	293.493	299.363	29.3681
2368	293.493	299.363	42.3742
2369	293.493	299.363	31.1296
2370	293.493	299.363	25.1939
2371	293.493	299.363	21.6589
2372	293.493	299.363	32.0511
2373	293.493	299.363	35.6829
2374	293.493	299.363	27.951
2375	293.493	299.363	33.3609
2376	293.493	299.363	28.6573
2377	293.493	299.363	56.0572
2378	293.493	299.363	37.4432
2379	293.493	299.363	36.6608
2380	293.493	299.363	33.0262
2381	293.493	299.363	27.7122
2382	293.493	299.363	29.9499
2383	293.493	299.363	26.1043
2384	293.493	299.363	29.6008
2385	293.493	299.363	30.9652
2386	293.493	299.363	32.0012
2387	293.493	299.363	30.5119
2388	293.493	299.363	34.8396
2389	293.493	299.363	27.719
2390	293.493	299.363	49.0163
2391	293.493	299.363	35.4354
2392	293.493	299.363	34.7394
2393	293.493	299.363	25.9252
2394	293.493	299.363	26.4912
2395	293.493	299.363	20.1394
2396	293.493	299.363	20.197
2397	293.493	299.363	25.8972
2398	293.493	299.363	38.4704
2399	293.493	299.363	38.1314
2400	293.493	299.363	35.0217
2401	293.493	299.363	39.9868
2402	293.493	299.363	27.0437
2403	293.493	299.363	34.9527
2404	293.493	299.363	40.5219
2405	293.493	299.363	28.7462
2406	293.493	299.363	24.59
2407	293.493	299.363	25.8143
2408	293.493	299.363	28.5619
2409	293.493	299.363	17.8504
2410	293.493	299.363	46.1525
2411	293.493	299.363	35.4015
2412	293.493	299.363	25.6295
2413	293.493	299.363	24.1155
2414	293.493	299.363	20.1636
2415	293.493	299.363	24.9989
2416	293.493	299.363	19.5579
2417	293.493	299.363	34.3514
2418	293.493	299.363	24.7408
2419	293.493	299.363	22.0405
2420	293.493	299.363	22.3062
2421	293.493	299.363	24.3103
2422	293.493	299.363	19.9316
2423	293.493	299.363	28.7889
2424	293.493	299.363	27.1205
2425	293.493	299.363	30.3761
2426	293.493	299.363	29.3
2427	293.493	299.363	41.9761
2428	293.493	299.363	40.3386
2429	293.493	299.363	25.2533
2430	293.493	299.363	41.3229
2431	293.493	299.363	27.8964
2432	293.493	299.363	40.9548
2433	293.493	299.363	30.1577
2434	293.493	299.363	47.4417
2435	293.493	299.363	23.5749
2436	293.493	299.363	29.8324
2437	293.493	299.363	25.9414
2438	293.493	299.363	26.8033
2439	293.493	299.363	23.2104
2440	293.493	299.363	25.8861
2441	293.493	299.363	25.7039
2442	293.493	299.363	23.5815
2443	293.493	299.363	36.5644
2444	293.493	299.363	36.5999
2445	293.493	299.363	52.9994
2446	293.493	299.363	35.1735
2447	293.493	299.363	35.3807
2448	293.493	299.363	46.3192
2449	293.493	299.363	34.5869
2450	293.493	299.363	29.642
2451	293.493	299.363	44.3719
2452	293.493	299.363	13.9002
2453	293.493	299.363	24.8377
2454	293.493	299.363	23.4106
2455	293.493	299.363	30.8433
2456	293.493	299.363	32.6257
2457	293.493	299.363	25.7556
2458	293.493	299.363	30.8156
2459	293.493	299.363	25.1739
2460	293.493	299.363	32.6581
2461	293.493	299.363	31.0667
2462	293.493	299.363	33.9367
2463	293.493	299.363	29.5571
2464	293.493	299.363	25.8874
2465	293.493	299.363	42.9391
2466	293.493	299.363	23.3316
2467	293.493	299.363	22.8011
2468	293.493	299.363	23.8425
2469	293.493	299.363	18.1992
2470	293.493	299.363	33.8615
2471	293.493	299.363	19.4597
2472	293.493	299.363	16.1805
2473	293.493	299.363	20.8304
2474	293.493	299.363	36.0992
2475	293.493	299.363	38.1783
2476	293.493	299.363	23.7272
2477	293.493	299.363	22.4788
2478	293.493	299.363	36.2644
2479	293.493	299.363	59.3141
2480	293.493	299.363	43.119
2481	293.493	299.363	41.7302
2482	293.493	299.363	32.5656
2483	293.493	299.363	23.7335
2484	293.493	299.363	49.5391
2485	293.493	299.363	42.344
2486	293.493	299.363	33.9809
2487	293.493	299.363	33.8177
2488	293.493	299.363	43.3802
2489	293.493	299.363	24.2671
2490	293.493	299.363	29.7034
2491	293.493	299.363	43.0822
2492	293.493	299.363	40.9824
2493	293.493	299.363	24.4649
2494	293.493	299.363	26.9602
2495	293.493	299.363	24.7107
2496	293.493	299.363	18.3044
2497	293.493	299.363	37.0508
2498	293.493	299.363	28.8186
2499	293.493	299.363	23.6807
2500	293.493	299.363	27.0078
2501	293.493	299.363	32.6508
2502	293.493	299.363	22.5091
2503	293.493	299.363	24.9207
2504	293.493	299.363	26.1399
2505	293.493	299.363	10.4491
2506	293.493	299.363	24.5044
2507	293.493	299.363	25.4907
2508	293.493	299.363	21.9408
2509	293.493	299.363	26.4629
2510	293.493	299.363	24.2239
2511	293.493	299.363	23.5944
2512	293.493	299.363	23.0045
2513	293.493	299.363	31.6635
2514	293.493	299.363	19.9811
2515	293.493	299.363	49.1809
2516	293.493	299.363	38.7151
2517	293.493	299.363	34.204
2518	293.493	299.363	18.9503
2519	293.493	299.363	24.6656
2520	293.493	299.363	19.1347
2521	293.493	299.363	18.5043
2522	293.493	299.363	19.4245
2523	293.493	299.363	18.8188
2524	293.493	299.363	25.9926
2525	293.493	299.363	22.9842
2526	293.493	299.363	23.8416
2527	293.493	299.363	28.358
2528	293.493	299.363	24.5171
2529	293.493	299.363	21.8824
2530	293.493	299.363	30.5322
2531	293.493	299.363	36.5493
2532	293.493	299.363	31.2099
2533	293.493	299.363	24.6621
2534	293.493	299.363	32.4338
2535	293.493	299.363	25.8495
2536	293.493	299.363	28.5859
2537	293.493	299.363	32.0797
2538	293.493	299.363	39.7459
2539	293.493	299.363	39.3329
2540	293.493	299.363	34.1089
2541	293.493	299.363	37.7466
2542	293.493	299.363	29.6896
2543	293.493	299.363	31.6354
2544	293.493	299.363	51.3567
2545	293.493	299.363	28.5319
2546	293.493	299.363	34.1264
2547	293.493	299.363	24.8615
2548	293.493	299.363	39.1774
2549	293.493	299.363	25.1704
2550	293.493	299.363	45.6998
2551	293.493	299.363	25.7656
2552	293.493	299.363	32.1949
2553	293.493	299.363	37.4163
2554	293.493	299.363	32.7019
2555	293.493	299.363	27.3185
2556	293.493	299.363	31.404
2557	293.493	299.363	38.6405
2558	293.493	299.363	34.7828
2559	293.493	299.363	23.2839
2560	293.493	299.363	22.8917
2561	293.493	299.363	30.2666
2562	293.493	299.363	27.1099
2563	293.493	299.363	19.3363
2564	293.493	299.363	24.5594
2565	293.493	299.363	27.2549
2566	293.493	299.363	41.4734
2567	293.493	299.363	36.0725
2568	293.493	299.363	29.1609
2569	293.493	299.363	20.9132
2570	293.493	299.363	24.1165
2571	293.493	299.363	33.6764
2572	293.493	299.363	42.2676
2573	293.493	299.363	27.1484
2574	293.493	299.363	35.4939
2575	293.493	299.363	38.4476
2576	293.493	299.363	41.1317
2577	293.493	299.363	29.7311
2578	293.493	299.363	25.8078
2579	293.493	299.363	31.0451
2580	293.493	299.363	32.9272
2581	293.493	299.363	40.6035
2582	293.493	299.363	43.5051
2583	293.493	299.363	35.6666
2584	293.493	299.363	30.1087
2585	293.493	299.363	36.2324
2586	293.493	299.363	23.2031
2587	293.493	299.363	23.3504
2588	293.493	299.363	31.7323
2589	293.493	299.363	23.8828
2590	293.493	299.363	24.6917
2591	293.493	299.363	32.1171
2592	293.493	299.363	30.0484
2593	293.493	299.363	23.8498
2594	293.493	299.363	23.9447
2595	293.493	299.363	37.71
2596	293.493	299.363	26.8477
2597	293.493	299.363	30.9104
2598	293.493	299.363	30.7747
2599	293.493	299.363	30.8992
2600	293.493	299.363	34.5221
2601	293.493	299.363	28.7687
2602	293.493	299.363	24.3377
2603	293.493	299.363	43.8512
2604	293.493	299.363	27.1084
2605	293.493	299.363	27.8928
2606	293.493	299.363	28.7256
2607	293.493	299.363	29.8956
2608	293.493	299.363	22.9063
2609	293.493	299.363	30.632
2610	293.493	299.363	21.1611
2611	293.493	299.363	33.7724
2612	293.493	299.363	47.1255
2613	293.493	299.363	28.8725
2614	293.493	299.363	40.4357
2615	293.493	299.363	40.3937
2616	293.493	299.363	22.7232
2617	293.493	299.363	31.344
2618	293.493	299.363	30.6756
2619	293.493	299.363	27.3993
2620	293.493	299.363	19.571
2621	293.493	299.363	22.2546
2622	293.493	299.363	20.7752
2623	293.493	299.363	36.1646
2624	293.493	299.363	22.7971
2625	293.493	299.363	35.0207
2626	293.493	299.363	43.0466
2627	293.493	299.363	31.7271
2628	293.493	299.363	21.3283
2629	293.493	299.363	17.0609
2630	293.493	299.363	36.1435
2631	293.493	299.363	57.6033
2632	293.493	299.363	28.0093
2633	293.493	299.363	38.3312
2634	293.493	299.363	32.4069
2635	293.493	299.363	45.3683
2636	293.493	299.363	34.5322
2637	293.493	299.363	33.9648
2638	293.493	299.363	29.792
2639	293.493	299.363	27.065
2640	293.493	299.363	24.3039
2641	293.493	299.363	23.6958
2642	293.493	299.363	42.46
2643	293.493	299.363	37.4538
2644	293.493	299.363	38.6673
2645	293.493	299.363	31.6812
2646	293.493	299.363	33.9779
2647	293.493	299.363	33.3257
2648	293.493	299.363	38.0912
2649	293.493	299.363	34.9288
2650	293.493	299.363	38.4514
2651	293.493	299.363	30.2784
2652	293.493	299.363	29.3315
2653	293.493	299.363	32.1508
2654	293.493	299.363	31.2008
2655	293.493	299.363	27.2918
2656	293.493	299.363	28.4307
2657	293.493	299.363	25.6402
2658	293.493	299.363	32.2516
2659	293.493	299.363	27.5273
2660	293.493	299.363	25.301
2661	293.493	299.363	28.2595
2662	293.493	299.363	23.8545
2663	293.493	299.363	23.5306
2664	293.493	299.363	26.3456
2665	293.493	299.363	22.3184
2666	293.493	299.363	23.6398
2667	293.493	299.363	19.3851
2668	293.493	299.363	13.962
2669	293.493	299.363	27.1535
2670	293.493	299.363	11.9239
2671	293.493	299.363	21.3269
2672	293.493	299.363	17.0502
2673	293.493	299.363	21.729
2674	293.493	299.363	37.5898
2675	293.493	299.363	31.6398
2676	293.493	299.363	29.8544
2677	293.493	299.363	31.4299
2678	293.493	299.363	21.6297
2679	293.493	299.363	24.1502
2680	293.493	299.363	33.6529
2681	293.493	299.363	26.0592
2682	293.493	299.363	28.3963
2683	293.493	299.363	24.1201
2684	293.493	299.363	24.0246
2685	293.493	299.363	42.7858
2686	293.493	299.363	46.3615
2687	293.493	299.363	32.4195
2688	293.493	299.363	25.8865
2689	293.493	299.363	23.9235
2690	293.493	299.363	27.4795
2691	293.493	299.363	34.3332
2692	293.493	299.363	20.1117
2693	293.493	299.363	23.6995
2694	293.493	299.363	21.6573
2695	293.493	299.363	44.96
2696	293.493	299.363	26.041
2697	293.493	299.363	28.8843
2698	293.493	299.363	28.6089
2699	293.493	299.363	21.6411
2700	293.493	299.363	17.5793
2701	293.493	299.363	30.7321
2702	293.493	299.363	22.2226
2703	293.493	299.363	22.5025
2704	293.493	299.363	33.6361
2705	293.493	299.363	32.1247
2706	293.493	299.363	35.1898
2707	293.493	299.363	26.7928
2708	293.493	299.363	44.5405
2709	293.493	299.363	26.7712
2710	293.493	299.363	39.8812
2711	293.493	299.363	37.0375
2712	293.493	299.363	25.292
2713	293.493	299.363	24.0779
2714	293.493	299.363	42.9872
2715	293.493	299.363	28.2682
2716	293.493	299.363	29.67
2717	293.493	299.363	34.3253
2718	293.493	299.363	27.7981
2719	293.493	299.363	38.5127
2720	293.493	299.363	26.1512
2721	293.493	299.363	31.4504
2722	293.493	299.363	34.2291
2723	293.493	299.363	32.9805
2724	293.493	299.363	24.9284
2725	293.493	299.363	22.2854
2726	293.493	299.363	30.1317
2727	293.493	299.363	31.4941
2728	293.493	299.363	38.4206
2729	293.493	299.363	36.3506
2730	293.493	299.363	42.7427
2731	293.493	299.363	18.8964
2732	293.493	299.363	21.553
2733	293.493	299.363	22.8963
2734	293.493	299.363	26.9951
2735	293.493	299.363	35.0792
2736	293.493	299.363	38.011
2737	293.493	299.363	25.9591
2738	293.493	299.363	23.9276
2739	293.493	299.363	29.3007
2740	293.493	299.363	20.0168
2741	293.493	299.363	33.453
2742	293.493	299.363	41.7067
2743	293.493	299.363	31.1956
2744	293.493	299.363	41.9136
2745	293.493	299.363	29.392
2746	293.493	299.363	30.4703
2747	293.493	299.363	37.4735
2748	293.493	299.363	44.804
2749	293.493	299.363	44.5279
2750	293.493	299.363	45.1275
2751	293.493	299.363	26.5084
2752	293.493	299.363	32.7452
2753	293.493	299.363	28.7534
2754	293.493	299.363	22.4171
2755	293.493	299.363	33.7024
2756	293.493	299.363	33.9131
2757	293.493	299.363	26.2655
2758	293.493	299.363	31.5294
2759	293.493	299.363	32.6896
2760	293.493	299.363	27.4986
2761	293.493	299.363	26.3646
2762	293.493	299.363	38.6652
2763	293.493	299.363	43.6006
2764	293.493	299.363	28.4187
2765	293.493	299.363	29.3966
2766	293.493	299.363	20.262
2767	293.493	299.363	18.2458
2768	293.493	299.363	31.9757
2769	293.493	299.363	29.9784
2770	293.493	299.363	26.7829
2771	293.493	299.363	27.88
2772	293.493	299.363	26.5158
2773	293.493	299.363	21.4799
2774	293.493	299.363	20.888
2775	293.493	299.363	27.0441
2776	293.493	299.363	19.015
2777	293.493	299.363	34.7967
2778	293.493	299.363	59.8253
2779	293.493	299.363	34.6136
2780	293.493	299.363	40.9997
2781	293.493	299.363	36.4284
2782	293.493	299.363	35.5626
2783	293.493	299.363	35.9743
2784	293.493	299.363	40.4004
2785	293.493	299.363	39.3931
2786	293.493	299.363	40.3486
2787	293.493	299.363	36.3702
2788	293.493	299.363	36.7665
2789	293.493	299.363	40.8805
2790	293.493	299.363	39.7833
2791	293.493	299.363	38.3619
2792	293.493	299.363	42.7551
2793	293.493	299.363	29.612
2794	293.493	299.363	36.8509
2795	293.493	299.363	27.409
2796	293.493	299.363	32.1572
2797	293.493	299.363	24.8482
2798	293.493	299.363	40.6287
2799	293.493	299.363	24.8632
2800	293.493	299.363	33.6105
2801	293.493	299.363	45.4709
2802	293.493	299.363	44.7531
2803	293.493	299.363	38.7165
2804	293.493	299.363	47.9149
2805	293.493	299.363	26.0474
2806	293.493	299.363	32.6653
2807	293.493	299.363	36.7108
2808	293.493	299.363	21.2136
2809	293.493	299.363	28.0888
2810	293.493	299.363	28.418
2811	293.493	299.363	27.1331
2812	293.493	299.363	27.2855
2813	293.493	299.363	23.2216
2814	293.493	299.363	23.739
2815	293.493	299.363	25.6414
2816	293.493	299.363	32.4176
2817	293.493	299.363	37.4413
2818	293.493	299.363	26.5103
2819	293.493	299.363	35.9533
2820	293.493	299.363	37.3318
2821	293.493	299.363	36.7506
2822	293.493	299.363	33.4507
2823	293.493	299.363	25.2633
2824	293.493	299.363	30.2449
2825	293.493	299.363	29.9282
2826	293.493	299.363	28.4661
2827	293.493	299.363	30.003
2828	293.493	299.363	18.6602
2829	293.493	299.363	39.101
2830	293.493	299.363	25.266
2831	293.493	299.363	14.3733
2832	293.493	299.363	29.8735
2833	293.493	299.363	31.968
2834	293.493	299.363	30.8784
2835	293.493	299.363	28.0764
2836	293.493	299.363	26.5127
2837	293.493	299.363	24.3655
2838	293.493	299.363	36.1238
2839	293.493	299.363	24.6792
2840	293.493	299.363	20.9822
2841	293.493	299.363	21.9302
2842	293.493	299.363	23.1655
2843	293.493	299.363	26.7195
2844	293.493	299.363	18.2527
2845	293.493	299.363	24.7028
2846	293.493	299.363	33.1052
2847	293.493	299.363	31.3316
2848	293.493	299.363	23.6011
2849	293.493	299.363	32.6345
2850	293.493	299.363	29.2713
2851	293.493	299.363	26.7242
2852	293.493	299.363	20.9848
2853	293.493	299.363	31.4258
2854	293.493	299.363	24.1724
2855	293.493	299.363	35.1617
2856	293.493	299.363	32.9049
2857	293.493	299.363	27.2099
2858	293.493	299.363	23.4578
2859	293.493	299.363	28.2932
2860	293.493	299.363	30.332
2861	293.493	299.363	22.8614
2862	293.493	299.363	30.7323
2863	293.493	299.363	27.4369
2864	293.493	299.363	21.0122
2865	293.493	299.363	22.2451
2866	293.493	299.363	25.3925
2867	293.493	299.363	29.7113
2868	293.493	299.363	21.433
2869	293.493	299.363	22.5275
2870	293.493	299.363	21.6672
2871	293.493	299.363	37.0128
2872	293.493	299.363	36.1281
2873	293.493	299.363	7.24224
2874	293.493	299.363	11.9928
2875	293.493	299.363	17.5444
2876	293.493	299.363	22.1857
2877	293.493	299.363	26.0902
2878	293.493	299.363	33.3295
2879	293.493	299.363	31.5057
2880	293.493	299.363	32.6308
2881	293.493	299.363	28.7712
2882	293.493	299.363	31.5626
2883	293.493	299.363	22.52
2884	293.493	299.363	30.0217
2885	293.493	299.363	29.2059
2886	293.493	299.363	23.4585
2887	293.493	299.363	25.8041
2888	293.493	299.363	37.9097
2889	293.493	299.363	27.9183
2890	293.493	299.363	33.1823
2891	293.493	299.363	33.8364
2892	293.493	299.363	41.2407
2893	293.493	299.363	28.1332
2894	293.493	299.363	34.7413
2895	293.493	299.363	33.3366
2896	293.493	299.363	27.0569
2897	293.493	299.363	31.1918
2898	293.493	299.363	40.4026
2899	293.493	299.363	35.3699
2900	293.493	299.363	31.3227
2901	293.493	299.363	27.2875
2902	293.493	299.363	45.0217
2903	293.493	299.363	29.8996
2904	293.493	299.363	26.6118
2905	293.493	299.363	25.623
2906	293.493	299.363	36.7706
2907	293.493	299.363	48.2058
2908	293.493	299.363	34.7762
2909	293.493	299.363	27.2922
2910	293.493	299.363	29.4604
2911	293.493	299.363	27.9934
2912	293.493	299.363	32.9725
2913	293.493	299.363	33.2989
2914	293.493	299.363	34.7228
2915	293.493	299.363	41.8375
2916	293.493	299.363	25.9628
2917	293.493	299.363	27.8425
2918	293.493	299.363	26.7334
2919	293.493	299.363	23.0448
2920	293.493	299.363	25.3316
2921	293.493	299.363	26.3355
2922	293.493	299.363	43.6196
2923	293.493	299.363	35.4442
2924	293.493	299.363	36.3607
2925	293.493	299.363	35.3952
2926	293.493	299.363	18.9671
2927	293.493	299.363	25.9112
2928	293.493	299.363	32.4639
2929	293.493	299.363	33.0045
2930	293.493	299.363	33.3173
2931	293.493	299.363	23.9639
2932	293.493	299.363	21.7648
2933	293.493	299.363	27.7361
2934	293.493	299.363	29.0836
2935	293.493	299.363	38.5984
2936	293.493	299.363	34.1203
2937	293.493	299.363	25.4426
2938	293.493	299.363	26.1826
2939	293.493	299.363	26.012
2940	293.493	299.363	34.4831
2941	293.493	299.363	31.0584
2942	293.493	299.363	28.7763
2943	293.493	299.363	25.2792
2944	293.493	299.363	28.9745
2945	293.493	299.363	19.2581
2946	293.493	299.363	26.9792
2947	293.493	299.363	21.9471
2948	293.493	299.363	33.8471
2949	293.493	299.363	30.3233
2950	293.493	299.363	39.8391
2951	293.493	299.363	20.9445
2952	293.493	299.363	25.5349
2953	293.493	299.363	21.3877
2954	293.493	299.363	14.7622
2955	293.493	299.363	35.2233
2956	293.493	299.363	22.6037
2957	293.493	299.363	26.1206
2958	293.493	299.363	32.1464
2959	293.493	299.363	27.1973
2960	293.493	299.363	28.2501
2961	293.493	299.363	30.0657
2962	293.493	299.363	35.173
2963	293.493	299.363	20.8078
2964	293.493	299.363	36.0696
2965	293.493	299.363	28.5564
2966	293.493	299.363	31.9737
2967	293.493	299.363	37.1937
2968	293.493	299.363	28.2042
2969	293.493	299.363	30.3083
2970	293.493	299.363	27.332
2971	293.493	299.363	30.6638
2972	293.493	299.363	25.81
2973	293.493	299.363	37.0241
2974	293.493	299.363	19.3656
2975	293.493	299.363	35.9709
2976	293.493	299.363	30.2337
2977	293.493	299.363	24.7737
2978	293.493	299.363	29.1099
2979	293.493	299.363	18.0674
2980	293.493	299.363	20.7565
2981	293.493	299.363	21.657
2982	293.493	299.363	31.6028
2983	293.493	299.363	18.7435
2984	293.493	299.363	16.7773
2985	293.493	299.363	21.6565
2986	293.493	299.363	25.3189
2987	293.493	299.363	19.2068
2988	293.493	299.363	28.4809
2989	293.493	299.363	27.9682
2990	293.493	299.363	40.7074
2991	293.493	299.363	28.1205
2992	293.493	299.363	35.6495
2993	293.493	299.363	35.7979
2994	293.493	299.363	22.4032
2995	293.493	299.363	20.8101
2996	293.493	299.363	35.903
2997	293.493	299.363	30.4493
2998	293.493	299.363	31.321
2999	293.493	299.363	34.2193
