           1    -3.34918    -3.34918           0
           2    -3.35154    -3.35036 0.000833571
           3    -3.35125    -3.35066 0.000605834
           4    -3.35079    -3.35069 0.000455334
           5    -3.34958    -3.35047 0.000414645
           6    -3.34946     -3.3503 0.000378076
           7    -3.35019    -3.35029 0.000324369
           8    -3.34964     -3.3502 0.000293777
           9    -3.35126    -3.35032 0.000283416
          10    -3.35032    -3.35032 0.000255074
          11    -3.35187    -3.35046 0.000268076
          12    -3.34866    -3.35031 0.000284551
          13    -3.34891     -3.3502 0.000282457
          14    -3.34746    -3.35001 0.000323076
          15    -3.34976    -3.34999 0.000301955
          16    -3.34853     -3.3499 0.000296542
          17    -3.34921    -3.34986 0.000281833
          18    -3.35095    -3.34992 0.000272574
          19    -3.34961     -3.3499 0.000258705
          20    -3.34978     -3.3499 0.000245839
          21    -3.35027    -3.34992 0.000234775
          22    -3.35034    -3.34994 0.000224902
          23    -3.35091    -3.34998 0.000219078
          24    -3.35086    -3.35001 0.000213006
          25    -3.35056    -3.35004 0.000205591
          26    -3.35218    -3.35012 0.000213577
          27    -3.34921    -3.35008 0.000208292
          28    -3.34905    -3.35005 0.000204081
          29    -3.34938    -3.35002 0.000198359
          30    -3.34883    -3.34999   0.0001957
          31    -3.35065    -3.35001 0.000190546
          32    -3.34811    -3.34995 0.000193631
          33    -3.34733    -3.34987 0.000203377
          34    -3.34824    -3.34982 0.000202954
          35    -3.34893    -3.34979 0.000198755
          36    -3.34982    -3.34979 0.000193235
          37     -3.3501     -3.3498 0.000188185
          38    -3.35024    -3.34981  0.00018359
          39    -3.34945    -3.34981 0.000179127
          40    -3.34896    -3.34978 0.000175885
          41    -3.34955    -3.34978 0.000171688
          42      -3.349    -3.34976 0.000168599
          43    -3.34977    -3.34976 0.000164678
          44     -3.3497    -3.34976 0.000160942
          45     -3.3494    -3.34975 0.000157564
          46    -3.34962    -3.34975 0.000154164
          47    -3.35307    -3.34982 0.000166264
          48    -3.35006    -3.34982 0.000162879
          49    -3.34989    -3.34982  0.00015956
          50    -3.34994    -3.34983 0.000156386
          51    -3.35024    -3.34984 0.000153529
          52    -3.35109    -3.34986 0.000152447
          53    -3.35033    -3.34987 0.000149825
          54    -3.34922    -3.34986 0.000147529
          55    -3.34793    -3.34982 0.000148936
          56    -3.35046    -3.34983 0.000146716
          57    -3.35029    -3.34984 0.000144365
          58    -3.34954    -3.34984 0.000141969
          59    -3.35123    -3.34986 0.000141503
          60    -3.35023    -3.34987 0.000139277
          61    -3.35062    -3.34988 0.000137548
          62    -3.34959    -3.34987 0.000135406
          63    -3.34991    -3.34987 0.000133258
          64    -3.34915    -3.34986 0.000131656
          65    -3.34946    -3.34986 0.000129777
          66    -3.35071    -3.34987 0.000128453
          67    -3.34911    -3.34986  0.00012703
          68    -3.34896    -3.34984 0.000125841
          69    -3.34883    -3.34983 0.000124873
          70     -3.3496    -3.34983 0.000123133
          71     -3.3496    -3.34982 0.000121441
          72    -3.35045    -3.34983 0.000120061
          73    -3.34965    -3.34983 0.000118441
          74    -3.35087    -3.34984 0.000117667
          75    -3.34804    -3.34982 0.000118539
          76    -3.35191    -3.34985 0.000120123
          77    -3.35069    -3.34986 0.000119056
          78     -3.3513    -3.34988  0.00011896
          79    -3.35076    -3.34989 0.000117974
          80    -3.34982    -3.34989 0.000116503
          81    -3.35055    -3.34989 0.000115348
          82    -3.35062     -3.3499 0.000114281
          83    -3.35123    -3.34992 0.000114011
          84     -3.3517    -3.34994 0.000114602
          85    -3.34905    -3.34993 0.000113733
          86     -3.3497    -3.34993 0.000112441
          87     -3.3503    -3.34993 0.000111231
          88    -3.35087    -3.34994  0.00011048
          89    -3.35091    -3.34995 0.000109767
          90    -3.35099    -3.34997 0.000109154
          91    -3.34995    -3.34996 0.000107955
          92    -3.34953    -3.34996 0.000106885
          93     -3.3491    -3.34995 0.000106136
          94    -3.34961    -3.34995 0.000105069
          95    -3.34967    -3.34994 0.000104004
          96    -3.35078    -3.34995 0.000103284
          97       -3.35    -3.34995  0.00010222
          98    -3.34833    -3.34994 0.000102506
          99     -3.3512    -3.34995 0.000102259
         100    -3.34965    -3.34995 0.000101281
         101     -3.3498    -3.34995 0.000100289
         102    -3.35075    -3.34995 9.96159e-05
         103     -3.3489    -3.34994 9.91711e-05
         104    -3.34921    -3.34994 9.84684e-05
         105    -3.34917    -3.34993 9.78029e-05
         106    -3.35026    -3.34993 9.69301e-05
         107    -3.35043    -3.34994 9.61371e-05
         108     -3.3482    -3.34992 9.65864e-05
         109    -3.34873    -3.34991 9.63206e-05
         110    -3.35052    -3.34991 9.56058e-05
         111    -3.34963    -3.34991 9.47791e-05
         112    -3.35065    -3.34992 9.41601e-05
         113    -3.34884    -3.34991 9.38136e-05
         114     -3.3476    -3.34989 9.51487e-05
         115    -3.34931    -3.34988 9.44525e-05
         116    -3.34771    -3.34987 9.54769e-05
         117    -3.35026    -3.34987 9.47205e-05
         118    -3.34996    -3.34987 9.39208e-05
         119     -3.3495    -3.34987 9.31822e-05
         120    -3.35214    -3.34989 9.43091e-05
         121    -3.35258    -3.34991 9.61266e-05
         122     -3.3499    -3.34991 9.53387e-05
         123    -3.34859     -3.3499 9.51628e-05
         124    -3.34996     -3.3499 9.43967e-05
         125    -3.34926    -3.34989 9.37791e-05
         126    -3.35102     -3.3499 9.34598e-05
         127    -3.35072    -3.34991  9.2946e-05
         128    -3.35094    -3.34992 9.25711e-05
         129    -3.35014    -3.34992 9.18693e-05
         130     -3.3483     -3.3499 9.20064e-05
         131    -3.35082    -3.34991  9.1566e-05
         132    -3.35005    -3.34991 9.08784e-05
         133    -3.35025    -3.34992 9.02295e-05
         134    -3.35036    -3.34992 8.96161e-05
         135    -3.35023    -3.34992 8.89829e-05
         136    -3.35031    -3.34992 8.83735e-05
         137    -3.34909    -3.34992 8.79391e-05
         138    -3.35055    -3.34992 8.74229e-05
         139    -3.35077    -3.34993 8.70047e-05
         140    -3.34938    -3.34992 8.64719e-05
         141    -3.34824    -3.34991 8.66788e-05
         142    -3.34861     -3.3499 8.65522e-05
         143    -3.34963     -3.3499 8.59673e-05
         144    -3.34792    -3.34989 8.64645e-05
         145    -3.34937    -3.34988 8.59409e-05
         146    -3.34717    -3.34987 8.73411e-05
         147    -3.34818    -3.34985 8.74973e-05
         148    -3.34896    -3.34985 8.71137e-05
         149    -3.34844    -3.34984 8.70378e-05
         150    -3.34814    -3.34983 8.71921e-05
         151    -3.34924    -3.34982  8.6701e-05
         152    -3.34979    -3.34982 8.61309e-05
         153    -3.35056    -3.34983 8.57007e-05
         154     -3.3504    -3.34983 8.52244e-05
         155    -3.35057    -3.34984 8.48082e-05
         156    -3.35111    -3.34984 8.46544e-05
         157    -3.34864    -3.34984 8.44643e-05
         158    -3.35118    -3.34985 8.43533e-05
         159    -3.35135    -3.34985 8.43507e-05
         160    -3.34936    -3.34985 8.38792e-05
         161    -3.35122    -3.34986 8.37899e-05
         162     -3.3498    -3.34986 8.32736e-05
         163    -3.35206    -3.34987 8.38522e-05
         164    -3.35166    -3.34988 8.40438e-05
         165    -3.35266     -3.3499 8.51969e-05
         166     -3.3499     -3.3499 8.46837e-05
         167    -3.34981     -3.3499 8.41783e-05
         168    -3.34987     -3.3499 8.36774e-05
         169    -3.35121    -3.34991 8.35381e-05
         170    -3.35035    -3.34991 8.30869e-05
         171    -3.34997    -3.34991 8.26018e-05
         172    -3.35024    -3.34991 8.21439e-05
         173    -3.34894    -3.34991 8.18627e-05
         174     -3.3493     -3.3499 8.14655e-05
         175    -3.34832    -3.34989  8.1501e-05
         176    -3.34882    -3.34989 8.12663e-05
         177    -3.35014    -3.34989 8.08194e-05
         178    -3.34773    -3.34988 8.12745e-05
         179    -3.34551    -3.34985 8.44034e-05
         180    -3.35005    -3.34985 8.39413e-05
         181    -3.34849    -3.34985 8.38138e-05
         182    -3.34996    -3.34985 8.33556e-05
         183    -3.35086    -3.34985 8.30825e-05
         184    -3.34965    -3.34985 8.26383e-05
         185    -3.35145    -3.34986 8.26395e-05
         186    -3.34838    -3.34985  8.2577e-05
         187    -3.34927    -3.34985  8.2194e-05
         188    -3.34891    -3.34984 8.19096e-05
         189     -3.3521    -3.34986 8.23429e-05
         190    -3.34987    -3.34986 8.19095e-05
         191    -3.34987    -3.34986 8.14807e-05
         192    -3.35161    -3.34987 8.15675e-05
         193    -3.34791    -3.34986 8.17721e-05
         194    -3.35047    -3.34986 8.14115e-05
         195    -3.35134    -3.34987 8.13487e-05
         196    -3.35171    -3.34988 8.14757e-05
         197    -3.35122    -3.34988 8.13483e-05
         198    -3.35041    -3.34989 8.09808e-05
         199    -3.35018    -3.34989 8.05871e-05
         200    -3.34899    -3.34988 8.03085e-05
         201    -3.34844    -3.34988 8.02293e-05
         202    -3.34977    -3.34987 7.98339e-05
         203    -3.34877    -3.34987 7.96252e-05
         204    -3.34922    -3.34987  7.9298e-05
         205    -3.34878    -3.34986 7.90871e-05
         206    -3.35074    -3.34987 7.88195e-05
         207     -3.3502    -3.34987 7.84548e-05
         208    -3.34981    -3.34987 7.80781e-05
         209    -3.35039    -3.34987 7.77451e-05
         210    -3.35077    -3.34987 7.74924e-05
         211    -3.35048    -3.34988 7.71784e-05
         212    -3.35051    -3.34988 7.68727e-05
         213    -3.34988    -3.34988 7.65118e-05
         214    -3.34917    -3.34988 7.62268e-05
         215    -3.34944    -3.34987 7.58995e-05
         216    -3.35042    -3.34988  7.5591e-05
         217    -3.35111    -3.34988 7.54552e-05
         218    -3.34906    -3.34988 7.52041e-05
         219    -3.34926    -3.34988 7.49131e-05
         220     -3.3494    -3.34987 7.46035e-05
         221    -3.34815    -3.34987 7.46703e-05
         222    -3.35039    -3.34987 7.43711e-05
         223    -3.34961    -3.34987 7.40466e-05
         224    -3.34916    -3.34986 7.37836e-05
         225    -3.35249    -3.34988 7.43702e-05
         226    -3.34995    -3.34988 7.40419e-05
         227    -3.34738    -3.34986 7.45275e-05
         228    -3.35173    -3.34987 7.46495e-05
         229    -3.35088    -3.34988 7.44529e-05
         230    -3.34996    -3.34988 7.41301e-05
         231    -3.34904    -3.34987 7.38969e-05
         232    -3.35164    -3.34988 7.39678e-05
         233    -3.35111    -3.34989 7.38367e-05
         234    -3.34972    -3.34989 7.35246e-05
         235     -3.3505    -3.34989 7.32575e-05
         236     -3.3486    -3.34988 7.31491e-05
         237    -3.34923    -3.34988 7.28917e-05
         238    -3.34875    -3.34988 7.27396e-05
         239    -3.35076    -3.34988 7.25282e-05
         240    -3.34913    -3.34988 7.22936e-05
         241    -3.34941    -3.34987 7.20197e-05
         242    -3.35037    -3.34988 7.17516e-05
         243    -3.34964    -3.34988 7.14627e-05
         244    -3.34804    -3.34987 7.15662e-05
         245    -3.34824    -3.34986 7.15837e-05
         246    -3.34736    -3.34985 7.20139e-05
         247    -3.34975    -3.34985 7.17235e-05
         248    -3.34833    -3.34984 7.16955e-05
         249     -3.3493    -3.34984 7.14411e-05
         250    -3.34844    -3.34984 7.13748e-05
         251    -3.34866    -3.34983 7.12455e-05
         252    -3.34876    -3.34983 7.10895e-05
         253    -3.34968    -3.34983 7.08108e-05
         254    -3.34944    -3.34983 7.05483e-05
         255    -3.35071    -3.34983  7.0356e-05
         256    -3.34919    -3.34983 7.01251e-05
         257    -3.35117    -3.34983  7.0047e-05
         258    -3.34923    -3.34983 6.98137e-05
         259    -3.34773    -3.34982 7.00148e-05
         260    -3.35083    -3.34983 6.98529e-05
         261    -3.34962    -3.34982 6.95897e-05
         262    -3.35074    -3.34983  6.9411e-05
         263    -3.34944    -3.34983 6.91629e-05
         264    -3.34891    -3.34982 6.89889e-05
         265    -3.35264    -3.34983  6.9545e-05
         266    -3.34903    -3.34983 6.93495e-05
         267    -3.34796    -3.34982  6.9443e-05
         268    -3.35007    -3.34982 6.91898e-05
         269    -3.34871    -3.34982 6.90559e-05
         270    -3.34952    -3.34982 6.88092e-05
         271    -3.34853    -3.34981 6.87194e-05
         272     -3.3497    -3.34981 6.84682e-05
         273    -3.35048    -3.34982 6.82608e-05
         274    -3.34881    -3.34981 6.81103e-05
         275    -3.34926    -3.34981 6.78921e-05
         276     -3.3509    -3.34981 6.77606e-05
         277    -3.34923    -3.34981 6.75484e-05
         278    -3.35053    -3.34982  6.7354e-05
         279    -3.34948    -3.34981 6.71231e-05
         280    -3.34855    -3.34981 6.70359e-05
         281     -3.3508    -3.34981 6.68905e-05
         282    -3.35055    -3.34982 6.67043e-05
         283    -3.35034    -3.34982 6.64944e-05
         284    -3.34903    -3.34981 6.63176e-05
         285    -3.34973    -3.34981 6.60856e-05
         286    -3.34891    -3.34981 6.59299e-05
         287    -3.34842    -3.34981 6.58794e-05
         288    -3.34894     -3.3498  6.5719e-05
         289    -3.34753     -3.3498 6.59591e-05
         290     -3.3512     -3.3498   6.591e-05
         291     -3.3496     -3.3498 6.56872e-05
         292    -3.34972     -3.3498 6.54628e-05
         293    -3.35061     -3.3498 6.52972e-05
         294     -3.3521    -3.34981 6.55427e-05
         295    -3.35204    -3.34982 6.57549e-05
         296    -3.34835    -3.34981 6.57198e-05
         297    -3.34754    -3.34981  6.5942e-05
         298    -3.34965     -3.3498 6.57226e-05
         299    -3.34904     -3.3498 6.55523e-05
         300    -3.34729    -3.34979 6.58651e-05
         301    -3.35112     -3.3498 6.57934e-05
         302    -3.34923     -3.3498 6.56024e-05
         303    -3.34869    -3.34979 6.54878e-05
         304    -3.35159     -3.3498 6.55383e-05
         305    -3.35268    -3.34981     6.6e-05
         306    -3.34941    -3.34981 6.57973e-05
         307       -3.35    -3.34981 6.55861e-05
         308    -3.35151    -3.34981 6.56064e-05
         309    -3.34947    -3.34981 6.54034e-05
         310    -3.34995    -3.34981  6.5194e-05
         311    -3.34981    -3.34981 6.49844e-05
         312    -3.34966    -3.34981 6.47781e-05
         313    -3.34894    -3.34981 6.46316e-05
         314    -3.34976    -3.34981 6.44259e-05
         315    -3.34846     -3.3498 6.43645e-05
         316    -3.34923     -3.3498 6.41864e-05
         317    -3.34949     -3.3498 6.39915e-05
         318    -3.34868     -3.3498  6.3887e-05
         319    -3.34933     -3.3498 6.37038e-05
         320    -3.35058     -3.3498 6.35517e-05
         321    -3.35019     -3.3498 6.33654e-05
         322    -3.34923     -3.3498 6.31935e-05
         323    -3.34915     -3.3498 6.30296e-05
         324     -3.3492    -3.34979  6.2862e-05
         325    -3.35104     -3.3498 6.27847e-05
         326     -3.3502     -3.3498  6.2604e-05
         327    -3.35023     -3.3498 6.24265e-05
         328    -3.35111    -3.34981  6.2364e-05
         329    -3.34906     -3.3498 6.22156e-05
         330     -3.3504     -3.3498 6.20535e-05
         331    -3.35015    -3.34981 6.18748e-05
         332    -3.35125    -3.34981 6.18417e-05
         333    -3.35072    -3.34981 6.17157e-05
         334    -3.34818    -3.34981  6.1724e-05
         335    -3.35074    -3.34981 6.16024e-05
         336    -3.34943    -3.34981 6.14297e-05
         337    -3.35183    -3.34982 6.15386e-05
         338    -3.35064    -3.34982 6.14047e-05
         339     -3.3507    -3.34982 6.12793e-05
         340    -3.34839    -3.34982 6.12427e-05
         341    -3.35123    -3.34982 6.12039e-05
         342     -3.3509    -3.34982 6.11065e-05
         343    -3.35189    -3.34983 6.12243e-05
         344    -3.34981    -3.34983 6.10463e-05
         345    -3.34982    -3.34983 6.08694e-05
         346    -3.34994    -3.34983 6.06944e-05
         347    -3.34998    -3.34983 6.05209e-05
         348    -3.34938    -3.34983  6.0361e-05
         349    -3.34948    -3.34983 6.01961e-05
         350     -3.3504    -3.34983 6.00462e-05
         351    -3.34938    -3.34983 5.98888e-05
         352    -3.34796    -3.34982 5.99524e-05
         353    -3.35046    -3.34982   5.981e-05
         354    -3.34981    -3.34982 5.96411e-05
         355    -3.35042    -3.34983  5.9497e-05
         356    -3.34921    -3.34982 5.93554e-05
         357    -3.34874    -3.34982 5.92672e-05
         358    -3.34877    -3.34982 5.91741e-05
         359    -3.35178    -3.34982 5.92608e-05
         360    -3.34899    -3.34982 5.91419e-05
         361    -3.35118    -3.34983 5.90982e-05
         362    -3.35025    -3.34983 5.89466e-05
         363    -3.34802    -3.34982 5.89943e-05
         364    -3.34792    -3.34982 5.90642e-05
         365    -3.35111    -3.34982 5.90091e-05
         366    -3.35188    -3.34983 5.91164e-05
         367    -3.34909    -3.34982 5.89896e-05
         368     -3.3511    -3.34983 5.89305e-05
         369    -3.34945    -3.34983 5.87797e-05
         370    -3.35044    -3.34983 5.86441e-05
         371    -3.35058    -3.34983 5.85215e-05
         372    -3.35194    -3.34984 5.86394e-05
         373    -3.35035    -3.34984 5.84983e-05
         374    -3.35045    -3.34984 5.83645e-05
         375    -3.35065    -3.34984 5.82486e-05
         376     -3.3501    -3.34984 5.80977e-05
         377    -3.34815    -3.34984 5.81171e-05
         378    -3.35071    -3.34984 5.80093e-05
         379     -3.3516    -3.34984 5.80419e-05
         380    -3.34888    -3.34984 5.79441e-05
         381    -3.34771    -3.34984 5.80627e-05
         382    -3.34883    -3.34983 5.79705e-05
         383     -3.3482    -3.34983 5.79763e-05
         384    -3.34884    -3.34983 5.78824e-05
         385    -3.34813    -3.34982    5.79e-05
         386    -3.35034    -3.34982 5.77653e-05
         387    -3.34971    -3.34982 5.76168e-05
         388    -3.34969    -3.34982 5.74693e-05
         389    -3.34932    -3.34982 5.73362e-05
         390    -3.35004    -3.34982 5.71918e-05
         391    -3.35012    -3.34982 5.70507e-05
         392     -3.3512    -3.34983 5.70125e-05
         393    -3.34935    -3.34982 5.68805e-05
         394    -3.35138    -3.34983 5.68732e-05
         395    -3.34782    -3.34982 5.69554e-05
         396    -3.34847    -3.34982 5.69143e-05
         397    -3.34992    -3.34982 5.67715e-05
         398     -3.3501    -3.34982 5.66331e-05
         399    -3.34945    -3.34982  5.6499e-05
         400     -3.3517    -3.34983 5.65538e-05
         401    -3.34747    -3.34982 5.67163e-05
         402    -3.35082    -3.34982 5.66293e-05
         403    -3.34871    -3.34982 5.65557e-05
         404    -3.34909    -3.34982 5.64447e-05
         405    -3.35104    -3.34982 5.63865e-05
         406    -3.35027    -3.34982 5.62583e-05
         407    -3.34951    -3.34982 5.61254e-05
         408    -3.34755    -3.34981 5.62619e-05
         409     -3.3511    -3.34982 5.62124e-05
         410    -3.35087    -3.34982 5.61335e-05
         411    -3.34912    -3.34982 5.60227e-05
         412    -3.34753    -3.34981 5.61605e-05
         413     -3.3494    -3.34981 5.60332e-05
         414    -3.35202    -3.34982 5.61514e-05
         415    -3.35201    -3.34982 5.62649e-05
         416    -3.35126    -3.34983 5.62359e-05
         417    -3.34739    -3.34982 5.64028e-05
         418     -3.3499    -3.34982 5.62682e-05
         419    -3.35019    -3.34982 5.61409e-05
         420    -3.34929    -3.34982 5.60214e-05
         421    -3.34972    -3.34982 5.58888e-05
         422    -3.34814    -3.34982 5.58986e-05
         423    -3.34887    -3.34981 5.58111e-05
         424    -3.35088    -3.34982 5.57356e-05
         425    -3.34877    -3.34981 5.56585e-05
         426    -3.35042    -3.34982 5.55458e-05
         427    -3.35041    -3.34982 5.54331e-05
         428    -3.34939    -3.34982 5.53127e-05
         429    -3.35046    -3.34982 5.52044e-05
         430    -3.34825    -3.34981 5.51959e-05
         431    -3.35048    -3.34982 5.50894e-05
         432    -3.34966    -3.34981  5.4963e-05
         433    -3.34952    -3.34981 5.48403e-05
         434    -3.34816    -3.34981 5.48466e-05
         435    -3.35066    -3.34981 5.47552e-05
         436    -3.34992    -3.34981 5.46302e-05
         437    -3.35051    -3.34981 5.45286e-05
         438    -3.35036    -3.34982 5.44185e-05
         439    -3.35033    -3.34982 5.43069e-05
         440    -3.34796    -3.34981 5.43475e-05
         441    -3.35163    -3.34982 5.43801e-05
         442    -3.34859    -3.34981 5.43279e-05
         443     -3.3514    -3.34982 5.43234e-05
         444    -3.35146    -3.34982 5.43271e-05
         445    -3.35187    -3.34983 5.43995e-05
         446    -3.35294    -3.34983 5.47227e-05
         447    -3.35089    -3.34983 5.46518e-05
         448    -3.34992    -3.34984 5.45301e-05
         449    -3.34947    -3.34983 5.44147e-05
         450    -3.34948    -3.34983 5.42996e-05
         451    -3.35198    -3.34984 5.43867e-05
         452    -3.34978    -3.34984 5.42665e-05
         453    -3.35054    -3.34984 5.41688e-05
         454    -3.35011    -3.34984 5.40527e-05
         455    -3.34772    -3.34984 5.41349e-05
         456    -3.35025    -3.34984 5.40237e-05
         457    -3.34991    -3.34984 5.39057e-05
         458    -3.34959    -3.34984 5.37907e-05
         459    -3.35138    -3.34984 5.37784e-05
         460     -3.3503    -3.34984 5.36708e-05
         461     -3.3492    -3.34984 5.35723e-05
         462    -3.35078    -3.34984 5.34953e-05
         463    -3.35119    -3.34984 5.34594e-05
         464    -3.34974    -3.34984 5.33447e-05
         465    -3.34926    -3.34984 5.32447e-05
         466    -3.35015    -3.34984 5.31344e-05
         467    -3.34943    -3.34984 5.30282e-05
         468    -3.34825    -3.34984 5.30241e-05
         469    -3.34748    -3.34983 5.31483e-05
         470    -3.34966    -3.34983 5.30365e-05
         471    -3.34966    -3.34983 5.29252e-05
         472    -3.34953    -3.34983  5.2817e-05
         473    -3.34852    -3.34983 5.27788e-05
         474    -3.35077    -3.34983 5.27048e-05
         475     -3.3501    -3.34983 5.25967e-05
         476    -3.34889    -3.34983 5.25234e-05
         477    -3.34817    -3.34983 5.25284e-05
         478    -3.34918    -3.34983 5.24358e-05
         479    -3.35048    -3.34983 5.23443e-05
         480    -3.35135    -3.34983 5.23317e-05
         481    -3.34872    -3.34983 5.22733e-05
         482    -3.35092    -3.34983 5.22141e-05
         483    -3.34957    -3.34983 5.21088e-05
         484    -3.34888    -3.34983 5.20381e-05
         485    -3.35052    -3.34983 5.19507e-05
         486    -3.35018    -3.34983 5.18489e-05
         487    -3.35118    -3.34983 5.18163e-05
         488    -3.34863    -3.34983 5.17686e-05
         489    -3.34994    -3.34983 5.16632e-05
         490    -3.35026    -3.34983 5.15651e-05
         491    -3.34991    -3.34983 5.14603e-05
         492    -3.34783    -3.34983 5.15156e-05
         493     -3.3489    -3.34983 5.14457e-05
         494    -3.34963    -3.34982 5.13431e-05
         495    -3.35132    -3.34983  5.1328e-05
         496    -3.35129    -3.34983 5.13095e-05
         497    -3.34848    -3.34983 5.12788e-05
         498    -3.34987    -3.34983 5.11759e-05
         499     -3.3482    -3.34982 5.11766e-05
         500    -3.34863    -3.34982 5.11305e-05
         501    -3.35008    -3.34982 5.10311e-05
         502    -3.34961    -3.34982 5.09313e-05
         503    -3.34934    -3.34982 5.08391e-05
         504    -3.34994    -3.34982 5.07387e-05
         505    -3.35009    -3.34982 5.06411e-05
         506    -3.34976    -3.34982 5.05411e-05
         507    -3.34947    -3.34982 5.04462e-05
         508    -3.35028    -3.34982 5.03551e-05
         509    -3.35063    -3.34982  5.0281e-05
         510    -3.35038    -3.34983 5.01942e-05
         511    -3.35113    -3.34983 5.01613e-05
         512    -3.35065    -3.34983 5.00893e-05
         513    -3.35066    -3.34983 5.00177e-05
         514    -3.35003    -3.34983 4.99218e-05
         515    -3.35073    -3.34983 4.98557e-05
         516    -3.34875    -3.34983 4.98034e-05
         517    -3.35215    -3.34984 4.99091e-05
         518    -3.35079    -3.34984  4.9847e-05
         519    -3.35239    -3.34984 4.99921e-05
         520    -3.35016    -3.34984 4.98996e-05
         521     -3.3514    -3.34985 4.98937e-05
         522     -3.3506    -3.34985 4.98192e-05
         523    -3.35117    -3.34985 4.97882e-05
         524    -3.34982    -3.34985 4.96932e-05
         525    -3.34835    -3.34985 4.96811e-05
         526    -3.35028    -3.34985 4.95935e-05
         527     -3.3498    -3.34985 4.94995e-05
         528    -3.34775    -3.34984 4.95647e-05
         529    -3.34987    -3.34984  4.9471e-05
         530    -3.34959    -3.34984 4.93799e-05
         531    -3.35059    -3.34984 4.93068e-05
         532    -3.35075    -3.34985 4.92438e-05
         533    -3.35063    -3.34985 4.91731e-05
         534    -3.34911    -3.34985 4.91003e-05
         535    -3.35149    -3.34985 4.91045e-05
         536    -3.35168    -3.34985 4.91311e-05
         537    -3.35122    -3.34986 4.91057e-05
         538    -3.34935    -3.34985 4.90233e-05
         539    -3.35116    -3.34986 4.89923e-05
         540    -3.35089    -3.34986 4.89391e-05
         541    -3.34951    -3.34986  4.8853e-05
         542    -3.35012    -3.34986 4.87652e-05
         543    -3.34931    -3.34986  4.8686e-05
         544    -3.34956    -3.34986 4.85996e-05
         545    -3.34836    -3.34985 4.85881e-05
         546      -3.349    -3.34985 4.85243e-05
         547    -3.35029    -3.34985 4.84422e-05
         548     -3.3502    -3.34985  4.8358e-05
         549    -3.34836    -3.34985  4.8346e-05
         550    -3.34872    -3.34985 4.83016e-05
         551    -3.35028    -3.34985 4.82203e-05
         552    -3.34874    -3.34985 4.81751e-05
         553    -3.34988    -3.34985  4.8088e-05
         554    -3.34933    -3.34985 4.80102e-05
         555     -3.3486    -3.34985 4.79765e-05
         556    -3.34998    -3.34985 4.78908e-05
         557    -3.34874    -3.34984 4.78462e-05
         558    -3.34981    -3.34984 4.77605e-05
         559    -3.34891    -3.34984 4.77043e-05
         560    -3.34782    -3.34984 4.77561e-05
         561    -3.34857    -3.34984  4.7724e-05
         562      -3.348    -3.34983 4.77509e-05
         563    -3.34882    -3.34983 4.77002e-05
         564    -3.35063    -3.34983 4.76369e-05
         565    -3.35158    -3.34984 4.76532e-05
         566    -3.34752    -3.34983 4.77442e-05
         567    -3.34971    -3.34983 4.76604e-05
         568      -3.351    -3.34983 4.76208e-05
         569    -3.35141    -3.34984 4.76181e-05
         570    -3.35028    -3.34984 4.75408e-05
         571     -3.3496    -3.34984 4.74594e-05
         572    -3.35027    -3.34984 4.73825e-05
         573    -3.34888    -3.34984 4.73293e-05
         574    -3.35089    -3.34984 4.72827e-05
         575    -3.35119    -3.34984 4.72589e-05
         576    -3.34987    -3.34984 4.71769e-05
         577    -3.35011    -3.34984 4.70975e-05
         578    -3.34795    -3.34984 4.71294e-05
         579    -3.35012    -3.34984 4.70505e-05
         580    -3.35106    -3.34984 4.70165e-05
         581    -3.34965    -3.34984 4.69367e-05
         582    -3.35035    -3.34984 4.68644e-05
         583    -3.34817    -3.34984 4.68711e-05
         584    -3.34745    -3.34983 4.69681e-05
         585    -3.34783    -3.34983 4.70125e-05
         586    -3.35013    -3.34983 4.69351e-05
         587    -3.34894    -3.34983 4.68794e-05
         588    -3.34816    -3.34983 4.68858e-05
         589    -3.34923    -3.34982  4.6817e-05
         590    -3.34886    -3.34982 4.67663e-05
         591    -3.35101    -3.34983 4.67303e-05
         592    -3.34939    -3.34982 4.66572e-05
         593    -3.34871    -3.34982 4.66164e-05
         594    -3.35068    -3.34982 4.65602e-05
         595    -3.34938    -3.34982  4.6488e-05
         596    -3.34827    -3.34982 4.64833e-05
         597    -3.35031    -3.34982 4.64125e-05
         598    -3.35088    -3.34982 4.63684e-05
         599    -3.34953    -3.34982 4.62935e-05
         600    -3.34928    -3.34982 4.62253e-05
