           1     -3.1367     -3.1367           0
           2    -3.13652    -3.13661 6.56064e-05
           3    -3.13713    -3.13678 0.000149325
           4    -3.13596    -3.13658 0.000210564
           5    -3.13751    -3.13677 0.000237543
           6    -3.13375    -3.13626  0.00049904
           7    -3.13573    -3.13619 0.000433417
           8    -3.13535    -3.13608 0.000391758
           9    -3.13833    -3.13633 0.000420288
          10     -3.1365    -3.13635 0.000378599
          11    -3.13618    -3.13633 0.000344483
          12    -3.13762    -3.13644 0.000332077
          13    -3.13751    -3.13652 0.000316584
          14     -3.1362     -3.1365 0.000294796
          15    -3.13691    -3.13653 0.000276429
          16    -3.13694    -3.13655 0.000260317
          17    -3.13573    -3.13651 0.000249464
          18    -3.13559    -3.13645 0.000240685
          19    -3.13756    -3.13651 0.000234914
          20    -3.13666    -3.13652 0.000223278
          21    -3.13761    -3.13657 0.000218581
          22      -3.139    -3.13668 0.000234938
          23    -3.13771    -3.13673 0.000228901
          24    -3.13728    -3.13675 0.000220541
          25    -3.13637    -3.13673 0.000212249
          26    -3.13875    -3.13681 0.000217814
          27    -3.13658     -3.1368 0.000209923
          28    -3.13587    -3.13677 0.000205039
          29    -3.13568    -3.13673 0.000201367
          30    -3.13709    -3.13674 0.000195004
          31    -3.13571    -3.13671 0.000191555
          32    -3.13504    -3.13666 0.000192546
          33    -3.13682    -3.13666 0.000186775
          34     -3.1374    -3.13669 0.000182516
          35    -3.13581    -3.13666 0.000179013
          36    -3.13585    -3.13664 0.000175458
          37    -3.13517     -3.1366 0.000175145
          38    -3.13627    -3.13659 0.000170749
          39    -3.13841    -3.13664 0.000172657
          40    -3.13705    -3.13665  0.00016865
          41    -3.13439    -3.13659  0.00017327
          42    -3.13654    -3.13659 0.000169149
          43    -3.13832    -3.13663  0.00016995
          44    -3.13669    -3.13663 0.000166093
          45    -3.13507     -3.1366 0.000165988
          46    -3.13726    -3.13661 0.000163007
          47    -3.13734    -3.13663 0.000160271
          48    -3.13592    -3.13661 0.000157603
          49    -3.13813    -3.13664 0.000157396
          50    -3.13356    -3.13658 0.000165859
          51    -3.13805    -3.13661 0.000165089
          52    -3.13785    -3.13663 0.000163623
          53    -3.13701    -3.13664 0.000160689
          54    -3.13831    -3.13667 0.000160655
          55    -3.13602    -3.13666  0.00015817
          56    -3.13489    -3.13663 0.000158459
          57    -3.13599    -3.13662 0.000156079
          58     -3.1356     -3.1366 0.000154373
          59    -3.13726    -3.13661 0.000152156
          60    -3.13651    -3.13661 0.000149629
          61    -3.13658    -3.13661 0.000147177
          62    -3.13669    -3.13661 0.000144809
          63    -3.13801    -3.13663 0.000144204
          64    -3.13669    -3.13663 0.000141953
          65    -3.13535    -3.13661 0.000141135
          66     -3.1372    -3.13662 0.000139278
          67    -3.13732    -3.13663 0.000137585
          68    -3.13833    -3.13666 0.000137812
          69     -3.1372    -3.13667 0.000136037
          70    -3.13493    -3.13664 0.000136328
          71     -3.1355    -3.13663 0.000135348
          72    -3.13722    -3.13663 0.000133724
          73    -3.13499    -3.13661 0.000133781
          74     -3.1354    -3.13659 0.000132973
          75    -3.13717     -3.1366 0.000131417
          76    -3.13788    -3.13662 0.000130755
          77    -3.13579    -3.13661 0.000129502
          78    -3.13641    -3.13661 0.000127866
          79    -3.13555    -3.13659 0.000126947
          80    -3.13755     -3.1366 0.000125919
          81    -3.13794    -3.13662 0.000125437
          82    -3.13644    -3.13662 0.000123926
          83     -3.1372    -3.13663 0.000122634
          84    -3.13546    -3.13661 0.000121962
          85    -3.13616    -3.13661 0.000120646
          86    -3.13594     -3.1366 0.000119488
          87    -3.13607    -3.13659 0.000118272
          88    -3.13755     -3.1366 0.000117432
          89    -3.13722    -3.13661 0.000116318
          90    -3.13729    -3.13662 0.000115268
          91    -3.13565    -3.13661 0.000114491
          92    -3.13427    -3.13658 0.000116035
          93    -3.13616    -3.13658 0.000114878
          94    -3.13662    -3.13658 0.000113657
          95    -3.13688    -3.13658 0.000112504
          96    -3.13732    -3.13659 0.000111594
          97      -3.135    -3.13657 0.000111641
          98    -3.13683    -3.13657 0.000110533
          99    -3.13429    -3.13655 0.000111804
         100    -3.13556    -3.13654 0.000111127
         101    -3.13703    -3.13655 0.000110132
         102     -3.1385    -3.13657  0.00011071
         103    -3.13751    -3.13658 0.000110015
         104     -3.1355    -3.13656  0.00010944
         105    -3.13586    -3.13656 0.000108601
         106    -3.13384    -3.13653 0.000110571
         107     -3.1377    -3.13654 0.000110075
         108    -3.13785    -3.13656 0.000109721
         109    -3.13644    -3.13655  0.00010872
         110    -3.13645    -3.13655 0.000107736
         111    -3.13651    -3.13655 0.000106766
         112    -3.13725    -3.13656 0.000105993
         113    -3.13523    -3.13655 0.000105704
         114    -3.13694    -3.13655 0.000104832
         115    -3.13504    -3.13654 0.000104745
         116    -3.13835    -3.13655 0.000105002
         117    -3.13576    -3.13655 0.000104325
         118    -3.13624    -3.13654 0.000103472
         119     -3.1364    -3.13654 0.000102609
         120    -3.13756    -3.13655 0.000102105
         121    -3.13653    -3.13655 0.000101262
         122    -3.13439    -3.13653  0.00010197
         123     -3.1355    -3.13653 0.000101486
         124    -3.13589    -3.13652 0.000100797
         125    -3.13552    -3.13651  0.00010031
         126    -3.13732    -3.13652 9.97186e-05
         127     -3.1354    -3.13651 9.93233e-05
         128     -3.1363    -3.13651 9.85614e-05
         129    -3.13732    -3.13651 9.79979e-05
         130    -3.13574    -3.13651 9.74231e-05
         131    -3.13667    -3.13651 9.66872e-05
         132    -3.13822    -3.13652 9.68161e-05
         133    -3.13607    -3.13652 9.61474e-05
         134    -3.13699    -3.13652 9.54945e-05
         135    -3.13445    -3.13651 9.60155e-05
         136    -3.13664    -3.13651 9.53145e-05
         137    -3.13612    -3.13651 9.46609e-05
         138    -3.13335    -3.13648 9.66932e-05
         139    -3.13499    -3.13647 9.65915e-05
         140    -3.13628    -3.13647 9.59113e-05
         141    -3.13781    -3.13648 9.56977e-05
         142    -3.13585    -3.13648 9.51277e-05
         143     -3.1365    -3.13648 9.44626e-05
         144    -3.13606    -3.13647 9.38498e-05
         145    -3.13749    -3.13648 9.34643e-05
         146    -3.13792    -3.13649 9.33463e-05
         147    -3.13647    -3.13649 9.27114e-05
         148    -3.13719    -3.13649 9.22062e-05
         149    -3.13811    -3.13651 9.22248e-05
         150    -3.13593     -3.1365 9.16894e-05
         151     -3.1379    -3.13651 9.15465e-05
         152    -3.13574    -3.13651 9.10853e-05
         153    -3.13573     -3.1365 9.06321e-05
         154    -3.13524    -3.13649  9.0412e-05
         155    -3.13474    -3.13648 9.05352e-05
         156    -3.13729    -3.13649  9.0105e-05
         157    -3.13648    -3.13649 8.95311e-05
         158    -3.13778    -3.13649 8.93376e-05
         159    -3.13601    -3.13649 8.88272e-05
         160     -3.1353    -3.13648  8.8583e-05
         161    -3.13744    -3.13649 8.82309e-05
         162    -3.13719    -3.13649 8.77928e-05
         163    -3.13774     -3.1365 8.75854e-05
         164    -3.13533    -3.13649 8.73417e-05
         165    -3.13662     -3.1365 8.68156e-05
         166    -3.13697     -3.1365 8.63393e-05
         167    -3.13704     -3.1365 8.58833e-05
         168      -3.137     -3.1365 8.54243e-05
         169    -3.13604     -3.1365  8.4963e-05
         170    -3.13567     -3.1365 8.46043e-05
         171    -3.13587    -3.13649 8.41891e-05
         172    -3.13613    -3.13649 8.37256e-05
         173    -3.13625    -3.13649 8.32535e-05
         174    -3.13691    -3.13649 8.28096e-05
         175    -3.13888    -3.13651 8.34494e-05
         176    -3.13778    -3.13651 8.32882e-05
         177    -3.13356     -3.1365 8.44713e-05
         178    -3.13604    -3.13649 8.40353e-05
         179    -3.13792     -3.1365 8.39409e-05
         180    -3.13846    -3.13651 8.41736e-05
         181    -3.13436     -3.1365 8.45409e-05
         182      -3.135    -3.13649 8.44757e-05
         183    -3.13569    -3.13649 8.41288e-05
         184    -3.13818     -3.1365   8.417e-05
         185    -3.13793     -3.1365 8.40705e-05
         186     -3.1358     -3.1365 8.37027e-05
         187    -3.13883    -3.13651 8.41759e-05
         188    -3.13694    -3.13652 8.37582e-05
         189    -3.13606    -3.13651 8.33493e-05
         190    -3.13824    -3.13652 8.34073e-05
         191    -3.13667    -3.13652 8.29744e-05
         192    -3.13649    -3.13652 8.25424e-05
         193    -3.13316    -3.13651 8.39371e-05
         194    -3.13534     -3.1365 8.37196e-05
         195     -3.1348    -3.13649 8.37405e-05
         196    -3.13654    -3.13649 8.33135e-05
         197    -3.13713    -3.13649  8.2953e-05
         198    -3.13711     -3.1365 8.25931e-05
         199    -3.13657     -3.1365 8.21789e-05
         200    -3.13745     -3.1365 8.19061e-05
         201    -3.13447    -3.13649 8.21209e-05
         202    -3.13779     -3.1365 8.19669e-05
         203    -3.13531    -3.13649 8.17712e-05
         204    -3.13677    -3.13649 8.13815e-05
         205    -3.13573    -3.13649  8.1069e-05
         206     -3.1366    -3.13649 8.06771e-05
         207    -3.13579    -3.13649 8.03592e-05
         208    -3.13652    -3.13649  7.9973e-05
         209    -3.13782    -3.13649 7.98435e-05
         210    -3.13594    -3.13649 7.95072e-05
         211    -3.13568    -3.13649 7.92224e-05
         212    -3.13787    -3.13649 7.91147e-05
         213    -3.13652    -3.13649 7.87434e-05
         214    -3.13615    -3.13649 7.83918e-05
         215    -3.13721     -3.1365 7.80973e-05
         216    -3.13774     -3.1365 7.79486e-05
         217    -3.13676     -3.1365 7.75982e-05
         218    -3.13594     -3.1365  7.7285e-05
         219      -3.136     -3.1365 7.69663e-05
         220    -3.13596     -3.1365 7.66547e-05
         221    -3.13781     -3.1365 7.65386e-05
         222    -3.13639     -3.1365 7.61955e-05
         223    -3.13429    -3.13649  7.6495e-05
         224    -3.13792     -3.1365 7.64178e-05
         225    -3.13877    -3.13651 7.67418e-05
         226    -3.13649    -3.13651 7.64023e-05
         227    -3.13806    -3.13651 7.63692e-05
         228    -3.13574    -3.13651 7.61095e-05
         229     -3.1361    -3.13651 7.57987e-05
         230    -3.13392     -3.1365 7.63006e-05
         231    -3.13667     -3.1365  7.5974e-05
         232     -3.1384    -3.13651 7.60879e-05
         233    -3.13599     -3.1365 7.57933e-05
         234    -3.13695    -3.13651  7.5493e-05
         235    -3.13581     -3.1365 7.52295e-05
         236    -3.13676     -3.1365 7.49187e-05
         237    -3.13742    -3.13651 7.47024e-05
         238    -3.13566    -3.13651 7.44745e-05
         239    -3.13684    -3.13651 7.41759e-05
         240    -3.13557     -3.1365 7.39687e-05
         241    -3.13689     -3.1365 7.36793e-05
         242    -3.13683    -3.13651 7.33875e-05
         243     -3.1368    -3.13651 7.30957e-05
         244    -3.13509     -3.1365  7.3026e-05
         245    -3.13672     -3.1365 7.27332e-05
         246    -3.13545     -3.1365 7.25623e-05
         247    -3.13684     -3.1365 7.22815e-05
         248    -3.13672     -3.1365 7.19955e-05
         249    -3.13757     -3.1365 7.18354e-05
         250    -3.13688    -3.13651  7.1564e-05
         251    -3.13627     -3.1365 7.12849e-05
         252    -3.13491     -3.1365 7.12825e-05
         253     -3.1352    -3.13649 7.11855e-05
         254    -3.13474    -3.13649 7.12385e-05
         255    -3.13402    -3.13648 7.16153e-05
         256    -3.13708    -3.13648 7.13737e-05
         257    -3.13757    -3.13648  7.1222e-05
         258    -3.13537    -3.13648 7.10758e-05
         259    -3.13725    -3.13648 7.08633e-05
         260    -3.13748    -3.13649 7.06937e-05
         261    -3.13916     -3.1365 7.11597e-05
         262    -3.13728     -3.1365  7.0951e-05
         263    -3.13714     -3.1365 7.07234e-05
         264     -3.1357     -3.1365 7.05204e-05
         265    -3.13616     -3.1365 7.02657e-05
         266    -3.13691     -3.1365 7.00185e-05
         267    -3.13632     -3.1365 6.97593e-05
         268    -3.13689     -3.1365 6.95146e-05
         269    -3.13797    -3.13651 6.94715e-05
         270     -3.1375    -3.13651 6.93124e-05
         271    -3.13685    -3.13651 6.90683e-05
         272    -3.13612    -3.13651 6.88293e-05
         273    -3.13761    -3.13651 6.86947e-05
         274    -3.13616    -3.13651 6.84562e-05
         275    -3.13733    -3.13651 6.82716e-05
         276     -3.1364    -3.13651 6.80256e-05
         277    -3.13627    -3.13651 6.77855e-05
         278    -3.13281     -3.1365  6.8835e-05
         279    -3.13641     -3.1365 6.85891e-05
         280     -3.1369     -3.1365  6.8359e-05
         281    -3.13698     -3.1365 6.81374e-05
         282    -3.13873    -3.13651 6.83522e-05
         283    -3.13608    -3.13651 6.81274e-05
         284    -3.13701    -3.13651 6.79103e-05
         285    -3.13591    -3.13651 6.77044e-05
         286     -3.1351     -3.1365 6.76461e-05
         287    -3.13663     -3.1365 6.74119e-05
         288    -3.13523     -3.1365 6.73236e-05
         289    -3.13634     -3.1365  6.7093e-05
         290    -3.13693     -3.1365 6.68779e-05
         291    -3.13763     -3.1365 6.67609e-05
         292    -3.13778    -3.13651 6.66748e-05
         293    -3.13674    -3.13651  6.6452e-05
         294    -3.13544    -3.13651 6.63259e-05
         295    -3.13841    -3.13651 6.64152e-05
         296    -3.13641    -3.13651 6.61917e-05
         297    -3.13779    -3.13652 6.61076e-05
         298    -3.13612    -3.13652 6.58989e-05
         299     -3.1361    -3.13651 6.56932e-05
         300    -3.13755    -3.13652 6.55658e-05
         301    -3.13762    -3.13652 6.54502e-05
         302    -3.13686    -3.13652 6.52429e-05
         303    -3.13617    -3.13652 6.50381e-05
         304    -3.13719    -3.13652  6.4861e-05
         305    -3.13595    -3.13652 6.46752e-05
         306    -3.13689    -3.13652 6.44753e-05
         307    -3.13725    -3.13652 6.43093e-05
         308     -3.1384    -3.13653  6.4387e-05
         309    -3.13629    -3.13653 6.41833e-05
         310    -3.13645    -3.13653 6.39768e-05
         311    -3.13584    -3.13653  6.3809e-05
         312    -3.13767    -3.13653 6.37091e-05
         313    -3.13678    -3.13653 6.35105e-05
         314    -3.13688    -3.13653 6.33182e-05
         315     -3.1375    -3.13654 6.31915e-05
         316    -3.13659    -3.13654 6.29918e-05
         317     -3.1386    -3.13654 6.31275e-05
         318    -3.13588    -3.13654 6.29629e-05
         319     -3.1361    -3.13654 6.27806e-05
         320    -3.13661    -3.13654 6.25848e-05
         321    -3.13723    -3.13654 6.24269e-05
         322    -3.13769    -3.13655 6.23354e-05
         323    -3.13332    -3.13654 6.29394e-05
         324    -3.13664    -3.13654  6.2746e-05
         325    -3.13817    -3.13654 6.27543e-05
         326    -3.13691    -3.13654 6.25721e-05
         327    -3.13692    -3.13654 6.23916e-05
         328    -3.13731    -3.13655 6.22457e-05
         329     -3.1352    -3.13654 6.21916e-05
         330    -3.13607    -3.13654 6.20193e-05
         331    -3.13556    -3.13654  6.1902e-05
         332    -3.13533    -3.13653 6.18215e-05
         333    -3.13723    -3.13654 6.16714e-05
         334    -3.13659    -3.13654 6.14869e-05
         335    -3.13735    -3.13654 6.13513e-05
         336    -3.13705    -3.13654 6.11878e-05
         337    -3.13592    -3.13654 6.10339e-05
         338    -3.13686    -3.13654  6.0861e-05
         339    -3.13719    -3.13654 6.07115e-05
         340    -3.13522    -3.13654 6.06579e-05
         341    -3.13549    -3.13653 6.05583e-05
         342    -3.13974    -3.13654  6.1102e-05
         343    -3.13663    -3.13654 6.09244e-05
         344    -3.13549    -3.13654 6.08235e-05
         345    -3.13612    -3.13654 6.06597e-05
         346    -3.13725    -3.13654 6.05188e-05
         347    -3.13769    -3.13654 6.04348e-05
         348    -3.13672    -3.13654 6.02631e-05
         349    -3.13658    -3.13654 6.00905e-05
         350    -3.13637    -3.13654 5.99208e-05
         351    -3.13706    -3.13655 5.97678e-05
         352    -3.13587    -3.13654 5.96285e-05
         353    -3.13482    -3.13654 5.96591e-05
         354    -3.13709    -3.13654 5.95108e-05
         355    -3.13698    -3.13654  5.9356e-05
         356    -3.13626    -3.13654 5.91945e-05
         357    -3.13825    -3.13655 5.92225e-05
         358    -3.13773    -3.13655   5.915e-05
         359    -3.13839    -3.13655 5.92068e-05
         360     -3.1382    -3.13656 5.92182e-05
         361    -3.13725    -3.13656  5.9085e-05
         362    -3.13763    -3.13656 5.89951e-05
         363    -3.13716    -3.13657 5.88557e-05
         364    -3.13815    -3.13657 5.88549e-05
         365    -3.13546    -3.13657 5.87719e-05
         366    -3.13727    -3.13657  5.8643e-05
         367    -3.13725    -3.13657 5.85127e-05
         368    -3.13585    -3.13657 5.83864e-05
         369    -3.13591    -3.13657 5.82553e-05
         370    -3.13415    -3.13656 5.84641e-05
         371    -3.13694    -3.13656 5.83156e-05
         372    -3.13799    -3.13656 5.82846e-05
         373    -3.13622    -3.13656 5.81356e-05
         374    -3.13669    -3.13656 5.79811e-05
         375    -3.13624    -3.13656 5.78331e-05
         376    -3.13491    -3.13656 5.78461e-05
         377    -3.13682    -3.13656 5.76968e-05
         378     -3.1372    -3.13656  5.7569e-05
         379     -3.1363    -3.13656 5.74212e-05
         380    -3.13468    -3.13656 5.74836e-05
         381    -3.13497    -3.13655 5.74828e-05
         382    -3.13582    -3.13655  5.7364e-05
         383    -3.13688    -3.13655 5.72206e-05
         384    -3.13715    -3.13655 5.70929e-05
         385    -3.13745    -3.13655 5.69918e-05
         386    -3.13844    -3.13656 5.70521e-05
         387    -3.13639    -3.13656 5.69064e-05
         388    -3.13837    -3.13656 5.69507e-05
         389    -3.13633    -3.13656 5.68074e-05
         390    -3.13453    -3.13656 5.69005e-05
         391    -3.13897    -3.13656  5.7089e-05
         392    -3.13879    -3.13657 5.72259e-05
         393    -3.13816    -3.13657 5.72236e-05
         394    -3.13623    -3.13657 5.70851e-05
         395    -3.13576    -3.13657 5.69779e-05
         396    -3.13769    -3.13657 5.69044e-05
         397    -3.13764    -3.13658 5.68238e-05
         398    -3.13594    -3.13657 5.67032e-05
         399    -3.13759    -3.13658 5.66183e-05
         400    -3.13625    -3.13658 5.64827e-05
         401    -3.13623    -3.13658 5.63485e-05
         402    -3.13633    -3.13657 5.62117e-05
         403     -3.1359    -3.13657 5.60974e-05
         404    -3.13602    -3.13657 5.59751e-05
         405    -3.13732    -3.13657 5.58673e-05
         406    -3.13744    -3.13658 5.57708e-05
         407     -3.1369    -3.13658 5.56394e-05
         408    -3.13674    -3.13658 5.55045e-05
         409    -3.13382    -3.13657 5.57766e-05
         410    -3.13592    -3.13657 5.56629e-05
         411    -3.13742    -3.13657 5.55658e-05
         412    -3.13676    -3.13657 5.54328e-05
         413    -3.13654    -3.13657 5.52987e-05
         414    -3.13548    -3.13657 5.52273e-05
         415    -3.13692    -3.13657 5.51007e-05
         416    -3.13328    -3.13656 5.55313e-05
         417    -3.13722    -3.13656 5.54209e-05
         418    -3.13614    -3.13656 5.52975e-05
         419    -3.13629    -3.13656 5.51694e-05
         420     -3.1378    -3.13656 5.51172e-05
         421    -3.13742    -3.13657 5.50237e-05
         422    -3.13622    -3.13657 5.48993e-05
         423    -3.13723    -3.13657 5.47917e-05
         424    -3.13606    -3.13657 5.46755e-05
         425    -3.13585    -3.13656 5.45729e-05
         426    -3.13651    -3.13656 5.44449e-05
         427    -3.13672    -3.13656 5.43186e-05
         428    -3.13813    -3.13657 5.43151e-05
         429    -3.13611    -3.13657 5.41988e-05
         430    -3.13684    -3.13657 5.40765e-05
         431    -3.13695    -3.13657 5.39581e-05
         432    -3.13756    -3.13657  5.3882e-05
         433    -3.13462    -3.13657 5.39465e-05
         434     -3.1365    -3.13657 5.38224e-05
         435    -3.13576    -3.13656 5.37305e-05
         436    -3.13917    -3.13657 5.39391e-05
         437    -3.13616    -3.13657 5.38237e-05
         438    -3.13772    -3.13657  5.3765e-05
         439    -3.13619    -3.13657 5.36495e-05
         440    -3.13779    -3.13657 5.35994e-05
         441     -3.1368    -3.13657 5.34804e-05
         442    -3.13712    -3.13658 5.33737e-05
         443     -3.1348    -3.13657 5.34034e-05
         444    -3.13813    -3.13658 5.33979e-05
         445    -3.13453    -3.13657 5.34745e-05
         446    -3.13712    -3.13657 5.33686e-05
         447    -3.13733    -3.13657 5.32758e-05
         448    -3.13668    -3.13657 5.31574e-05
         449    -3.13543    -3.13657 5.31005e-05
         450     -3.1387    -3.13658  5.3192e-05
         451    -3.13516    -3.13657 5.31666e-05
         452    -3.13709    -3.13657 5.30615e-05
         453    -3.13605    -3.13657 5.29568e-05
         454    -3.13657    -3.13657 5.28401e-05
         455    -3.13823    -3.13658 5.28489e-05
         456     -3.1373    -3.13658  5.2757e-05
         457    -3.13447    -3.13657 5.28423e-05
         458    -3.13323    -3.13657 5.32276e-05
         459    -3.13475    -3.13656 5.32583e-05
         460    -3.13705    -3.13656  5.3153e-05
         461    -3.13526    -3.13656 5.31125e-05
         462    -3.13535    -3.13656 5.30619e-05
         463     -3.1365    -3.13656 5.29474e-05
         464    -3.13646    -3.13656 5.28338e-05
         465    -3.13495    -3.13655 5.28334e-05
         466    -3.13589    -3.13655 5.27392e-05
         467     -3.1369    -3.13655 5.26316e-05
         468    -3.13724    -3.13655 5.25393e-05
         469    -3.13729    -3.13656 5.24504e-05
         470    -3.13638    -3.13656 5.23401e-05
         471    -3.13717    -3.13656 5.22454e-05
         472    -3.13601    -3.13656 5.21478e-05
         473    -3.13904    -3.13656 5.23011e-05
         474    -3.13556    -3.13656 5.22331e-05
         475    -3.13404    -3.13655 5.23916e-05
         476    -3.13646    -3.13655 5.22819e-05
         477    -3.13572    -3.13655 5.22012e-05
         478    -3.13533    -3.13655 5.21543e-05
         479    -3.13649    -3.13655 5.20455e-05
         480    -3.13621    -3.13655  5.1942e-05
         481    -3.13674    -3.13655 5.18355e-05
         482    -3.13811    -3.13655 5.18288e-05
         483    -3.13835    -3.13656 5.18543e-05
         484    -3.13461    -3.13655 5.19035e-05
         485    -3.13859    -3.13656 5.19672e-05
         486    -3.13776    -3.13656 5.19194e-05
         487    -3.13758    -3.13656 5.18552e-05
         488    -3.13819    -3.13656 5.18568e-05
         489    -3.13644    -3.13656 5.17513e-05
         490    -3.13638    -3.13656 5.16471e-05
         491    -3.13679    -3.13656 5.15441e-05
         492    -3.13594    -3.13656 5.14547e-05
         493    -3.13638    -3.13656 5.13516e-05
         494    -3.13505    -3.13656 5.13387e-05
         495    -3.13496    -3.13656 5.13372e-05
         496    -3.13721    -3.13656 5.12504e-05
         497    -3.13609    -3.13656  5.1156e-05
         498    -3.13628    -3.13656 5.10563e-05
         499    -3.13578    -3.13655 5.09779e-05
         500    -3.13606    -3.13655 5.08854e-05
         501    -3.13678    -3.13655 5.07858e-05
         502    -3.13452    -3.13655 5.08467e-05
         503    -3.13596    -3.13655 5.07589e-05
         504     -3.1361    -3.13655 5.06659e-05
         505    -3.13664    -3.13655 5.05659e-05
         506    -3.13696    -3.13655 5.04725e-05
         507     -3.1372    -3.13655 5.03892e-05
         508    -3.13726    -3.13655 5.03093e-05
         509    -3.13764    -3.13655 5.02558e-05
         510    -3.13783    -3.13656 5.02193e-05
         511    -3.13742    -3.13656 5.01492e-05
         512    -3.13645    -3.13656 5.00517e-05
         513    -3.13612    -3.13656 4.99615e-05
         514    -3.13776    -3.13656 4.99188e-05
         515    -3.13505    -3.13656 4.99076e-05
         516    -3.13626    -3.13656 4.98141e-05
         517    -3.13661    -3.13656 4.97179e-05
         518    -3.13678    -3.13656 4.96237e-05
         519    -3.13568    -3.13655 4.95568e-05
         520    -3.13857    -3.13656 4.96123e-05
         521    -3.13562    -3.13656 4.95499e-05
         522    -3.13922    -3.13656 4.97179e-05
         523    -3.13795    -3.13656 4.96938e-05
         524    -3.13403    -3.13656 4.98329e-05
         525    -3.13616    -3.13656 4.97438e-05
         526    -3.13579    -3.13656 4.96705e-05
         527    -3.13886    -3.13656 4.97689e-05
         528    -3.13877    -3.13657 4.98498e-05
         529    -3.13549    -3.13656 4.97968e-05
         530    -3.13702    -3.13656 4.97103e-05
         531    -3.13726    -3.13657 4.96339e-05
         532     -3.1355    -3.13656 4.95807e-05
         533    -3.13812    -3.13657 4.95736e-05
         534    -3.13757    -3.13657 4.95164e-05
         535     -3.1391    -3.13657 4.96495e-05
         536    -3.13739    -3.13657 4.95801e-05
         537    -3.13678    -3.13658 4.94892e-05
         538    -3.13743    -3.13658  4.9423e-05
         539    -3.13772    -3.13658 4.93771e-05
         540    -3.13849    -3.13658  4.9412e-05
         541    -3.13786    -3.13658 4.93767e-05
         542    -3.13549    -3.13658 4.93267e-05
         543    -3.13521    -3.13658 4.93008e-05
         544    -3.13676    -3.13658 4.92113e-05
         545    -3.13535    -3.13658 4.91731e-05
         546    -3.13588    -3.13658 4.90996e-05
         547    -3.13632    -3.13658 4.90121e-05
         548    -3.13728    -3.13658 4.89394e-05
         549    -3.13823    -3.13658 4.89425e-05
         550    -3.13864    -3.13658 4.89971e-05
         551     -3.1371    -3.13659 4.89173e-05
         552    -3.13664    -3.13659 4.88287e-05
         553    -3.13637    -3.13659 4.87419e-05
         554    -3.13628    -3.13658  4.8657e-05
         555    -3.13621    -3.13658 4.85741e-05
         556    -3.13927    -3.13659 4.87255e-05
         557     -3.1359    -3.13659 4.86538e-05
         558      -3.136    -3.13659 4.85778e-05
         559    -3.13748    -3.13659 4.85173e-05
         560    -3.13899    -3.13659 4.86199e-05
         561    -3.13868     -3.1366 4.86755e-05
         562    -3.13696     -3.1366 4.85932e-05
         563     -3.1362     -3.1366 4.85121e-05
         564    -3.13653     -3.1366 4.84262e-05
         565    -3.13645     -3.1366 4.83412e-05
         566    -3.13757     -3.1366 4.82865e-05
         567    -3.13865     -3.1366 4.83373e-05
         568    -3.13602     -3.1366  4.8263e-05
         569    -3.13657     -3.1366 4.81782e-05
         570    -3.13688     -3.1366 4.80962e-05
         571    -3.13778     -3.1366  4.8056e-05
         572    -3.13671     -3.1366 4.79724e-05
         573    -3.13652     -3.1366 4.78889e-05
         574    -3.13687     -3.1366 4.78077e-05
         575    -3.13601     -3.1366 4.77359e-05
         576    -3.13777     -3.1366  4.7696e-05
         577    -3.13815    -3.13661  4.7689e-05
         578    -3.13646    -3.13661 4.76072e-05
         579    -3.13535     -3.1366 4.75742e-05
         580    -3.13698     -3.1366 4.74966e-05
         581    -3.13614     -3.1366 4.74215e-05
         582    -3.13784    -3.13661 4.73873e-05
         583    -3.13637    -3.13661 4.73077e-05
         584    -3.13667    -3.13661 4.72268e-05
         585    -3.13621    -3.13661 4.71508e-05
         586    -3.13607     -3.1366 4.70792e-05
         587    -3.13548     -3.1366 4.70377e-05
         588     -3.1351     -3.1366 4.70267e-05
         589    -3.13609     -3.1366 4.69549e-05
         590     -3.1363     -3.1366  4.6878e-05
         591    -3.13659     -3.1366 4.67987e-05
         592    -3.13689     -3.1366 4.67222e-05
         593    -3.13668     -3.1366 4.66436e-05
         594    -3.13754     -3.1366 4.65917e-05
         595    -3.13747     -3.1366 4.65361e-05
         596    -3.13678     -3.1366  4.6459e-05
         597     -3.1362     -3.1366 4.63861e-05
         598    -3.13699     -3.1366 4.63131e-05
         599    -3.13651     -3.1366 4.62361e-05
         600    -3.13738     -3.1366 4.61774e-05
