           1     1.87281     1.87281           0
           2     1.82437     1.84859   0.0171247
           3      1.7971     1.83143   0.0180741
           4      1.8137     1.82699   0.0140887
           5     1.80634     1.82286   0.0118608
           6     1.75663     1.81182   0.0141158
           7     1.80947     1.81149   0.0121033
           8     1.80282      1.8104   0.0106388
           9      1.8096     1.81031  0.00945705
          10     1.84946     1.81423  0.00928615
          11     1.80441     1.81334  0.00848474
          12     1.78403     1.81089  0.00812144
          13     1.77387     1.80805  0.00798046
          14     1.79283     1.80696   0.0074841
          15     1.79308     1.80603   0.0070421
          16     1.79287     1.80521  0.00664984
          17     1.78544     1.80405  0.00635955
          18     1.81916     1.80489   0.0060614
          19     1.79514     1.80438  0.00576406
          20     1.79477     1.80389  0.00549583
          21     1.80446     1.80392   0.0052342
          22     1.83232     1.80521  0.00515301
          23     1.84005     1.80673   0.0051467
          24     1.79448     1.80622  0.00495751
          25      1.7812     1.80522  0.00485916
          26     1.78168     1.80431  0.00475584
          27     1.81207      1.8046  0.00458837
          28     1.80647     1.80467  0.00442498
          29     1.75983     1.80312  0.00453446
          30     1.82246     1.80376  0.00442891
          31     1.80714     1.80387  0.00428738
          32     1.76773     1.80274  0.00429961
          33     1.81364     1.80307  0.00418197
          34     1.80432     1.80311  0.00405913
          35     1.79285     1.80282  0.00395372
          36     1.79286     1.80254  0.00385357
          37     1.79046     1.80221  0.00376322
          38     1.80295     1.80223  0.00366424
          39     1.83082     1.80297  0.00364288
          40     1.82647     1.80355  0.00359888
          41     1.78476      1.8031  0.00354017
          42      1.8004     1.80303  0.00345646
          43      1.8307     1.80367  0.00343543
          44     1.82399     1.80414  0.00338825
          45     1.80287     1.80411  0.00331308
          46     1.79333     1.80387  0.00324933
          47      1.8082     1.80397  0.00318149
          48     1.76713      1.8032  0.00320645
          49     1.82062     1.80355  0.00316067
          50     1.77044     1.80289  0.00316609
          51      1.8047     1.80293  0.00310421
          52      1.7865     1.80261  0.00306054
          53     1.81033     1.80276  0.00300626
          54     1.80023     1.80271  0.00295095
          55     1.74692      1.8017  0.00306667
          56      1.7946     1.80157  0.00301452
          57     1.82283     1.80194  0.00298463
          58     1.77699     1.80151    0.002964
          59     1.81855      1.8018  0.00292781
          60     1.79541     1.80169  0.00288095
          61     1.76541      1.8011  0.00289446
          62     1.80637     1.80118  0.00284902
          63     1.77469     1.80076  0.00283467
          64      1.8144     1.80098  0.00279837
          65     1.77787     1.80062   0.0027778
          66      1.7934     1.80051  0.00273786
          67     1.81128     1.80067  0.00270172
          68     1.81355     1.80086  0.00266861
          69     1.77539     1.80049  0.00265536
          70      1.7933     1.80039  0.00261941
          71      1.7987     1.80037  0.00258263
          72     1.78995     1.80022  0.00255081
          73     1.79065     1.80009  0.00251924
          74     1.77647     1.79977  0.00250534
          75     1.81571     1.79998  0.00248093
          76     1.79858     1.79997  0.00244835
          77     1.76999     1.79958   0.0024473
          78      1.7489     1.79893  0.00250068
          79     1.79613     1.79889  0.00246927
          80     1.78872     1.79876  0.00244168
          81     1.82619      1.7991  0.00243489
          82     1.82117     1.79937  0.00242003
          83     1.81727     1.79959  0.00240046
          84     1.81695     1.79979  0.00238076
          85     1.78601     1.79963  0.00235827
          86     1.78694     1.79948  0.00233546
          87     1.81069     1.79961  0.00231217
          88     1.78708     1.79947  0.00229027
          89     1.78296     1.79928  0.00227204
          90     1.79614     1.79925  0.00224707
          91      1.7202     1.79838  0.00238437
          92     1.75573     1.79792   0.0024031
          93     1.79278     1.79786   0.0023779
          94     1.77705     1.79764  0.00236289
          95     1.81002     1.79777   0.0023416
          96     1.76574     1.79744  0.00234086
          97     1.78702     1.79733  0.00231919
          98     1.74984     1.79685  0.00234562
          99     1.75028     1.79638  0.00236861
         100     1.79267     1.79634  0.00234522
         101     1.82705     1.79664  0.00234163
         102     1.77066     1.79639  0.00233249
         103     1.81431     1.79656  0.00231632
         104      1.8161     1.79675  0.00230165
         105     1.78866     1.79667  0.00228102
         106     1.80271     1.79673  0.00226021
         107     1.81068     1.79686  0.00224284
         108     1.81172       1.797   0.0022263
         109     1.79057     1.79694  0.00220665
         110     1.81836     1.79713  0.00219517
         111     1.81948     1.79733  0.00218461
         112     1.78248      1.7972  0.00216912
         113     1.79074     1.79714  0.00215068
         114     1.79804     1.79715  0.00213183
         115     1.76839      1.7969  0.00212791
         116     1.81282     1.79704  0.00211399
         117     1.83427     1.79736  0.00211973
         118     1.78026     1.79721  0.00210672
         119     1.82986     1.79749   0.0021068
         120      1.8195     1.79767  0.00209722
         121     1.79952     1.79769  0.00207994
         122       1.758     1.79736  0.00208818
         123     1.75931     1.79705    0.002094
         124     1.81706     1.79721  0.00208332
         125     1.78015     1.79708  0.00207112
         126     1.77308     1.79689  0.00206342
         127     1.82706     1.79712   0.0020608
         128     1.78263     1.79701  0.00204781
         129     1.81557     1.79715  0.00203698
         130     1.77483     1.79698  0.00202854
         131     1.78709     1.79691  0.00201446
         132     1.82353     1.79711  0.00200927
         133     1.80319     1.79715  0.00199468
         134     1.79942     1.79717  0.00197987
         135     1.76063      1.7969  0.00198362
         136     1.80517     1.79696  0.00196997
         137     1.79976     1.79698  0.00195569
         138     1.77257      1.7968  0.00194951
         139     1.80527     1.79687  0.00193643
         140     1.75062     1.79654  0.00195057
         141      1.8128     1.79665  0.00194015
         142     1.75058     1.79633  0.00195342
         143     1.75255     1.79602   0.0019636
         144     1.79561     1.79602  0.00194996
         145     1.77629     1.79588  0.00194125
         146     1.81002     1.79598  0.00193037
         147     1.81534     1.79611  0.00192173
         148     1.84128     1.79641  0.00193283
         149     1.81724     1.79655  0.00192491
         150     1.75621     1.79629  0.00193077
         151       1.799      1.7963  0.00191807
         152     1.81217     1.79641  0.00190829
         153     1.82532      1.7966  0.00190515
         154     1.77761     1.79647  0.00189676
         155     1.81632      1.7966  0.00188885
         156     1.80345     1.79665  0.00187725
         157     1.80147     1.79668  0.00186554
         158     1.80469     1.79673  0.00185442
         159     1.78862     1.79668  0.00184346
         160     1.80839     1.79675  0.00183339
         161     1.81634     1.79687  0.00182604
         162     1.81789       1.797  0.00181937
         163     1.78273     1.79691  0.00181031
         164     1.78833     1.79686  0.00180003
         165     1.78344     1.79678  0.00179096
         166     1.81362     1.79688  0.00178304
         167     1.80875     1.79695  0.00177378
         168     1.83349     1.79717   0.0017765
         169     1.80923     1.79724  0.00176742
         170     1.80195     1.79727  0.00175724
         171     1.81446     1.79737  0.00174984
         172     1.79158     1.79734  0.00173999
         173     1.77491     1.79721  0.00173475
         174     1.81808     1.79733  0.00172893
         175     1.79674     1.79732  0.00171905
         176     1.85352     1.79764  0.00173869
         177     1.79216     1.79761  0.00172914
         178     1.78261     1.79753  0.00172148
         179     1.79762     1.79753  0.00171186
         180     1.78699     1.79747  0.00170335
         181     1.78438      1.7974  0.00169548
         182     1.78433     1.79732  0.00168768
         183     1.78778     1.79727  0.00167926
         184     1.77161     1.79713  0.00167592
         185      1.8496     1.79742  0.00169069
         186     1.79519      1.7974  0.00168164
         187     1.79131     1.79737  0.00167296
         188     1.79136     1.79734  0.00166437
         189     1.80444     1.79738  0.00165599
         190     1.83412     1.79757  0.00165852
         191     1.75687     1.79736  0.00166347
         192     1.80904     1.79742  0.00165592
         193     1.77681     1.79731  0.00165078
         194     1.79486      1.7973  0.00164232
         195      1.7768     1.79719  0.00163726
         196     1.79133     1.79716  0.00162918
         197     1.79642     1.79716  0.00162091
         198     1.79095     1.79713  0.00161303
         199     1.82192     1.79725  0.00160972
         200     1.77932     1.79716  0.00160417
         201     1.76523     1.79701  0.00160404
         202     1.78949     1.79697  0.00159653
         203     1.77946     1.79688  0.00159099
         204     1.78447     1.79682  0.00158435
         205     1.82133     1.79694  0.00158113
         206     1.77593     1.79684  0.00157674
         207     1.76445     1.79668  0.00157687
         208     1.77979      1.7966  0.00157138
         209     1.76683     1.79646   0.0015703
         210     1.78167     1.79639   0.0015644
         211     1.80414     1.79642  0.00155742
         212     1.78877     1.79639  0.00155049
         213     1.77707      1.7963  0.00154586
         214     1.81845      1.7964   0.0015421
         215     1.84292     1.79662  0.00155003
         216     1.81616     1.79671  0.00154549
         217     1.78598     1.79666  0.00153916
         218     1.81618     1.79675   0.0015347
         219     1.80124     1.79677  0.00152783
         220     1.79898     1.79678  0.00152092
         221     1.84815     1.79701  0.00153169
         222     1.83838      1.7972  0.00153609
         223     1.84764     1.79742  0.00154576
         224     1.82624     1.79755   0.0015442
         225     1.83674     1.79773  0.00154713
         226     1.78172     1.79766  0.00154191
         227     1.82084     1.79776  0.00153849
         228     1.79542     1.79775  0.00153178
         229     1.76134     1.79759  0.00153332
         230     1.80836     1.79764  0.00152737
         231     1.81237      1.7977  0.00152209
         232     1.82974     1.79784  0.00152178
         233     1.80512     1.79787  0.00151557
         234     1.81696     1.79795  0.00151129
         235     1.79855     1.79795  0.00150486
         236     1.80689     1.79799  0.00149896
         237     1.79257     1.79797  0.00149281
         238     1.81823     1.79805  0.00148896
         239     1.80129     1.79807   0.0014828
         240     1.81067     1.79812  0.00147755
         241      1.8107     1.79817  0.00147234
         242     1.75226     1.79798  0.00147843
         243     1.80363       1.798  0.00147252
         244     1.80314     1.79803  0.00146664
         245      1.7944     1.79801  0.00146073
         246     1.78379     1.79795  0.00145593
         247     1.80553     1.79798  0.00145036
         248      1.8137     1.79805   0.0014459
         249     1.82095     1.79814  0.00144301
         250     1.82885     1.79826  0.00144246
         251      1.7705     1.79815  0.00144095
         252      1.8023     1.79817  0.00143532
         253     1.82356     1.79827  0.00143315
         254      1.7913     1.79824  0.00142777
         255     1.77197     1.79814  0.00142589
         256     1.82353     1.79824  0.00142376
         257     1.78069     1.79817  0.00141986
         258     1.78081      1.7981  0.00141595
         259     1.79686      1.7981  0.00141049
         260     1.81678     1.79817  0.00140689
         261     1.81956     1.79825  0.00140389
         262     1.78626      1.7982  0.00139928
         263     1.78308     1.79815  0.00139514
         264      1.7677     1.79803  0.00139461
         265     1.79803     1.79803  0.00138935
         266       1.756     1.79787  0.00139308
         267      1.7831     1.79782  0.00138896
         268     1.80106     1.79783  0.00138383
         269     1.82025     1.79791   0.0013812
         270     1.75905     1.79777  0.00138356
         271     1.79588     1.79776  0.00137847
         272     1.80853      1.7978  0.00137397
         273     1.77207     1.79771  0.00137217
         274     1.77787     1.79764  0.00136907
         275      1.7483     1.79746   0.0013758
         276     1.77037     1.79736  0.00137431
         277     1.77424     1.79727  0.00137188
         278     1.78888     1.79724  0.00136728
         279     1.79204     1.79723   0.0013625
         280     1.84767     1.79741  0.00136949
         281      1.8174     1.79748  0.00136647
         282     1.84751     1.79765  0.00137309
         283     1.80211     1.79767  0.00136833
         284     1.80076     1.79768  0.00136356
         285     1.79638     1.79768  0.00135878
         286     1.77754     1.79761  0.00135585
         287     1.76315     1.79749  0.00135643
         288     1.78634     1.79745  0.00135227
         289     1.80995     1.79749  0.00134829
         290       1.821     1.79757  0.00134607
         291     1.81554     1.79763  0.00134286
         292     1.78525     1.79759  0.00133893
         293     1.78487     1.79755  0.00133507
         294     1.76257     1.79743  0.00133582
         295     1.79249     1.79741  0.00133139
         296     1.80677     1.79744  0.00132727
         297     1.80103     1.79746  0.00132286
         298     1.77862     1.79739  0.00131993
         299     1.80345     1.79741  0.00131567
         300     1.75638     1.79728  0.00131838
         301      1.7946     1.79727  0.00131403
         302     1.83847      1.7974  0.00131674
         303     1.77975     1.79735  0.00131368
         304     1.79266     1.79733  0.00130945
         305       1.804     1.79735  0.00130534
         306     1.80968     1.79739   0.0013017
         307     1.80784     1.79743   0.0012979
         308     1.82093      1.7975  0.00129593
         309     1.84286     1.79765  0.00130002
         310     1.78268      1.7976  0.00129672
         311     1.77223     1.79752  0.00129512
         312     1.85733     1.79771  0.00130508
         313     1.83226     1.79782  0.00130557
         314     1.85893     1.79802  0.00131583
         315     1.77749     1.79795  0.00131327
         316     1.81522     1.79801  0.00131025
         317     1.79941     1.79801  0.00130613
         318     1.83079     1.79811  0.00130608
         319     1.76284       1.798  0.00130666
         320     1.82075     1.79807  0.00130451
         321     1.81207     1.79812  0.00130117
         322      1.8167     1.79817  0.00129841
         323      1.7452     1.79801  0.00130471
         324     1.77773     1.79795  0.00130218
         325     1.79895     1.79795  0.00129818
         326     1.80766     1.79798  0.00129454
         327     1.77838     1.79792  0.00129197
         328     1.82477       1.798  0.00129062
         329     1.76258      1.7979  0.00129118
         330     1.79155     1.79788  0.00128741
         331     1.80284     1.79789  0.00128361
         332     1.75229     1.79775  0.00128707
         333     1.79163     1.79774  0.00128333
         334     1.75575     1.79761  0.00128563
         335     1.81416     1.79766  0.00128275
         336     1.78704     1.79763  0.00127932
         337     1.81201     1.79767  0.00127623
         338     1.78357     1.79763  0.00127314
         339     1.79809     1.79763  0.00126938
         340     1.79629     1.79763  0.00126566
         341      1.8107     1.79766  0.00126252
         342     1.85322     1.79783  0.00126924
         343     1.80056     1.79783  0.00126557
         344     1.79521     1.79783  0.00126191
         345     1.80208     1.79784  0.00125831
         346     1.78979     1.79782  0.00125489
         347     1.77674     1.79776  0.00125274
         348      1.7981     1.79776  0.00124914
         349      1.8045     1.79778  0.00124571
         350     1.78666     1.79774  0.00124256
         351     1.81581      1.7978  0.00124008
         352     1.83232     1.79789  0.00124043
         353     1.77188     1.79782  0.00123911
         354     1.78706     1.79779  0.00123598
         355      1.7985     1.79779   0.0012325
         356     1.79641     1.79779  0.00122904
         357     1.79873     1.79779   0.0012256
         358      1.8133     1.79783  0.00122295
         359     1.80944     1.79787  0.00121997
         360     1.77884     1.79781  0.00121772
         361     1.81704     1.79787  0.00121551
         362     1.80929      1.7979  0.00121257
         363     1.82057     1.79796  0.00121083
         364      1.8214     1.79802  0.00120922
         365     1.78021     1.79798  0.00120689
         366      1.7964     1.79797   0.0012036
         367     1.80019     1.79798  0.00120034
         368     1.82373     1.79805  0.00119911
         369     1.76822     1.79797  0.00119858
         370     1.81479     1.79801  0.00119621
         371     1.78278     1.79797  0.00119369
         372     1.83955     1.79808   0.0011957
         373     1.82361     1.79815  0.00119445
         374     1.78617     1.79812  0.00119169
         375     1.82312     1.79819  0.00119037
         376     1.75988     1.79808  0.00119156
         377     1.80949     1.79811  0.00118878
         378     1.83826     1.79822  0.00119037
         379     1.83122     1.79831  0.00119041
         380     1.79315     1.79829  0.00118736
         381     1.79918      1.7983  0.00118424
         382     1.77347     1.79823  0.00118292
         383     1.79693     1.79823  0.00117984
         384     1.79653     1.79822  0.00117678
         385     1.82044     1.79828  0.00117513
         386     1.80843     1.79831  0.00117238
         387     1.84066     1.79842  0.00117445
         388     1.83483     1.79851  0.00117517
         389     1.78333     1.79847   0.0011728
         390     1.79628     1.79847   0.0011698
         391     1.81844     1.79852  0.00116793
         392     1.79458     1.79851  0.00116499
         393     1.82589     1.79858  0.00116411
         394     1.82031     1.79863  0.00116246
         395     1.79465     1.79862  0.00115956
         396     1.82972      1.7987  0.00115929
         397     1.82679     1.79877  0.00115853
         398     1.80002     1.79877  0.00115562
         399      1.7837     1.79874  0.00115334
         400     1.80902     1.79876  0.00115074
         401     1.81991     1.79882  0.00114908
         402     1.81638     1.79886  0.00114705
         403     1.81012     1.79889  0.00114455
         404     1.78538     1.79885   0.0011422
         405     1.78387     1.79882  0.00113998
         406     1.76961     1.79874  0.00113944
         407     1.78227      1.7987  0.00113736
         408     1.78183     1.79866  0.00113532
         409     1.78279     1.79862  0.00113321
         410     1.84497     1.79874  0.00113607
         411     1.82031     1.79879  0.00113452
         412     1.82861     1.79886  0.00113407
         413     1.80529     1.79888  0.00113143
         414     1.78592     1.79885  0.00112913
         415     1.80417     1.79886  0.00112648
         416     1.71217     1.79865  0.00114289
         417     1.82515     1.79871  0.00114191
         418     1.81601     1.79876  0.00113993
         419      1.8226     1.79881  0.00113863
         420     1.83103     1.79889   0.0011385
         421     1.79986     1.79889   0.0011358
         422     1.77258     1.79883  0.00113481
         423     1.83021      1.7989  0.00113455
         424     1.81861     1.79895  0.00113283
         425     1.77411     1.79889  0.00113167
         426     1.79026     1.79887   0.0011292
         427     1.81767     1.79891  0.00112741
         428     1.80461     1.79893  0.00112485
         429     1.80411     1.79894   0.0011223
         430     1.78839     1.79892  0.00111996
         431     1.79986     1.79892  0.00111736
         432     1.80175     1.79892  0.00111479
         433     1.79397     1.79891  0.00111228
         434     1.82115     1.79896  0.00111089
         435     1.79147     1.79895  0.00110847
         436     1.80937     1.79897  0.00110619
         437     1.79674     1.79897  0.00110367
         438     1.80397     1.79898  0.00110121
         439     1.77469     1.79892  0.00110009
         440     1.77941     1.79888  0.00109848
         441     1.80307     1.79889  0.00109603
         442     1.83106     1.79896  0.00109597
         443      1.7836     1.79893  0.00109404
         444      1.8141     1.79896  0.00109211
         445     1.79188     1.79894  0.00108977
         446     1.79274     1.79893  0.00108742
         447      1.8096     1.79895  0.00108525
         448     1.81755     1.79899  0.00108362
         449     1.78372     1.79896  0.00108174
         450     1.78699     1.79893  0.00107966
         451     1.76233     1.79885  0.00108031
         452     1.78503     1.79882  0.00107836
         453     1.80208     1.79883    0.001076
         454      1.7891     1.79881  0.00107384
         455     1.79184     1.79879  0.00107159
         456     1.80581     1.79881  0.00106935
         457     1.79511      1.7988  0.00106704
         458     1.75691     1.79871  0.00106863
         459     1.83109     1.79878  0.00106862
         460      1.8319     1.79885  0.00106872
         461     1.77436      1.7988  0.00106773
         462     1.77153     1.79874  0.00106704
         463     1.78041      1.7987  0.00106547
         464      1.8241     1.79875  0.00106458
         465     1.75545     1.79866  0.00106636
         466      1.7891     1.79864  0.00106427
         467     1.82328     1.79869  0.00106329
         468     1.83546     1.79877  0.00106392
         469      1.8307     1.79884  0.00106383
         470     1.81992     1.79888  0.00106251
         471     1.79849     1.79888  0.00106025
         472     1.80038     1.79889  0.00105801
         473     1.80645      1.7989   0.0010559
         474     1.80472     1.79892  0.00105374
         475     1.81195     1.79894  0.00105188
         476     1.79017     1.79892  0.00104983
         477     1.79676     1.79892  0.00104764
         478     1.76462     1.79885   0.0010479
         479     1.79182     1.79883  0.00104582
         480     1.81858     1.79887  0.00104445
         481     1.85282     1.79899  0.00104828
         482     1.81913     1.79903  0.00104694
         483     1.79653     1.79902  0.00104478
         484     1.79712     1.79902  0.00104263
         485     1.78897       1.799  0.00104069
         486     1.79652     1.79899  0.00103856
         487     1.81896     1.79903  0.00103724
         488     1.81109     1.79906   0.0010354
         489     1.77922     1.79902  0.00103408
         490     1.84135     1.79911  0.00103557
         491     1.79096     1.79909   0.0010336
         492     1.75292     1.79899  0.00103575
         493     1.80115       1.799  0.00103366
         494     1.78615     1.79897  0.00103189
         495     1.76416      1.7989   0.0010322
         496     1.80007     1.79891  0.00103012
         497     1.82658     1.79896  0.00102955
         498     1.78769     1.79894  0.00102773
         499     1.77617     1.79889  0.00102669
         500     1.79893     1.79889  0.00102463
         501     1.81472     1.79892  0.00102308
         502     1.75031     1.79883  0.00102561
         503     1.81382     1.79886    0.001024
         504     1.84502     1.79895  0.00102606
         505      1.7896     1.79893   0.0010242
         506     1.77195     1.79888  0.00102356
         507     1.79734     1.79887  0.00102154
         508     1.81765     1.79891   0.0010202
         509     1.78623     1.79889   0.0010185
         510     1.78513     1.79886  0.00101686
         511     1.80964     1.79888  0.00101509
         512     1.82426     1.79893  0.00101432
         513     1.83134     1.79899  0.00101431
         514     1.78421     1.79896  0.00101274
         515     1.81625       1.799  0.00101133
         516      1.8021       1.799  0.00100939
         517     1.77697     1.79896  0.00100833
         518     1.80077     1.79896  0.00100639
         519     1.81023     1.79899  0.00100469
         520     1.80148     1.79899  0.00100277
         521     1.77337     1.79894  0.00100205
         522     1.83822     1.79902  0.00100295
         523     1.82686     1.79907  0.00100244
         524     1.77388     1.79902  0.00100168
         525     1.81887     1.79906  0.00100049
         526     1.79451     1.79905 0.000998624
         527     1.78236     1.79902 0.000997231
         528       1.808     1.79904 0.000995487
         529     1.76345     1.79897 0.000995876
         530     1.79468     1.79896  0.00099403
         531     1.78276     1.79893 0.000992625
         532     1.77754     1.79889 0.000991574
         533     1.79164     1.79888 0.000989807
         534     1.80952      1.7989 0.000988154
         535     1.81066     1.79892 0.000986551
         536     1.76293     1.79885 0.000986993
         537     1.76169     1.79878 0.000987578
         538     1.80571      1.7988 0.000985826
         539     1.80343      1.7988 0.000984035
         540     1.80274     1.79881 0.000982239
         541     1.80997     1.79883  0.00098064
         542     1.78914     1.79881 0.000978994
         543      1.7849     1.79879 0.000977526
         544     1.80055     1.79879 0.000975735
         545     1.77489     1.79875 0.000974929
         546      1.7981     1.79875 0.000973145
         547     1.78818     1.79873 0.000971557
         548     1.82107     1.79877 0.000970639
         549     1.76221      1.7987 0.000971153
         550     1.81645     1.79873 0.000969923
         551     1.85269     1.79883 0.000973093
         552     1.78244      1.7988 0.000971783
         553     1.80842     1.79882 0.000970181
         554     1.79865     1.79882  0.00096843
         555     1.80069     1.79882 0.000966691
         556     1.81995     1.79886 0.000965698
         557     1.80531     1.79887 0.000964034
         558      1.8209     1.79891 0.000963114
         559     1.80878     1.79893 0.000961553
         560     1.81341     1.79896 0.000960184
         561     1.82225       1.799  0.00095937
         562     1.80457     1.79901 0.000957714
         563     1.80291     1.79901 0.000956038
         564      1.8236     1.79906 0.000955336
         565     1.80918     1.79908 0.000953814
         566     1.82329     1.79912 0.000953087
         567     1.80686     1.79913 0.000951504
         568     1.81386     1.79916 0.000950182
         569      1.8037     1.79917 0.000948546
         570     1.80855     1.79918 0.000947024
         571     1.80669      1.7992 0.000945457
         572     1.79932      1.7992 0.000943804
         573      1.8143     1.79922 0.000942525
         574     1.78945      1.7992 0.000941037
         575     1.81255     1.79923 0.000939687
         576     1.79633     1.79922 0.000938069
         577     1.81085     1.79924  0.00093666
         578     1.81649     1.79927 0.000935514
         579     1.78133     1.79924 0.000934412
         580     1.80564     1.79925 0.000932866
         581      1.8171     1.79928 0.000931766
         582     1.80308     1.79929 0.000930188
         583     1.85281     1.79938 0.000933111
         584     1.77369     1.79934  0.00093255
         585     1.84046     1.79941 0.000933601
         586     1.76614     1.79935 0.000933733
         587      1.7898     1.79934 0.000932284
         588     1.78856     1.79932 0.000930879
         589     1.79036      1.7993 0.000929422
         590     1.74903     1.79922 0.000931744
         591     1.81744     1.79925 0.000930678
         592     1.79444     1.79924 0.000929141
         593     1.77656      1.7992 0.000928361
         594     1.82614     1.79925 0.000927905
         595     1.79353     1.79924 0.000926395
         596     1.78495     1.79921  0.00092515
         597     1.82539     1.79926  0.00092464
         598     1.78362     1.79923 0.000923463
         599     1.82366     1.79927 0.000922821
         600     1.77843     1.79924 0.000921937
