           1     9.62527     9.62527           0
           2     9.61344     9.61936  0.00418324
           3     9.64704     9.62858  0.00803359
           4     9.62949     9.62881  0.00602841
           5     9.60164     9.62338  0.00684731
           6     9.64669     9.62726   0.0067187
           7     9.56483     9.61834   0.0100675
           8     9.61511     9.61794  0.00881721
           9      9.6005       9.616  0.00804761
          10     9.62502      9.6169  0.00729316
          11     9.61731     9.61694  0.00663024
          12     9.59315     9.61496  0.00636717
          13     9.59252     9.61323  0.00610676
          14     9.64601     9.61557  0.00610296
          15     9.58883     9.61379  0.00595083
          16     9.58206     9.61181  0.00590002
          17     9.57649     9.60973   0.0059074
          18     9.61468        9.61   0.0055856
          19     9.60349     9.60966  0.00530212
          20      9.6322     9.61079  0.00515541
          21     9.63245     9.61182  0.00501206
          22     9.60935     9.61171   0.0047855
          23     9.64626     9.61321  0.00480746
          24      9.6267     9.61377  0.00463987
          25     9.61047     9.61364  0.00445615
          26     9.60803     9.61342  0.00428999
          27     9.65223     9.61486  0.00436521
          28     9.57976     9.61361  0.00438561
          29     9.60374     9.61327  0.00424755
          30     9.63892     9.61412  0.00419116
          31     9.57478     9.61285  0.00424374
          32     9.62215     9.61314  0.00412104
          33     9.62321     9.61345  0.00400744
          34     9.60655     9.61325  0.00389471
          35       9.626     9.61361  0.00380043
          36     9.63877     9.61431  0.00375858
          37     9.58254     9.61345   0.0037538
          38     9.61785     9.61357   0.0036568
          39     9.61864      9.6137  0.00356535
          40     9.62261     9.61392  0.00348318
          41     9.61441     9.61393  0.00339824
          42     9.64218      9.6146  0.00338322
          43     9.60721     9.61443  0.00330891
          44     9.59911     9.61408  0.00325197
          45     9.60931     9.61398  0.00318144
          46       9.616     9.61402  0.00311258
          47     9.57987      9.6133  0.00313001
          48     9.59153     9.61284  0.00309748
          49     9.60701     9.61272  0.00303655
          50     9.58691     9.61221  0.00301939
          51     9.58763     9.61173  0.00299838
          52     9.61214     9.61173  0.00294073
          53     9.60714     9.61165  0.00288653
          54     9.58146     9.61109  0.00288668
          55     9.60354     9.61095  0.00283746
          56     9.59607     9.61068  0.00279921
          57     9.62911     9.61101  0.00276871
          58     9.61222     9.61103  0.00272105
          59      9.5388      9.6098  0.00293743
          60     9.64039     9.61031  0.00293236
          61     9.60775     9.61027  0.00288459
          62     9.60647     9.61021  0.00283872
          63     9.64698     9.61079  0.00285304
          64     9.60546     9.61071  0.00280968
          65     9.58458     9.61031  0.00279507
          66     9.66695     9.61117  0.00288145
          67     9.58013      9.6107  0.00287544
          68      9.6029     9.61059  0.00283544
          69     9.61886     9.61071  0.00279688
          70     9.62618     9.61093  0.00276564
          71     9.63629     9.61129  0.00274966
          72     9.62644      9.6115  0.00271951
          73     9.59216     9.61123  0.00269513
          74     9.61109     9.61123  0.00265871
          75     9.61575     9.61129  0.00262395
          76     9.60408      9.6112  0.00259113
          77     9.61476     9.61124  0.00255789
          78     9.61048     9.61123  0.00252512
          79     9.58744     9.61093  0.00251106
          80     9.60621     9.61087  0.00248036
          81     9.59458     9.61067  0.00245789
          82     9.64663     9.61111  0.00246673
          83      9.5923     9.61088   0.0024474
          84     9.62212     9.61102  0.00242192
          85     9.57768     9.61063  0.00242498
          86     9.60665     9.61058  0.00239722
          87     9.59778     9.61043  0.00237417
          88     9.63868     9.61075  0.00236879
          89     9.59299     9.61055  0.00235056
          90     9.59758     9.61041  0.00232886
          91     9.60135     9.61031   0.0023054
          92     9.59851     9.61018   0.0022839
          93     9.63171     9.61041  0.00227105
          94     9.62255     9.61054  0.00225056
          95     9.59018     9.61033  0.00223705
          96     9.61273     9.61035  0.00221389
          97     9.65617     9.61082   0.0022409
          98     9.59343     9.61065  0.00222505
          99     9.63737     9.61092  0.00221889
         100     9.60161     9.61082  0.00219865
         101     9.63275     9.61104  0.00218757
         102      9.6058     9.61099  0.00216672
         103     9.62405     9.61112  0.00214939
         104     9.59321     9.61094  0.00213561
         105     9.62244     9.61105  0.00211807
         106     9.63185     9.61125  0.00210716
         107      9.5945     9.61109  0.00209327
         108     9.60718     9.61106   0.0020742
         109     9.60009     9.61096  0.00205761
         110     9.62982     9.61113  0.00204604
         111     9.60209     9.61105  0.00202922
         112     9.62374     9.61116  0.00201427
         113     9.63006     9.61133  0.00200337
         114     9.60791      9.6113  0.00198602
         115     9.62919     9.61145  0.00197483
         116      9.6186     9.61151  0.00195877
         117     9.60994      9.6115  0.00194208
         118     9.57327     9.61118  0.00195245
         119     9.59963     9.61108  0.00193845
         120     9.63033     9.61124  0.00192893
         121     9.62014     9.61131  0.00191439
         122     9.59757      9.6112  0.00190201
         123     9.61789     9.61126  0.00188732
         124     9.61699      9.6113  0.00187267
         125      9.6028     9.61123  0.00185892
         126     9.61192     9.61124  0.00184418
         127      9.6378     9.61145  0.00184147
         128     9.58621     9.61125  0.00183761
         129     9.62801     9.61138  0.00182795
         130     9.60934     9.61137  0.00181396
         131     9.63906     9.61158  0.00181239
         132     9.63082     9.61172  0.00180451
         133     9.66022     9.61209  0.00182741
         134     9.63295     9.61224   0.0018204
         135     9.61896     9.61229  0.00180759
         136     9.60649     9.61225   0.0017948
         137     9.59033     9.61209  0.00178882
         138     9.58321     9.61188  0.00178806
         139     9.60627     9.61184  0.00177565
         140     9.62087     9.61191  0.00176414
         141     9.61457     9.61192  0.00175173
         142     9.65056      9.6122   0.0017604
         143     9.61218      9.6122  0.00174809
         144     9.60067     9.61212  0.00173778
         145     9.59805     9.61202   0.0017285
         146     9.62387      9.6121  0.00171856
         147     9.61498     9.61212  0.00170699
         148     9.63468     9.61227  0.00170224
         149      9.6447     9.61249  0.00170467
         150     9.58882     9.61233   0.0017006
         151      9.5917      9.6122  0.00169482
         152     9.63355     9.61234  0.00168948
         153     9.59893     9.61225  0.00168071
         154     9.64544     9.61246  0.00168356
         155     9.58721      9.6123  0.00168057
         156     9.61546     9.61232  0.00166992
         157     9.64541     9.61253  0.00167253
         158     9.62948     9.61264  0.00166538
         159     9.60726     9.61261  0.00165525
         160     9.60159     9.61254  0.00164633
         161     9.61574     9.61256  0.00163623
         162     9.64891     9.61278  0.00164145
         163     9.59766     9.61269    0.001634
         164     9.59221     9.61256   0.0016288
         165     9.57268     9.61232  0.00163676
         166     9.63229     9.61244  0.00163132
         167     9.58754     9.61229  0.00162835
         168     9.64935     9.61251  0.00163353
         169     9.62464     9.61258  0.00162544
         170     9.58338     9.61241  0.00162493
         171     9.58706     9.61226  0.00162218
         172     9.64327     9.61245  0.00162273
         173     9.64939     9.61266  0.00162734
         174     9.62266     9.61272    0.001619
         175     9.63608     9.61285  0.00161525
         176     9.64105     9.61301    0.001614
         177      9.6375     9.61315   0.0016108
         178     9.63459     9.61327  0.00160624
         179     9.62135     9.61331  0.00159791
         180     9.60918     9.61329  0.00158919
         181     9.62126     9.61333  0.00158102
         182     9.63202     9.61344  0.00157567
         183     9.62841     9.61352  0.00156918
         184     9.62151     9.61356  0.00156125
         185     9.55339     9.61324  0.00158633
         186     9.65512     9.61346   0.0015937
         187      9.6199      9.6135  0.00158555
         188     9.59339     9.61339  0.00158072
         189     9.57135     9.61317  0.00158793
         190     9.62304     9.61322  0.00158042
         191     9.62089     9.61326  0.00157266
         192     9.59081     9.61314  0.00156881
         193     9.66112     9.61339  0.00158025
         194     9.61927     9.61342   0.0015724
         195     9.64684     9.61359  0.00157365
         196     9.63308     9.61369  0.00156876
         197     9.63526      9.6138  0.00156461
         198     9.58088     9.61364  0.00156552
         199     9.63638     9.61375  0.00156181
         200     9.62736     9.61382  0.00155549
         201      9.5947     9.61372  0.00155066
         202     9.59023     9.61361  0.00154734
         203     9.63997     9.61374  0.00154515
         204      9.5904     9.61362  0.00154181
         205     9.62228     9.61366  0.00153487
         206     9.64142      9.6138  0.00153332
         207     9.60875     9.61377   0.0015261
         208     9.57739      9.6136  0.00152876
         209     9.63662     9.61371  0.00152541
         210     9.64473     9.61386  0.00152528
         211     9.62348      9.6139  0.00151873
         212     9.58921     9.61379  0.00151603
         213      9.6183     9.61381  0.00150906
         214     9.59804     9.61373   0.0015038
         215     9.61782     9.61375  0.00149693
         216     9.64532      9.6139  0.00149712
         217     9.59979     9.61383  0.00149163
         218     9.59274     9.61374  0.00148792
         219     9.60245     9.61369  0.00148202
         220      9.5762     9.61352  0.00148505
         221     9.61951     9.61354  0.00147858
         222     9.57072     9.61335  0.00148444
         223     9.59146     9.61325  0.00148103
         224     9.58729     9.61314  0.00147895
         225     9.61827     9.61316  0.00147255
         226      9.5968     9.61309  0.00146781
         227     9.58641     9.61297  0.00146604
         228     9.59981     9.61291  0.00146075
         229     9.60324     9.61287  0.00145498
         230     9.61421     9.61287  0.00144866
         231     9.59694     9.61281  0.00144403
         232     9.61937     9.61283  0.00143809
         233     9.60819     9.61281  0.00143205
         234     9.61278     9.61281  0.00142593
         235     9.61491     9.61282  0.00141989
         236     9.62846     9.61289  0.00141542
         237     9.62865     9.61296  0.00141101
         238     9.63081     9.61303  0.00140707
         239     9.64773     9.61318  0.00140866
         240     9.57944     9.61304  0.00140978
         241     9.58542     9.61292  0.00140858
         242     9.59878     9.61286  0.00140397
         243     9.63489     9.61295  0.00140112
         244     9.58006     9.61282  0.00140185
         245     9.60427     9.61278  0.00139656
         246     9.58476     9.61267  0.00139552
         247     9.60525     9.61264  0.00139019
         248     9.59406     9.61256   0.0013866
         249     9.61905     9.61259  0.00138128
         250     9.61268     9.61259  0.00137575
         251     9.58222     9.61247  0.00137558
         252     9.60114     9.61243  0.00137086
         253      9.5993     9.61237  0.00136642
         254     9.60077     9.61233  0.00136181
         255     9.59533     9.61226   0.0013581
         256     9.61811     9.61228  0.00135298
         257     9.63719     9.61238  0.00135119
         258      9.6099     9.61237  0.00134598
         259     9.54831     9.61212  0.00136332
         260     9.56342     9.61194  0.00137089
         261     9.62733       9.612   0.0013669
         262      9.6014     9.61195  0.00136228
         263     9.64245     9.61207  0.00136203
         264     9.59641     9.61201  0.00135816
         265     9.63772     9.61211   0.0013565
         266     9.60911      9.6121  0.00135144
         267     9.61223      9.6121  0.00134638
         268     9.62777     9.61216  0.00134263
         269     9.61211     9.61216  0.00133764
         270     9.63671     9.61225  0.00133577
         271     9.57533     9.61211  0.00133777
         272     9.62236     9.61215  0.00133338
         273     9.60912     9.61214  0.00132854
         274     9.62446     9.61218  0.00132446
         275     9.63571     9.61227   0.0013224
         276     9.58296     9.61216  0.00132187
         277     9.62648     9.61221   0.0013181
         278     9.61666     9.61223  0.00131346
         279     9.60378      9.6122   0.0013091
         280     9.57325     9.61206   0.0013118
         281     9.58489     9.61196  0.00131069
         282     9.65343     9.61211  0.00131426
         283      9.6046     9.61208  0.00130989
         284     9.58555     9.61199   0.0013086
         285      9.6561     9.61215  0.00131313
         286     9.60038      9.6121  0.00130918
         287     9.60048     9.61206  0.00130525
         288     9.64119     9.61216  0.00130463
         289     9.61563     9.61218  0.00130017
         290     9.60525     9.61215   0.0012959
         291     9.59847     9.61211   0.0012923
         292     9.59647     9.61205  0.00128899
         293      9.6031     9.61202  0.00128495
         294     9.62262     9.61206  0.00128108
         295     9.64511     9.61217  0.00128163
         296     9.57647     9.61205  0.00128297
         297     9.60618     9.61203   0.0012788
         298     9.62983     9.61209   0.0012759
         299     9.60929     9.61208  0.00127167
         300     9.61178     9.61208  0.00126743
