           1     2.18783     2.18783           0
           2     2.46689     2.32736   0.0986612
           3     2.63166     2.42879     0.10576
           4     2.64235     2.48218   0.0918121
           5     2.59658     2.50506   0.0762469
           6     2.85069     2.56267   0.0824775
           7     2.59637     2.56748   0.0708354
           8     2.58951     2.57024   0.0620345
           9     2.48481     2.56074   0.0558632
          10     2.40086     2.54476    0.052515
          11     2.62598     2.55214   0.0482573
          12     2.68239     2.56299   0.0454401
          13      2.7634     2.57841    0.044483
          14     2.71157     2.58792   0.0423102
          15     2.63117      2.5908   0.0395877
          16     2.62545     2.59297   0.0371726
          17     2.69677     2.59908   0.0354839
          18     2.54585     2.59612   0.0336355
          19     2.57737     2.59513   0.0318797
          20     2.61685     2.59622   0.0303042
          21     2.59913     2.59636   0.0288615
          22     2.49993     2.59197   0.0278804
          23     2.34397     2.58119   0.0286776
          24     2.57386     2.58088   0.0274844
          25     2.67612     2.58469   0.0266477
          26     2.59348     2.58503   0.0256249
          27     2.58254     2.58494    0.024676
          28     2.64705     2.58716   0.0238942
          29     2.80531     2.59468   0.0242255
          30     2.49134     2.59124   0.0236616
          31     2.64679     2.59303   0.0229661
          32     2.77893     2.59884   0.0229714
          33     2.62993     2.59978   0.0222946
          34     2.65263     2.60133    0.021693
          35     2.64014     2.60244   0.0211015
          36     2.61677     2.60284   0.0205191
          37     2.71135     2.60577    0.020173
          38      2.5964     2.60553   0.0196436
          39     2.53086     2.60361    0.019233
          40     2.47043     2.60028   0.0190382
          41      2.7358     2.60359   0.0188586
          42     2.63302     2.60429   0.0184226
          43     2.31617     2.59759    0.019174
          44     2.52814     2.59601   0.0188031
          45     2.52369      2.5944   0.0184538
          46     2.62707     2.59511   0.0180662
          47     2.54013     2.59394   0.0177197
          48     2.76873     2.59758   0.0177208
          49     2.51852     2.59597   0.0174324
          50     2.78849     2.59982   0.0175038
          51     2.65989       2.601   0.0172002
          52     2.69406     2.60279   0.0169623
          53     2.57823     2.60233   0.0166486
          54     2.54478     2.60126   0.0163743
          55     2.81933     2.60522   0.0165497
          56     2.60744     2.60526   0.0162542
          57     2.48637     2.60318   0.0161023
          58     2.75179     2.60574   0.0160272
          59     2.54954     2.60479   0.0157839
          60     2.69536      2.6063   0.0155928
          61      2.8277     2.60993    0.015754
          62      2.5788     2.60943   0.0155079
          63     2.68106     2.61056   0.0153034
          64     2.53453     2.60937   0.0151103
          65     2.67303     2.61035   0.0149095
          66     2.74827     2.61244   0.0148293
          67     2.58025     2.61196   0.0146158
          68      2.4851      2.6101   0.0145194
          69      2.6888     2.61124   0.0143537
          70     2.74222     2.61311   0.0142701
          71     2.64643     2.61358   0.0140769
          72     2.66996     2.61436   0.0139031
          73     2.73187     2.61597   0.0138055
          74     2.86097     2.61928   0.0140104
          75     2.56672     2.61858   0.0138411
          76     2.64742     2.61896   0.0136642
          77     2.76181     2.62082    0.013612
          78     2.82498     2.62343   0.0136869
          79     2.58959       2.623   0.0135203
          80     2.67104     2.62361   0.0133647
          81     2.52904     2.62244   0.0132506
          82     2.46878     2.62056   0.0132208
          83     2.48945     2.61898   0.0131556
          84     2.66587     2.61954   0.0130108
          85     2.72435     2.62078    0.012916
          86     2.75009     2.62228   0.0128531
          87     2.54756     2.62142    0.012734
          88     2.68944     2.62219   0.0126127
          89     2.66282     2.62265   0.0124793
          90     2.60027      2.6224   0.0123431
          91     2.99577      2.6265   0.0128713
          92     2.83766      2.6288   0.0129344
          93     2.69889     2.62955   0.0128173
          94      2.7704     2.63105   0.0127682
          95     2.61269     2.63086   0.0126353
          96     2.66377      2.6312   0.0125083
          97     2.57835     2.63066   0.0123912
          98      2.8655     2.63305   0.0124944
          99     2.96285     2.63638   0.0128046
         100     2.73346     2.63735   0.0127133
         101     2.55343     2.63652   0.0126145
         102     2.66373     2.63679   0.0124936
         103     2.51827     2.63564   0.0124252
         104     2.49802     2.63432    0.012376
         105     2.67126     2.63467   0.0122632
         106     2.70233     2.63531   0.0121641
         107     2.55401     2.63455   0.0120741
         108     2.43418     2.63269    0.012104
         109     2.63008     2.63267    0.011993
         110     2.49543     2.63142   0.0119487
         111     2.48248     2.63008   0.0119161
         112     2.60066     2.62982   0.0118126
         113     2.67566     2.63022    0.011715
         114     2.55712     2.62958   0.0116298
         115     2.88235     2.63178   0.0117346
         116      2.5366     2.63096    0.011662
         117     2.55003     2.63027   0.0115829
         118     2.72337     2.63105   0.0115115
         119     2.60386     2.63083   0.0114171
         120     2.40347     2.62893   0.0114781
         121     2.61048     2.62878   0.0113842
         122     2.87569      2.6308   0.0114694
         123     2.72274     2.63155   0.0114005
         124     2.61386     2.63141   0.0113094
         125     2.71956     2.63211   0.0112409
         126     2.67366     2.63244   0.0111565
         127     2.52238     2.63158   0.0111023
         128     2.71458     2.63222   0.0110345
         129     2.53833      2.6315   0.0109729
         130     2.69494     2.63198   0.0108994
         131     2.66097     2.63221   0.0108184
         132     2.42991     2.63067   0.0108445
         133     2.53365     2.62994   0.0107874
         134     2.55056     2.62935   0.0107232
         135     2.85931     2.63105   0.0107782
         136     2.62541     2.63101    0.010699
         137     2.65995     2.63122    0.010623
         138     2.86457     2.63292   0.0106798
         139     2.77043      2.6339   0.0106487
         140     2.83886     2.63537   0.0106728
         141     2.49359     2.63436   0.0106443
         142     2.95806     2.63664   0.0108107
         143     2.79925     2.63778   0.0107948
         144     2.66649     2.63798   0.0107216
         145     2.61466     2.63782   0.0106489
         146     2.46919     2.63666   0.0106384
         147     2.54758     2.63606   0.0105833
         148     2.54255     2.63543   0.0105306
         149     2.53313     2.63474   0.0104823
         150     2.72392     2.63533   0.0104293
         151     2.56986      2.6349   0.0103692
         152      2.5404     2.63428   0.0103196
         153     2.72346     2.63486   0.0102686
         154     2.72544     2.63545   0.0102188
         155     2.59127     2.63516   0.0101568
         156     2.60048     2.63494   0.0100941
         157     2.59563     2.63469   0.0100329
         158     2.55417     2.63418  0.00998238
         159     2.73921     2.63484  0.00994143
         160     2.59735     2.63461  0.00988206
         161     2.54486     2.63405  0.00983639
         162      2.4611     2.63298  0.00983344
         163     2.72738     2.63356  0.00979015
         164     2.74223     2.63422  0.00975285
         165     2.61581     2.63411  0.00969438
         166     2.59595     2.63388   0.0096387
         167      2.5725     2.63352  0.00958799
         168     2.50357     2.63274  0.00956207
         169     2.56376     2.63233   0.0095142
         170     2.72403     2.63287  0.00947351
         171     2.61171     2.63275  0.00941892
         172     2.71664     2.63324  0.00937677
         173     2.72109     2.63375  0.00933632
         174     2.53497     2.63318   0.0092999
         175     2.50113     2.63242  0.00927732
         176     2.36546     2.63091  0.00934779
         177     2.72091     2.63141  0.00930879
         178     2.71426     2.63188  0.00926812
         179      2.5902     2.63165  0.00921927
         180     2.53472     2.63111  0.00918376
         181     2.69646     2.63147  0.00914012
         182     2.65105     2.63158  0.00909053
         183      2.7658     2.63231   0.0090704
         184     2.76099     2.63301  0.00904802
         185     2.41308     2.63182  0.00907688
         186     2.73721     2.63239  0.00904574
         187     2.64733     2.63247  0.00899772
         188     2.60134      2.6323  0.00895139
         189     2.54962     2.63186  0.00891471
         190     2.50691     2.63121  0.00889202
         191     2.79652     2.63207  0.00888748
         192      2.6276     2.63205  0.00884122
         193     2.86662     2.63326  0.00887856
         194     2.60737     2.63313   0.0088338
         195     2.84994     2.63424  0.00885819
         196     2.69592     2.63456  0.00881859
         197     2.65266     2.63465   0.0087743
         198     2.62247     2.63459   0.0087302
         199     2.51612     2.63399  0.00870661
         200      2.7099     2.63437  0.00867134
         201     2.89998     2.63569  0.00872831
         202      2.6632     2.63583  0.00868616
         203     2.81445     2.63671  0.00868783
         204     2.69465     2.63699  0.00864988
         205     2.55124     2.63658   0.0086178
         206     2.77294     2.63724  0.00860135
         207     2.77016     2.63788  0.00858373
         208     2.68288      2.6381  0.00854519
         209     2.77803     2.63877  0.00853049
         210     2.62933     2.63872  0.00848999
         211     2.58209     2.63845    0.008454
         212     2.54408     2.63801  0.00842583
         213     2.66886     2.63815  0.00838752
         214     2.59761     2.63796  0.00835046
         215     2.52718     2.63745   0.0083275
         216      2.4165     2.63642  0.00835154
         217     2.64186     2.63645  0.00831309
         218     2.53396     2.63598  0.00828824
         219     2.59066     2.63577  0.00825298
         220     2.64587     2.63582  0.00821559
         221     2.42751     2.63488  0.00823231
         222     2.47659     2.63416  0.00822605
         223     2.41373     2.63317  0.00824834
         224      2.4705     2.63245  0.00824342
         225      2.3732      2.6313  0.00828692
         226     2.60398     2.63117  0.00825113
         227     2.46761     2.63045  0.00824618
         228      2.7962     2.63118    0.008242
         229     2.83692     2.63208  0.00825482
         230     2.64136     2.63212  0.00821903
         231     2.62436     2.63209  0.00818352
         232     2.53087     2.63165  0.00815987
         233     2.59408     2.63149  0.00812644
         234     2.50364     2.63094  0.00811006
         235     2.65577     2.63105  0.00807623
         236     2.64803     2.63112  0.00804233
         237     2.65024      2.6312   0.0080088
         238     2.59345     2.63104  0.00797673
         239     2.53952     2.63066  0.00795254
         240     2.53785     2.63027   0.0079288
         241     2.53243     2.62987  0.00790628
         242      2.7805     2.63049  0.00789808
         243     2.53868     2.63011  0.00787461
         244     2.60915     2.63003   0.0078428
         245     2.62811     2.63002  0.00781079
         246      2.7755     2.63061   0.0078014
         247     2.54564     2.63026  0.00777739
         248     2.54549     2.62992  0.00775354
         249     2.45132     2.62921  0.00775551
         250     2.48057     2.62861  0.00774724
         251     2.71548     2.62896   0.0077241
         252     2.56563     2.62871  0.00769754
         253      2.5071     2.62823  0.00768211
         254      2.6585     2.62834  0.00765279
         255     2.84049     2.62918  0.00766786
         256     2.58911     2.62902  0.00763951
         257     2.60374     2.62892  0.00761041
         258     2.73659     2.62934  0.00759235
         259     2.64825     2.62941  0.00756339
         260     2.46172     2.62877  0.00756175
         261     2.40698     2.62792  0.00758037
         262     2.61674     2.62787  0.00755156
         263     2.69112     2.62811  0.00752667
         264     2.75995     2.62861  0.00751471
         265      2.6966     2.62887  0.00749073
         266     2.83976     2.62966  0.00750441
         267     2.76886     2.63019  0.00749439
         268       2.626     2.63017  0.00746644
         269     2.50214     2.62969  0.00745384
         270     2.74876     2.63013  0.00743927
         271     2.73243     2.63051  0.00742139
         272     2.61306     2.63045  0.00739438
         273     2.72674      2.6308   0.0073757
         274     2.70844     2.63108  0.00735422
         275     2.88814     2.63202  0.00738665
         276     2.77908     2.63255  0.00737908
         277     2.76035     2.63301  0.00736685
         278     2.69946     2.63325  0.00734422
         279     2.64256     2.63329  0.00731798
         280     2.35113     2.63228   0.0073609
         281     2.57439     2.63207  0.00733758
         282     2.34514     2.63105  0.00738177
         283     2.69564     2.63128  0.00735922
         284     2.63988     2.63131  0.00733337
         285      2.6494     2.63138  0.00730791
         286     2.81199     2.63201  0.00730959
         287     2.68138     2.63218  0.00728615
         288     2.66895     2.63231  0.00726197
         289     2.56224     2.63206  0.00724089
         290     2.49657      2.6316  0.00723098
         291     2.56141     2.63136  0.00721015
         292     2.62816     2.63135  0.00718547
         293     2.59706     2.63123  0.00716189
         294      2.7989      2.6318  0.00716021
         295     2.63065     2.63179  0.00713594
         296     2.65449     2.63187  0.00711224
         297     2.57236     2.63167  0.00709111
         298     2.66946      2.6318  0.00706845
         299     2.62306     2.63177  0.00704487
         300     2.79315     2.63231   0.0070419
         301     2.66543     2.63242  0.00701936
         302     2.44889     2.63181  0.00702238
         303     2.71528     2.63208   0.0070046
         304     2.75255     2.63248  0.00699276
         305     2.53715     2.63217  0.00697682
         306     2.58205       2.632  0.00695594
         307      2.5428     2.63171  0.00693935
         308     2.47345      2.6312  0.00693582
         309     2.35841     2.63032  0.00696933
         310     2.72256     2.63061   0.0069532
         311     2.74262     2.63097  0.00694016
         312     2.26917     2.62982  0.00701413
         313     2.51643     2.62945  0.00700107
         314     2.43106     2.62882  0.00700722
         315       2.657     2.62891  0.00698555
         316       2.503     2.62851   0.0069748
         317      2.5369     2.62822  0.00695878
         318     2.46594     2.62771  0.00695558
         319      2.6631     2.62782  0.00693466
         320     2.57718     2.62767   0.0069148
         321     2.49573     2.62725  0.00690546
         322     2.56669     2.62707  0.00688658
         323     2.86462      2.6278  0.00690442
         324      2.7938     2.62831  0.00690209
         325     2.57323     2.62814  0.00688293
         326     2.72815     2.62845  0.00686865
         327     2.73026     2.62876   0.0068547
         328     2.49587     2.62836  0.00684577
         329     2.79689     2.62887   0.0068441
         330     2.62766     2.62887  0.00682336
         331      2.6125     2.62882  0.00680292
         332     2.77803     2.62927  0.00679726
         333     2.55298     2.62904  0.00678071
         334     2.76049     2.62943  0.00677182
         335     2.52354     2.62911  0.00675898
         336     2.65264     2.62918  0.00673923
         337     2.60645     2.62912  0.00671957
         338     2.67689     2.62926  0.00670117
         339     2.69995     2.62947  0.00668465
         340     2.71531     2.62972  0.00666975
         341     2.57295     2.62955  0.00665227
         342     2.41586     2.62893   0.0066621
         343     2.58682     2.62881  0.00664381
         344     2.73382     2.62911   0.0066315
         345     2.65707     2.62919  0.00661278
         346     2.70105      2.6294  0.00659692
         347     2.69989      2.6296  0.00658104
         348      2.6266     2.62959  0.00656213
         349     2.61006     2.62954  0.00654357
         350     2.64347     2.62958    0.006525
         351     2.54083     2.62933   0.0065113
         352     2.62014      2.6293  0.00649286
         353     2.82619     2.62986  0.00649838
         354     2.71354     2.63009  0.00648432
         355     2.68972     2.63026  0.00646823
         356     2.72131     2.63052  0.00645511
         357      2.5517      2.6303  0.00644081
         358      2.4653     2.62984  0.00643928
         359     2.49365     2.62946  0.00643251
         360      2.5694     2.62929  0.00641681
         361     2.49947     2.62893   0.0064091
         362     2.58869     2.62882  0.00639236
         363     2.53338     2.62856  0.00638015
         364     2.47546     2.62813  0.00637647
         365     2.76269      2.6285  0.00636965
         366     2.56364     2.62833  0.00635471
         367     2.60076     2.62825  0.00633784
         368      2.6119     2.62821  0.00632077
         369     2.75505     2.62855  0.00631299
         370      2.6424     2.62859  0.00629603
         371     2.65699     2.62866  0.00627953
         372     2.44452     2.62817  0.00628213
         373     2.40357     2.62757  0.00629408
         374     2.62192     2.62755  0.00627727
         375     2.58832     2.62745   0.0062614
         376     2.83622       2.628  0.00626932
         377     2.65942     2.62809  0.00625324
         378     2.55032     2.62788  0.00624008
         379     2.54349     2.62766  0.00622759
         380      2.7066     2.62787  0.00621466
         381     2.58808     2.62776  0.00619923
         382     2.72256     2.62801  0.00618797
         383     2.78639     2.62842  0.00618561
         384     2.66946     2.62853  0.00617043
         385     2.57906      2.6284  0.00615574
         386     2.58803      2.6283  0.00614068
         387      2.4326     2.62779   0.0061456
         388     2.39533     2.62719  0.00615889
         389     2.62441     2.62718  0.00614307
         390     2.76999     2.62755  0.00613822
         391     2.53121      2.6273  0.00612746
         392     2.54667      2.6271  0.00611528
         393     2.48004     2.62672  0.00611116
         394     2.50253     2.62641  0.00610377
         395     2.68131     2.62655   0.0060899
         396     2.57499     2.62642  0.00607591
         397     2.50358     2.62611  0.00606848
         398     2.63787     2.62614  0.00605331
         399     2.71904     2.62637  0.00604261
         400     2.53962     2.62615   0.0060314
         401     2.55215     2.62597  0.00601918
         402     2.56464     2.62582  0.00600614
         403     2.64674     2.62587  0.00599146
         404     2.72001      2.6261  0.00598116
         405     2.70039     2.62629   0.0059692
         406     2.72793     2.62654  0.00595975
         407     2.62362     2.62653  0.00594511
         408     2.61253     2.62649  0.00593064
         409     2.72819     2.62674  0.00592135
         410     2.47677     2.62638  0.00591819
         411     2.57575     2.62625  0.00590507
         412     2.51585     2.62599  0.00589682
         413     2.57106     2.62585  0.00588404
         414     2.60387      2.6258  0.00587007
         415     2.64952     2.62586   0.0058562
         416     3.00858     2.62678  0.00591395
         417     2.50623     2.62649  0.00590683
         418     2.66739     2.62659   0.0058935
         419     2.55402     2.62641  0.00588198
         420     2.38714     2.62584   0.0058955
         421     2.55137     2.62567  0.00588415
         422     2.68706     2.62581  0.00587201
         423     2.55345     2.62564  0.00586062
         424     2.55612     2.62548  0.00584909
         425     2.74501     2.62576  0.00584208
         426     2.66757     2.62586  0.00582919
         427     2.50778     2.62558   0.0058221
         428      2.5142     2.62532  0.00581431
         429     2.52427     2.62508  0.00580552
         430     2.74221     2.62536  0.00579841
         431     2.55806      2.6252  0.00578706
         432     2.62756     2.62521  0.00577366
         433     2.65509     2.62527  0.00576074
         434     2.60064     2.62522  0.00574775
         435     2.65289     2.62528  0.00573489
         436     2.43219     2.62484  0.00573881
         437     2.64441     2.62488  0.00572585
         438     2.62301     2.62488  0.00571278
         439      2.6983     2.62505  0.00570222
         440     2.69636     2.62521  0.00569156
         441     2.66205     2.62529  0.00567927
         442     2.51851     2.62505  0.00567155
         443     2.66487     2.62514  0.00565946
         444     2.60116     2.62509  0.00564697
         445     2.67436      2.6252  0.00563537
         446     2.63928     2.62523  0.00562282
         447      2.5073     2.62496  0.00561643
         448     2.66181     2.62505  0.00560449
         449     2.78776     2.62541  0.00560372
         450     2.57837      2.6253  0.00559224
         451      2.8098     2.62571  0.00559478
         452     2.63267     2.62573  0.00558242
         453     2.56748      2.6256  0.00557158
         454     2.73764     2.62585  0.00556477
         455     2.62104     2.62584  0.00555255
         456     2.62268     2.62583  0.00554038
         457     2.63351     2.62585  0.00552828
         458     2.77173     2.62616  0.00552538
         459     2.58953     2.62609  0.00551392
         460      2.5558     2.62593  0.00550405
         461     2.85359     2.62643  0.00551422
         462     2.72686     2.62664  0.00550657
         463     2.69098     2.62678  0.00549643
         464     2.44807      2.6264  0.00549806
         465     2.79967     2.62677  0.00549885
         466     2.67701     2.62688   0.0054881
         467     2.60779     2.62684  0.00547651
         468     2.49843     2.62656  0.00547167
         469     2.49297     2.62628  0.00546742
         470     2.51662     2.62604  0.00546076
         471     2.57938     2.62595  0.00545006
         472     2.58576     2.62586  0.00543918
         473       2.588     2.62578  0.00542827
         474     2.60098     2.62573  0.00541707
         475     2.73784     2.62596  0.00541081
         476     2.72031     2.62616  0.00540307
         477     2.64251      2.6262  0.00539185
         478     2.84094     2.62665  0.00539925
         479     2.73444     2.62687  0.00539267
         480     2.57019     2.62675  0.00538273
         481     2.46389     2.62641  0.00538217
         482     2.71049     2.62659  0.00537383
         483     2.53383      2.6264  0.00536614
         484     2.60005     2.62634  0.00535533
         485      2.6307     2.62635  0.00534429
         486     2.66596     2.62643  0.00533392
         487     2.47415     2.62612  0.00533212
         488     2.52573     2.62591  0.00532516
         489     2.76019     2.62619  0.00532135
         490     2.49373     2.62592  0.00531735
         491     2.65843     2.62598  0.00530693
         492     2.90762     2.62656  0.00532693
         493     2.61889     2.62654  0.00531615
         494      2.7119     2.62671  0.00530819
         495     2.76209     2.62699  0.00530451
         496     2.55848     2.62685  0.00529561
         497     2.46819     2.62653  0.00529457
         498      2.6628      2.6266  0.00528444
         499     2.81805     2.62699  0.00528776
         500     2.64985     2.62703  0.00527738
         501     2.57164     2.62692  0.00526801
         502     2.75123     2.62717  0.00526333
         503     2.60794     2.62713  0.00525301
         504     2.42791     2.62674  0.00525743
         505     2.61154     2.62671  0.00524711
         506     2.65273     2.62676  0.00523699
         507     2.61352     2.62673  0.00522673
         508      2.5264     2.62653  0.00522017
         509     2.65887      2.6266   0.0052103
         510     2.60864     2.62656   0.0052002
         511     2.52453     2.62636  0.00519386
         512      2.5385     2.62619  0.00518655
         513     2.52607       2.626  0.00518011
         514      2.7455     2.62623  0.00517525
         515     2.68965     2.62635  0.00516666
         516     2.65384      2.6264  0.00515692
         517     2.64721     2.62644   0.0051471
         518     2.57882     2.62635  0.00513799
         519     2.63208     2.62636   0.0051281
         520      2.5511     2.62622  0.00512028
         521     2.67506     2.62631  0.00511131
         522     2.43237     2.62594  0.00511501
         523     2.48592     2.62567  0.00511223
         524     2.76946     2.62595  0.00510983
         525     2.58621     2.62587  0.00510066
         526     2.60217     2.62583  0.00509116
         527     2.57361     2.62573  0.00508246
         528     2.59189     2.62566  0.00507324
         529     2.71943     2.62584  0.00506675
         530     2.70395     2.62599  0.00505933
         531     2.74545     2.62621   0.0050548
         532     2.67392      2.6263   0.0050461
         533     2.66498     2.62638  0.00503715
         534     2.63873      2.6264  0.00502777
         535     2.63346     2.62641  0.00501839
         536     2.72197     2.62659  0.00501219
         537      2.8056     2.62692  0.00501393
         538     2.62016     2.62691  0.00500463
         539     2.62042      2.6269  0.00499536
         540     2.58602     2.62682  0.00498668
         541     2.65656     2.62688  0.00497777
         542     2.73012     2.62707  0.00497223
         543     2.72729     2.62725  0.00496649
         544     2.53387     2.62708  0.00496033
         545      2.7402     2.62729  0.00495557
         546     2.63547      2.6273  0.00494651
         547     2.69742     2.62743  0.00493913
         548     2.51124     2.62722  0.00493467
         549     2.68483     2.62733  0.00492679
         550     2.45364     2.62701  0.00492795
         551      2.4435     2.62668  0.00493024
         552     2.65612     2.62673   0.0049216
         553     2.68889     2.62684  0.00491398
         554      2.5681     2.62674  0.00490626
         555     2.70203     2.62687  0.00489929
         556     2.43109     2.62652  0.00490312
         557      2.5562     2.62639  0.00489594
         558     2.47037     2.62611  0.00489515
         559     2.52089     2.62593  0.00489001
         560     2.58492     2.62585  0.00488182
         561      2.4507     2.62554   0.0048831
         562     2.49507     2.62531  0.00487992
         563      2.6402     2.62533  0.00487133
         564     2.53102     2.62517  0.00486556
         565     2.67205     2.62525  0.00485765
         566     2.51422     2.62505  0.00485303
         567     2.64617     2.62509  0.00484461
         568     2.74522      2.6253   0.0048407
         569     2.65237     2.62535  0.00483243
         570     2.66998     2.62543  0.00482458
         571     2.52134     2.62525  0.00481958
         572     2.57372     2.62516  0.00481199
         573     2.61917     2.62515  0.00480361
         574     2.72941     2.62533  0.00479867
         575     2.55975     2.62521  0.00479168
         576     2.53972     2.62507  0.00478566
         577     2.55471     2.62494  0.00477892
         578     2.63058     2.62495  0.00477066
         579     2.73332     2.62514  0.00476609
         580     2.63601     2.62516  0.00475791
         581     2.69554     2.62528  0.00475126
         582     2.60403     2.62524  0.00474324
         583     2.57606     2.62516  0.00473585
         584     2.75697     2.62538  0.00473312
         585     2.43616     2.62506  0.00473607
         586     2.70603      2.6252     0.00473
         587     2.58692     2.62513  0.00472239
         588     2.78026      2.6254  0.00472173
         589      2.6358     2.62542  0.00471374
         590     2.85157      2.6258  0.00472131
         591     2.54462     2.62566  0.00471532
         592     2.63871     2.62568  0.00470741
         593      2.7129     2.62583  0.00470177
         594     2.45098     2.62554  0.00470306
         595     2.56105     2.62543   0.0046964
         596     2.71763     2.62558  0.00469107
         597     2.43669     2.62527  0.00469387
         598     2.77884     2.62552  0.00469304
         599     2.46983     2.62526   0.0046924
         600     2.61945     2.62525  0.00468459
