           1    -5.46205    -5.46205           0
           2    -5.46085    -5.46145 0.000422902
           3    -5.46066    -5.46119 0.000354092
           4    -5.46085     -5.4611 0.000275172
           5    -5.46087    -5.46106 0.000223952
           6    -5.46056    -5.46097 0.000201382
           7    -5.46182    -5.46109  0.00020593
           8     -5.4611    -5.46109 0.000180189
           9    -5.46083    -5.46107  0.00016258
          10    -5.46112    -5.46107 0.000146428
          11    -5.45989    -5.46096 0.000167813
          12    -5.46155    -5.46101 0.000160891
          13    -5.46146    -5.46105 0.000152091
          14    -5.46119    -5.46106 0.000141549
          15    -5.46199    -5.46112  0.00014507
          16    -5.46117    -5.46112 0.000136039
          17    -5.46076     -5.4611 0.000129712
          18    -5.46101     -5.4611 0.000122596
          19    -5.46032    -5.46105 0.000122817
          20    -5.45946    -5.46098 0.000140267
          21    -5.46041    -5.46095 0.000136136
          22    -5.45993     -5.4609 0.000137551
          23     -5.4609     -5.4609 0.000131571
          24    -5.45986    -5.46086  0.00013305
          25    -5.46049    -5.46084 0.000128556
          26    -5.46048    -5.46083 0.000124371
          27    -5.46041    -5.46081  0.00012073
          28    -5.46054     -5.4608 0.000116815
          29    -5.46053     -5.4608 0.000113173
          30    -5.46125    -5.46081 0.000110403
          31    -5.46005    -5.46079 0.000109518
          32     -5.4607    -5.46078 0.000106129
          33     -5.4613     -5.4608 0.000104053
          34    -5.46104    -5.46081 0.000101228
          35    -5.46044     -5.4608 9.88593e-05
          36    -5.46004    -5.46077 9.83339e-05
          37    -5.46126    -5.46079 9.65454e-05
          38    -5.46061    -5.46078 9.41161e-05
          39    -5.46103    -5.46079 9.19125e-05
          40    -5.45926    -5.46075 9.71967e-05
          41    -5.46187    -5.46078 9.85754e-05
          42    -5.46088    -5.46078 9.62572e-05
          43    -5.46069    -5.46078 9.40395e-05
          44    -5.46002    -5.46076 9.34733e-05
          45    -5.46146    -5.46078 9.26656e-05
          46    -5.46146    -5.46079 9.18231e-05
          47    -5.46028    -5.46078 9.05229e-05
          48    -5.46118    -5.46079 8.90222e-05
          49    -5.46063    -5.46079 8.72618e-05
          50    -5.46232    -5.46082 9.07235e-05
          51    -5.46071    -5.46081 8.89676e-05
          52    -5.46104    -5.46082 8.73581e-05
          53    -5.46118    -5.46083 8.59729e-05
          54    -5.46122    -5.46083 8.46929e-05
          55    -5.46041    -5.46082 8.35057e-05
          56    -5.46077    -5.46082   8.202e-05
          57    -5.46061    -5.46082 8.06657e-05
          58    -5.46124    -5.46083 7.95916e-05
          59    -5.46094    -5.46083 7.82649e-05
          60    -5.46222    -5.46085 8.02996e-05
          61    -5.46129    -5.46086 7.92993e-05
          62    -5.46057    -5.46085 7.81575e-05
          63    -5.46059    -5.46085 7.70305e-05
          64    -5.46183    -5.46087 7.73443e-05
          65    -5.46091    -5.46087 7.61569e-05
          66    -5.46099    -5.46087 7.50254e-05
          67     -5.4614    -5.46088 7.43206e-05
          68     -5.4603    -5.46087 7.37098e-05
          69    -5.46071    -5.46087 7.26779e-05
          70    -5.46106    -5.46087 7.16932e-05
          71    -5.45969    -5.46085 7.25805e-05
          72    -5.46086    -5.46085 7.15725e-05
          73    -5.46044    -5.46085 7.08136e-05
          74    -5.45983    -5.46083  7.1188e-05
          75    -5.46041    -5.46083 7.04596e-05
          76     -5.4601    -5.46082 7.01786e-05
          77    -5.46074    -5.46082 6.92737e-05
          78    -5.46157    -5.46083 6.90545e-05
          79    -5.46087    -5.46083 6.81831e-05
          80    -5.46127    -5.46083 6.75582e-05
          81    -5.46101    -5.46083 6.67586e-05
          82    -5.46086    -5.46083 6.59455e-05
          83     -5.4608    -5.46083 6.51522e-05
          84    -5.46044    -5.46083 6.45412e-05
          85    -5.46012    -5.46082 6.43171e-05
          86    -5.46068    -5.46082 6.35889e-05
          87    -5.46179    -5.46083 6.38306e-05
          88    -5.46083    -5.46083 6.31053e-05
          89    -5.46023    -5.46082  6.2762e-05
          90    -5.46091    -5.46082 6.20712e-05
          91    -5.46087    -5.46083 6.13914e-05
          92    -5.45861     -5.4608 6.52689e-05
          93    -5.46002    -5.46079 6.51058e-05
          94    -5.46091    -5.46079 6.44245e-05
          95    -5.46115     -5.4608 6.38542e-05
          96    -5.45998    -5.46079 6.37612e-05
          97     -5.4605    -5.46079  6.3175e-05
          98    -5.46149    -5.46079 6.29421e-05
          99    -5.46004    -5.46079 6.27626e-05
         100    -5.46181     -5.4608  6.2959e-05
         101    -5.46069     -5.4608  6.2345e-05
         102    -5.45987    -5.46079 6.23833e-05
         103    -5.46104    -5.46079 6.18277e-05
         104    -5.46136    -5.46079 6.14809e-05
         105     -5.4606    -5.46079 6.09229e-05
         106    -5.46032    -5.46079 6.05096e-05
         107    -5.46154    -5.46079 6.03458e-05
         108    -5.46145     -5.4608 6.00888e-05
         109    -5.46063     -5.4608 5.95585e-05
         110    -5.46063     -5.4608 5.90362e-05
         111    -5.46142     -5.4608 5.87662e-05
         112    -5.46039     -5.4608 5.83585e-05
         113    -5.46085     -5.4608 5.78436e-05
         114    -5.46012    -5.46079 5.76388e-05
         115     -5.4603    -5.46079 5.72988e-05
         116    -5.46056    -5.46079 5.68396e-05
         117    -5.46166     -5.4608 5.68356e-05
         118    -5.46225    -5.46081 5.76712e-05
         119    -5.46114    -5.46081 5.72534e-05
         120    -5.45986     -5.4608 5.73267e-05
         121    -5.46126    -5.46081 5.69752e-05
         122    -5.46086    -5.46081   5.651e-05
         123    -5.46202    -5.46082 5.69038e-05
         124    -5.46062    -5.46081 5.64661e-05
         125    -5.46048    -5.46081 5.60793e-05
         126    -5.46067    -5.46081 5.56458e-05
         127    -5.46181    -5.46082 5.57655e-05
         128    -5.46072    -5.46082 5.53356e-05
         129    -5.46022    -5.46081 5.51001e-05
         130    -5.46097    -5.46081 5.46894e-05
         131    -5.46087    -5.46082 5.42737e-05
         132    -5.46055    -5.46081    5.39e-05
         133    -5.46082    -5.46081 5.34948e-05
         134    -5.46062    -5.46081  5.3116e-05
         135    -5.46129    -5.46082 5.28414e-05
         136    -5.46156    -5.46082 5.27383e-05
         137    -5.46062    -5.46082 5.23728e-05
         138    -5.46141    -5.46082  5.2166e-05
         139    -5.46032    -5.46082 5.19159e-05
         140    -5.46053    -5.46082 5.15862e-05
         141    -5.46124    -5.46082 5.13071e-05
         142    -5.46032    -5.46082 5.10686e-05
         143    -5.46094    -5.46082 5.07184e-05
         144    -5.46058    -5.46082 5.03921e-05
         145    -5.46045    -5.46081 5.01064e-05
         146     -5.4602    -5.46081  4.9941e-05
         147    -5.46169    -5.46082 4.99608e-05
         148     -5.4605    -5.46081 4.96686e-05
         149    -5.46145    -5.46082 4.95164e-05
         150    -5.46003    -5.46081 4.94622e-05
         151    -5.46009    -5.46081 4.93683e-05
         152    -5.46051    -5.46081 4.90813e-05
         153    -5.46146    -5.46081  4.8948e-05
         154    -5.46096    -5.46081 4.86401e-05
         155    -5.46063    -5.46081 4.83399e-05
         156    -5.46079    -5.46081 4.80302e-05
         157    -5.46042    -5.46081 4.77891e-05
         158    -5.45938     -5.4608 4.83302e-05
         159    -5.45983    -5.46079 4.84108e-05
         160    -5.46105    -5.46079 4.81352e-05
         161    -5.46129     -5.4608 4.79358e-05
         162    -5.45985    -5.46079 4.79983e-05
         163    -5.45971    -5.46078 4.81587e-05
         164    -5.46079    -5.46078  4.7865e-05
         165      -5.462    -5.46079 4.81396e-05
         166    -5.45948    -5.46078 4.84939e-05
         167     -5.4604    -5.46078 4.82579e-05
         168    -5.46028    -5.46078 4.80618e-05
         169    -5.46068    -5.46078 4.77809e-05
         170    -5.46067    -5.46078 4.75043e-05
         171    -5.46006    -5.46077 4.74095e-05
         172    -5.45954    -5.46077 4.76759e-05
         173    -5.46026    -5.46076 4.74887e-05
         174    -5.46189    -5.46077 4.76553e-05
         175    -5.46131    -5.46077 4.74822e-05
         176    -5.46082    -5.46077  4.7213e-05
         177    -5.46146    -5.46078 4.71067e-05
         178    -5.46074    -5.46078 4.68424e-05
         179    -5.46026    -5.46077 4.66692e-05
         180    -5.46038    -5.46077 4.64605e-05
         181    -5.46054    -5.46077 4.62209e-05
         182    -5.46048    -5.46077 4.59946e-05
         183    -5.46086    -5.46077 4.57461e-05
         184    -5.46151    -5.46077 4.56722e-05
         185    -5.46088    -5.46077 4.54288e-05
         186    -5.45987    -5.46077 4.54437e-05
         187    -5.46074    -5.46077  4.5201e-05
         188    -5.46167    -5.46077 4.52161e-05
         189    -5.46113    -5.46078 4.50171e-05
         190    -5.46046    -5.46077 4.48102e-05
         191    -5.46122    -5.46078 4.46365e-05
         192    -5.46053    -5.46078 4.44222e-05
         193     -5.4594    -5.46077 4.47615e-05
         194    -5.46052    -5.46077 4.45493e-05
         195    -5.46004    -5.46076 4.44749e-05
         196     -5.4605    -5.46076 4.42683e-05
         197    -5.45943    -5.46075 4.45601e-05
         198    -5.46135    -5.46076 4.44366e-05
         199    -5.45955    -5.46075 4.46252e-05
         200     -5.4601    -5.46075 4.45218e-05
         201    -5.45982    -5.46074 4.45377e-05
         202    -5.46115    -5.46075 4.43635e-05
         203    -5.46097    -5.46075 4.41581e-05
         204    -5.46058    -5.46075  4.3949e-05
         205    -5.46104    -5.46075 4.37584e-05
         206    -5.46046    -5.46075 4.35688e-05
         207    -5.46101    -5.46075  4.3377e-05
         208    -5.46069    -5.46075 4.31693e-05
         209    -5.46146    -5.46075  4.3098e-05
         210     -5.4601    -5.46075 4.30039e-05
         211    -5.46093    -5.46075 4.28084e-05
         212    -5.46134    -5.46075 4.26984e-05
         213    -5.46007    -5.46075 4.26173e-05
         214     -5.4611    -5.46075  4.2449e-05
         215    -5.46068    -5.46075 4.22527e-05
         216    -5.46103    -5.46075 4.20767e-05
         217    -5.45952    -5.46075 4.22612e-05
         218    -5.46074    -5.46074 4.20673e-05
         219    -5.46067    -5.46074 4.18767e-05
         220    -5.46119    -5.46075 4.17357e-05
         221    -5.46082    -5.46075 4.15481e-05
         222    -5.46152    -5.46075 4.15053e-05
         223    -5.46058    -5.46075 4.13264e-05
         224    -5.46024    -5.46075 4.12037e-05
         225     -5.4589    -5.46074  4.1827e-05
         226     -5.4589    -5.46073 4.24231e-05
         227    -5.45986    -5.46073 4.24086e-05
         228    -5.46017    -5.46072 4.22923e-05
         229    -5.46064    -5.46072 4.21092e-05
         230     -5.4606    -5.46072 4.19296e-05
         231    -5.46093    -5.46072 4.17574e-05
         232    -5.46102    -5.46073 4.15971e-05
         233    -5.46125    -5.46073 4.14783e-05
         234    -5.46017    -5.46073 4.13704e-05
         235    -5.46039    -5.46072 4.12186e-05
         236    -5.46067    -5.46072 4.10446e-05
         237    -5.46092    -5.46073 4.08797e-05
         238    -5.45989    -5.46072 4.08589e-05
         239     -5.4609    -5.46072 4.06946e-05
         240    -5.46129    -5.46072 4.05944e-05
         241    -5.46107    -5.46073 4.04512e-05
         242    -5.46135    -5.46073 4.03672e-05
         243     -5.4605    -5.46073 4.02117e-05
         244     -5.4617    -5.46073 4.02424e-05
         245    -5.46084    -5.46073 4.00807e-05
         246    -5.46075    -5.46073 3.99178e-05
         247    -5.45995    -5.46073 3.98816e-05
         248    -5.46009    -5.46073 3.98041e-05
         249     -5.4614    -5.46073 3.97368e-05
         250    -5.46029    -5.46073 3.96173e-05
         251    -5.46059    -5.46073 3.94634e-05
         252    -5.46046    -5.46073 3.93205e-05
         253     -5.4606    -5.46073  3.9168e-05
         254    -5.46011    -5.46072  3.9088e-05
         255    -5.46061    -5.46072 3.89373e-05
         256     -5.4611    -5.46072 3.88137e-05
         257    -5.46033    -5.46072 3.86934e-05
         258    -5.46018    -5.46072 3.86011e-05
         259    -5.46169    -5.46072 3.86331e-05
         260    -5.46039    -5.46072 3.85058e-05
         261    -5.46047    -5.46072 3.83701e-05
         262    -5.46166    -5.46073 3.83904e-05
         263    -5.46087    -5.46073 3.82482e-05
         264    -5.46092    -5.46073 3.81103e-05
         265    -5.46032    -5.46073 3.79969e-05
         266    -5.46092    -5.46073 3.78615e-05
         267    -5.45968    -5.46072 3.79215e-05
         268    -5.46067    -5.46072 3.77805e-05
         269    -5.46111    -5.46072 3.76674e-05
         270    -5.46065    -5.46072 3.75289e-05
         271    -5.46097    -5.46072 3.74019e-05
         272    -5.46025    -5.46072 3.73055e-05
         273    -5.46013    -5.46072 3.72323e-05
         274    -5.46129    -5.46072 3.71546e-05
         275    -5.46067    -5.46072   3.702e-05
         276    -5.46127    -5.46072 3.69383e-05
         277    -5.46096    -5.46072 3.68144e-05
         278    -5.46083    -5.46073 3.66838e-05
         279    -5.46027    -5.46072 3.65887e-05
         280    -5.46132    -5.46073   3.652e-05
         281    -5.46028    -5.46072 3.64244e-05
         282    -5.46044    -5.46072  3.6309e-05
         283    -5.46049    -5.46072 3.61904e-05
         284    -5.46079    -5.46072 3.60637e-05
         285    -5.46049    -5.46072 3.59461e-05
         286    -5.46088    -5.46072 3.58248e-05
         287    -5.46079    -5.46072 3.57007e-05
         288    -5.46114    -5.46072 3.56059e-05
         289    -5.46027    -5.46072 3.55172e-05
         290    -5.46074    -5.46072 3.53948e-05
         291    -5.46142    -5.46072 3.53542e-05
         292    -5.46051    -5.46072 3.52405e-05
         293    -5.46067    -5.46072 3.51207e-05
         294    -5.45966    -5.46072 3.51879e-05
         295       -5.46    -5.46072 3.51541e-05
         296    -5.46078    -5.46072  3.5036e-05
         297    -5.45942    -5.46071 3.51915e-05
         298    -5.46046    -5.46071  3.5084e-05
         299    -5.46026    -5.46071 3.49989e-05
         300    -5.46008    -5.46071  3.4945e-05
