           1    0.562927    0.562927           0
           1    0.562927    0.562927           0
           1    0.562927    0.562927           0
           2    0.560877    0.561902 0.000724652
           3    0.561529    0.561778 0.000493646
           4    0.561364    0.561674 0.000380937
           5      0.5596     0.56126 0.000480129
           6    0.559382    0.560947 0.000491642
           7    0.556805    0.560355 0.000691138
           8     0.55844    0.560116 0.000644852
           9    0.558679    0.559956 0.000592633
          10    0.564811    0.560442 0.000704706
          11    0.559428    0.560349 0.000646632
          12    0.559108    0.560246 0.000600958
          13    0.559049    0.560154 0.000561735
          14    0.560145    0.560153 0.000521611
          15    0.555912    0.559871 0.000558229
          16    0.561718    0.559986 0.000535152
          17    0.560648    0.560025 0.000505088
          18    0.560283    0.560039 0.000477231
          19    0.560502    0.560064 0.000452735
          20     0.55699     0.55991 0.000455435
          21    0.563214    0.560067 0.000460119
          22    0.555305    0.559851 0.000487465
          23    0.560861    0.559895 0.000468245
          24    0.560688    0.559928 0.000449898
          25    0.556914    0.559807 0.000447764
          26    0.556763     0.55969 0.000445593
          27    0.556077    0.559556 0.000448737
          28    0.557911    0.559498  0.00043654
          29    0.556064    0.559379 0.000437246
          30    0.555652    0.559255 0.000439965
          31    0.556718    0.559173 0.000433318
          32    0.562879    0.559289 0.000434976
          33    0.556968    0.559219 0.000427445
          34      0.5597    0.559233 0.000415107
          35    0.558988    0.559226 0.000403306
          36      0.5592    0.559225 0.000392104
          37    0.556296    0.559146 0.000389415
          38    0.557299    0.559097 0.000382188
          39    0.558291    0.559077 0.000372946
          40    0.559977    0.559099 0.000364301
          41    0.553551    0.558964 0.000379721
          42    0.555599    0.558884 0.000379038
          43    0.556009    0.558817 0.000376073
          44    0.558394    0.558807 0.000367648
          45    0.558902    0.558809 0.000359484
          46    0.560676     0.55885 0.000353953
          47    0.556828    0.558807 0.000349026
          48    0.556639    0.558762 0.000344665
          49    0.559432    0.558775 0.000337902
          50    0.555827    0.558716 0.000336251
          51    0.558595    0.558714 0.000329667
          52    0.557605    0.558693 0.000324016
          53    0.560894    0.558734 0.000320553
          54    0.557233    0.558706  0.00031582
          55    0.563261    0.558789 0.000320749
          56    0.557635    0.558769 0.000315683
          57    0.554987    0.558702 0.000317039
          58    0.556629    0.558667 0.000313582
          59    0.561822     0.55872 0.000312793
          60    0.561227    0.558762 0.000310359
          61    0.557061    0.558734 0.000306522
          62    0.556447    0.558697 0.000303788
          63    0.560219    0.558721 0.000299926
          64    0.556107     0.55868 0.000298008
          65    0.558663     0.55868 0.000293424
          66    0.560762    0.558712 0.000290668
          67    0.561762    0.558757 0.000289872
          68    0.557484    0.558738 0.000286213
          69    0.555769    0.558695 0.000285282
          70    0.555956    0.558656 0.000283877
          71    0.559191    0.558664 0.000279979
          72    0.558426    0.558661  0.00027611
          73    0.563371    0.558725 0.000279766
          74     0.55653    0.558695 0.000277554
          75    0.559504    0.558706 0.000274062
          76    0.563453    0.558769 0.000277483
          77    0.563403    0.558829 0.000280332
          78    0.557471    0.558811 0.000277278
          79    0.561299    0.558843 0.000275551
          80    0.557746    0.558829 0.000272447
          81    0.562038    0.558869 0.000271949
          82    0.559345    0.558875 0.000268695
          83    0.559597    0.558883 0.000265598
          84    0.558445    0.558878 0.000262488
          85    0.558356    0.558872 0.000259471
          86    0.561896    0.558907 0.000258825
          87    0.560598    0.558927 0.000256579
          88    0.560844    0.558948 0.000254587
          89    0.559057     0.55895  0.00025173
          90    0.560391    0.558966 0.000249442
          91    0.562601    0.559006 0.000249879
          92    0.563594    0.559055 0.000252091
          93    0.557653     0.55904 0.000249831
          94    0.562754     0.55908 0.000250278
          95    0.562882     0.55912 0.000250823
          96    0.559267    0.559121 0.000248215
          97    0.555646    0.559086 0.000248229
          98    0.562918    0.559125 0.000248758
          99    0.560006    0.559134 0.000246404
         100    0.564411    0.559186 0.000249528
         101    0.561392    0.559208 0.000248011
         102    0.561261    0.559228 0.000246395
         103    0.560569    0.559241 0.000244346
         104    0.558969    0.559239  0.00024201
         105    0.561283    0.559258 0.000240487
         106    0.560382    0.559269 0.000238452
         107    0.560223    0.559278  0.00023639
         108    0.560133    0.559286 0.000234334
         109    0.562032    0.559311 0.000233535
         110    0.559183     0.55931 0.000231415
         111    0.564534    0.559357 0.000234068
         112    0.561885    0.559379 0.000233064
         113    0.560518    0.559389 0.000231219
         114    0.562358    0.559415 0.000230653
         115     0.55908    0.559413 0.000228665
         116    0.562747    0.559441 0.000228494
         117    0.560046    0.559446 0.000226599
         118     0.55394      0.5594 0.000229433
         119     0.56026    0.559407 0.000227619
         120    0.561545    0.559425 0.000226418
         121    0.556006    0.559397 0.000226303
         122    0.556765    0.559375 0.000225474
         123    0.557918    0.559363 0.000223952
         124    0.555713    0.559334 0.000224072
         125    0.556259    0.559309 0.000223625
         126    0.558655    0.559304 0.000221911
         127    0.554923    0.559269 0.000222829
         128    0.556424    0.559247 0.000222194
         129     0.55475    0.559212 0.000223189
         130    0.557679    0.559201 0.000221784
         131    0.561055    0.559215 0.000220542
         132    0.558353    0.559208 0.000218968
         133    0.561435    0.559225 0.000217961
         134    0.560545    0.559235 0.000216557
         135     0.55722     0.55922 0.000215466
         136    0.557474    0.559207 0.000214264
         137    0.556786    0.559189 0.000213428
         138    0.559099    0.559189 0.000211882
         139    0.555069    0.559159  0.00021242
         140    0.557542    0.559147 0.000211217
         141    0.556845    0.559131 0.000210349
         142    0.557095    0.559117 0.000209356
         143    0.560015    0.559123 0.000207986
         144     0.55809    0.559116 0.000206666
         145    0.558769    0.559114 0.000205254
         146      0.5604    0.559122 0.000204038
         147    0.559884    0.559128 0.000202715
         148     0.55814    0.559121 0.000201456
         149    0.560754    0.559132 0.000200401
         150    0.560944    0.559144 0.000199429
         151    0.560241    0.559151 0.000198241
         152     0.55804    0.559144 0.000197071
         153    0.559079    0.559143 0.000195783
         154    0.556391    0.559126 0.000195326
         155    0.553633     0.55909 0.000197254
         156    0.560518    0.559099 0.000196202
         157    0.559312    0.559101 0.000194957
         158    0.559304    0.559102 0.000193727
         159    0.557205     0.55909 0.000192876
         160    0.559363    0.559092 0.000191678
         161    0.563275    0.559118  0.00019224
         162    0.560758    0.559128  0.00019132
         163    0.556657    0.559113 0.000190746
         164    0.561014    0.559124 0.000189935
         165    0.562954    0.559147 0.000190197
         166    0.556089    0.559129 0.000189942
         167    0.561398    0.559143  0.00018929
         168    0.556821    0.559129 0.000188667
         169    0.562819    0.559151  0.00018881
         170    0.559367    0.559152 0.000187703
         171    0.558309    0.559147  0.00018667
         172    0.557883     0.55914  0.00018573
         173    0.560479    0.559147 0.000184818
         174    0.560459    0.559155 0.000183909
         175    0.559856    0.559159 0.000182902
         176    0.560016    0.559164 0.000181927
         177    0.559667    0.559167 0.000180922
         178    0.559299    0.559167 0.000179907
         179    0.555805    0.559149  0.00017988
         180    0.561903    0.559164  0.00017953
         181    0.560213     0.55917 0.000178631
         182    0.560925    0.559179  0.00017791
         183    0.563674    0.559204 0.000178625
         184    0.559614    0.559206 0.000177668
         185     0.56168    0.559219 0.000177211
         186    0.555748    0.559201 0.000177238
         187    0.559379    0.559202 0.000176293
         188    0.557785    0.559194 0.000175516
         189    0.560353      0.5592 0.000174694
         190    0.558943    0.559199  0.00017378
         191    0.556007    0.559182 0.000173672
         192    0.555869    0.559165 0.000173623
         193    0.559016    0.559164 0.000172725
         194     0.55887    0.559163 0.000171841
         195    0.559336    0.559164 0.000170962
         196    0.558357     0.55916  0.00017014
         197    0.556312    0.559145 0.000169889
         198    0.556082     0.55913 0.000169734
         199    0.563733    0.559153  0.00017045
         200    0.557611    0.559145 0.000169772
         201    0.557925    0.559139 0.000169036
         202    0.559406     0.55914 0.000168204
         203    0.559091     0.55914 0.000167376
         204    0.560629    0.559147 0.000166714
         205    0.560107    0.559152 0.000165967
         206    0.560396    0.559158 0.000165271
         207    0.559747    0.559161 0.000164497
         208    0.558852    0.559159 0.000163713
         209    0.560951    0.559168 0.000163154
         210    0.558165    0.559163 0.000162447
         211    0.558541     0.55916 0.000161704
         212    0.560136    0.559165 0.000161006
         213    0.556851    0.559154 0.000160616
         214    0.559131    0.559154 0.000159866
         215    0.563656    0.559175 0.000160488
         216     0.55664    0.559163 0.000160174
         217    0.562754     0.55918 0.000160288
         218     0.55909    0.559179 0.000159553
         219    0.559666    0.559181  0.00015884
         220    0.556455    0.559169 0.000158601
         221    0.560564    0.559175 0.000158009
         222    0.560911    0.559183  0.00015749
         223     0.56263    0.559199 0.000157541
         224    0.563297    0.559217 0.000157897
         225    0.558156    0.559212 0.000157265
         226    0.557914    0.559206 0.000156674
         227     0.56471    0.559231 0.000157848
         228     0.55705    0.559221 0.000157446
         229    0.558033    0.559216 0.000156844
         230    0.557243    0.559207 0.000156396
         231    0.558977    0.559206 0.000155722
         232     0.55916    0.559206 0.000155051
         233    0.557282    0.559198 0.000154606
         234    0.558674    0.559196 0.000153961
         235    0.557513    0.559189 0.000153472
         236    0.560236    0.559193 0.000152886
         237    0.555281    0.559176 0.000153129
         238    0.559611    0.559178 0.000152497
         239     0.56064    0.559184 0.000151981
         240    0.559228    0.559185 0.000151348
         241     0.55886    0.559183 0.000150726
         242    0.563773    0.559202 0.000151292
         243      0.5582    0.559198 0.000150726
         244    0.558442    0.559195  0.00015014
         245    0.558594    0.559193 0.000149547
         246    0.561708    0.559203 0.000149288
         247    0.559103    0.559202 0.000148685
         248    0.559555    0.559204 0.000148092
         249    0.556983    0.559195 0.000147765
         250    0.559757    0.559197 0.000147191
         251    0.562303    0.559209 0.000147124
         252    0.560537    0.559215 0.000146635
         253    0.561906    0.559225  0.00014644
         254    0.556617    0.559215 0.000146223
         255    0.554923    0.559198 0.000146616
         256    0.564869     0.55922 0.000147706
         257    0.559706    0.559222 0.000147144
         258    0.556326    0.559211 0.000147001
         259    0.559834    0.559214 0.000146453
         260    0.557121    0.559205 0.000146111
         261    0.559903    0.559208 0.000145575
         262    0.560919    0.559215 0.000145166
         263    0.563206     0.55923 0.000145405
         264    0.559813    0.559232 0.000144871
         265    0.561583    0.559241 0.000144596
         266    0.561484    0.559249 0.000144298
         267    0.559015    0.559248  0.00014376
         268    0.558916    0.559247 0.000143229
         269    0.556921    0.559239 0.000142957
         270    0.564193    0.559257 0.000143601
         271    0.564226    0.559275 0.000144237
         272    0.561092    0.559282 0.000143861
         273    0.564435    0.559301 0.000144567
         274    0.563179    0.559315  0.00014473
         275      0.5595    0.559316 0.000144206
         276    0.564033    0.559333 0.000144692
         277    0.559165    0.559332 0.000144171
         278    0.561607     0.55934 0.000143885
         279    0.559505    0.559341  0.00014337
         280    0.562378    0.559352 0.000143268
         281    0.559309    0.559352 0.000142758
         282    0.556342    0.559341  0.00014265
         283    0.558005    0.559336 0.000142224
         284    0.564032    0.559353 0.000142681
         285    0.563475    0.559367 0.000142912
         286    0.560867    0.559372 0.000142508
         287    0.562536    0.559383 0.000142438
         288    0.560558    0.559388 0.000142001
         289    0.563846    0.559403 0.000142346
         290    0.559587    0.559404 0.000141856
         291    0.560523    0.559407 0.000141421
         292    0.561563    0.559415 0.000141129
         293     0.56117    0.559421 0.000140775
         294    0.561366    0.559427 0.000140451
         295    0.563058     0.55944 0.000140513
         296    0.559164    0.559439 0.000140042
         297    0.560758    0.559443  0.00013964
         298    0.560111    0.559446  0.00013919
         299    0.563431    0.559459 0.000139361
         300    0.559798     0.55946 0.000138901
         301    0.560445    0.559463 0.000138478
         302    0.559015    0.559462 0.000138027
         303    0.559301    0.559461 0.000137573
         304      0.5611    0.559467 0.000137226
         305    0.561388    0.559473 0.000136921
         306    0.558963    0.559471 0.000136483
         307    0.559568    0.559472 0.000136039
         308    0.555889     0.55946 0.000136094
         309    0.557965    0.559455 0.000135739
         310    0.559605    0.559456 0.000135302
         311    0.560156    0.559458 0.000134886
         312    0.562194    0.559467 0.000134738
         313    0.560353    0.559469 0.000134338
         314    0.560432    0.559473 0.000133945
         315    0.559787    0.559473 0.000133523
         316    0.558472     0.55947 0.000133138
         317    0.554084    0.559453 0.000133798
         318    0.558298     0.55945 0.000133427
         319     0.56228    0.559459 0.000133303
         320    0.559511    0.559459 0.000132887
         321    0.561263    0.559464 0.000132592
         322    0.558401    0.559461 0.000132221
         323    0.564469    0.559477 0.000132717
         324    0.562046    0.559484 0.000132544
         325    0.560089    0.559486  0.00013215
         326     0.56052     0.55949 0.000131782
         327    0.561068    0.559494 0.000131468
         328    0.556009    0.559484 0.000131496
         329     0.55905    0.559482 0.000131103
         330    0.559591    0.559483 0.000130706
         331    0.559867    0.559484 0.000130316
         332    0.559129    0.559483 0.000129928
         333    0.559096    0.559482 0.000129543
         334    0.557822    0.559477  0.00012925
         335    0.560393    0.559479 0.000128893
         336    0.556476     0.55947 0.000128819
         337    0.558648    0.559468  0.00012846
         338    0.561547    0.559474 0.000128227
         339    0.561418     0.55948 0.000127977
         340    0.560534    0.559483 0.000127638
         341    0.557978    0.559479  0.00012734
         342    0.559009    0.559477 0.000126975
         343    0.561514    0.559483 0.000126744
         344    0.563182    0.559494 0.000126831
         345    0.557635    0.559489 0.000126577
         346    0.560606    0.559492 0.000126253
         347    0.559908    0.559493 0.000125895
         348    0.558213    0.559489 0.000125587
         349    0.556106     0.55948 0.000125601
         350    0.557483    0.559474 0.000125371
         351    0.559776    0.559475 0.000125017
         352    0.560519    0.559478 0.000124697
         353    0.558686    0.559475 0.000124364
         354    0.560143    0.559477 0.000124027
         355    0.559433    0.559477 0.000123678
         356    0.558083    0.559473 0.000123392
         357    0.557729    0.559468 0.000123143
         358    0.560107     0.55947 0.000122812
         359    0.556562    0.559462 0.000122737
         360     0.56193    0.559469 0.000122587
         361    0.558225    0.559466 0.000122296
         362    0.555714    0.559455 0.000122397
         363    0.559041    0.559454 0.000122065
         364    0.561437    0.559459 0.000121851
         365     0.55549    0.559449 0.000122001
         366     0.55641     0.55944  0.00012195
         367    0.560891    0.559444 0.000121682
         368    0.554228     0.55943 0.000122174
         369    0.553993    0.559415 0.000122728
         370    0.554619    0.559402 0.000123079
         371     0.55913    0.559402  0.00012275
         372    0.560585    0.559405 0.000122461
         373    0.559412    0.559405 0.000122133
         374    0.557178    0.559399 0.000121951
         375    0.552186     0.55938 0.000123134
         376    0.557337    0.559374 0.000122926
         377    0.554645    0.559362 0.000123238
         378    0.554504    0.559349 0.000123581
         379     0.55785    0.559345 0.000123318
         380    0.561032    0.559349 0.000123073
         381    0.557186    0.559344 0.000122881
         382    0.562532    0.559352 0.000122842
         383    0.557534    0.559347 0.000122613
         384    0.558378    0.559345  0.00012232
         385    0.560161    0.559347 0.000122021
         386    0.553307    0.559331 0.000122704
         387    0.557527    0.559327 0.000122475
         388    0.558401    0.559324 0.000122183
         389    0.559344    0.559324 0.000121869
         390    0.560827    0.559328 0.000121617
         391    0.558616    0.559326  0.00012132
         392    0.556335    0.559319  0.00012125
         393    0.559101    0.559318 0.000120943
         394     0.55935    0.559318 0.000120636
         395    0.557969    0.559315 0.000120379
         396     0.55975    0.559316  0.00012008
         397    0.559363    0.559316 0.000119777
         398    0.556394    0.559309 0.000119701
         399    0.554431    0.559296 0.000120023
         400     0.55694     0.55929 0.000119868
         401    0.560645    0.559294 0.000119617
         402    0.556038    0.559286 0.000119593
         403    0.561308    0.559291 0.000119401
         404    0.562411    0.559298 0.000119355
         405    0.559124    0.559298 0.000119062
         406    0.558651    0.559296 0.000118779
         407    0.556644     0.55929 0.000118666
         408    0.561602    0.559296  0.00011851
         409    0.557871    0.559292 0.000118272
         410     0.55729    0.559287 0.000118084
         411    0.559688    0.559288 0.000117801
         412    0.561517    0.559294 0.000117639
         413    0.560113    0.559296 0.000117371
         414    0.560297    0.559298 0.000117112
         415    0.560545    0.559301 0.000116868
         416    0.557693    0.559297 0.000116651
         417    0.557449    0.559293 0.000116456
         418    0.561569    0.559298 0.000116304
         419    0.556898    0.559292 0.000116168
         420    0.557074    0.559287 0.000116011
         421    0.558605    0.559286 0.000115747
         422    0.562178    0.559292 0.000115676
         423    0.560395    0.559295 0.000115431
         424    0.563673    0.559305  0.00011562
         425    0.559046    0.559305  0.00011535
         426    0.556657    0.559299 0.000115246
         427    0.560077      0.5593 0.000114991
         428    0.558394    0.559298 0.000114742
         429    0.560445    0.559301 0.000114505
         430    0.556271    0.559294 0.000114456
         431    0.557997    0.559291  0.00011423
         432    0.558195    0.559288 0.000113993
         433    0.560592    0.559291  0.00011377
         434    0.558998    0.559291  0.00011351
         435     0.56174    0.559296 0.000113388
         436    0.557582    0.559292 0.000113196
         437    0.559186    0.559292 0.000112938
         438    0.561873    0.559298 0.000112833
         439    0.559762    0.559299 0.000112581
         440     0.55696    0.559294 0.000112451
         441    0.558202    0.559291 0.000112223
         442     0.56192    0.559297 0.000112127
         443    0.565352    0.559311 0.000112704
         444    0.554334      0.5593 0.000113006
         445    0.557481    0.559296 0.000112826
         446    0.556323    0.559289 0.000112769
         447    0.562257    0.559296 0.000112712
         448     0.56232    0.559302 0.000112663
         449     0.56055    0.559305 0.000112446
         450     0.55757    0.559301 0.000112262
         451    0.560499    0.559304 0.000112045
         452    0.557413      0.5593 0.000111875
         453    0.557308    0.559295 0.000111714
         454    0.558144    0.559293 0.000111497
         455    0.558917    0.559292 0.000111255
         456     0.56143    0.559297  0.00011111
         457     0.56095      0.5593 0.000110926
         458    0.561949    0.559306 0.000110834
         459    0.562831    0.559314 0.000110858
         460    0.557396     0.55931 0.000110696
         461    0.559958    0.559311 0.000110465
         462    0.556161    0.559304 0.000110436
         463    0.557565      0.5593 0.000110261
         464    0.559296      0.5593 0.000110023
         465    0.555489    0.559292 0.000110092
         466    0.556451    0.559286 0.000110024
         467    0.558281    0.559284  0.00010981
         468    0.558685    0.559283 0.000109582
         469    0.559955    0.559284 0.000109358
         470    0.557277     0.55928 0.000109209
         471    0.555134    0.559271 0.000109331
         472    0.556753    0.559266  0.00010923
         473     0.55914    0.559265 0.000108999
         474    0.556709     0.55926 0.000108902
         475    0.560231    0.559262 0.000108692
         476    0.553848    0.559251 0.000109057
         477    0.562147    0.559257 0.000108998
         478    0.562137    0.559263 0.000108936
         479    0.558414    0.559261 0.000108723
         480    0.559411    0.559261 0.000108497
         481    0.558205    0.559259 0.000108294
         482    0.558255    0.559257 0.000108089
         483    0.557165    0.559253 0.000107952
         484    0.557113    0.559248 0.000107819
         485    0.560286     0.55925 0.000107618
         486    0.558014    0.559248 0.000107427
         487    0.559958    0.559249 0.000107216
         488    0.554767     0.55924 0.000107389
         489    0.559811    0.559241 0.000107176
         490    0.559398    0.559242 0.000106958
         491    0.561884    0.559247 0.000106875
         492    0.565153    0.559259  0.00010733
         493    0.557507    0.559255 0.000107171
         494    0.565347    0.559268 0.000107661
         495    0.559514    0.559268 0.000107445
         496    0.558401    0.559267 0.000107243
         497    0.561093     0.55927  0.00010709
         498    0.553833    0.559259  0.00010743
         499    0.558955    0.559259 0.000107217
         500    0.564108    0.559268  0.00010744
         501    0.557421    0.559265 0.000107289
         502    0.556066    0.559258 0.000107264
         503    0.554544    0.559249 0.000107459
         504    0.559823     0.55925 0.000107252
         505    0.559523    0.559251 0.000107041
         506    0.560808    0.559254 0.000106874
         507    0.561886    0.559259 0.000106789
         508    0.560555    0.559261 0.000106609
         509     0.55656    0.559256 0.000106532
         510    0.557853    0.559253 0.000106359
         511    0.559342    0.559254 0.000106151
         512    0.559959    0.559255 0.000105952
         513     0.55662     0.55925  0.00010587
         514    0.557851    0.559247 0.000105699
         515    0.555484     0.55924 0.000105746
         516    0.559995    0.559241 0.000105551
         517     0.55908    0.559241 0.000105348
         518    0.556948    0.559237 0.000105237
         519    0.557217    0.559233 0.000105106
         520     0.55863    0.559231 0.000104911
         521    0.557343    0.559228 0.000104772
         522    0.560188     0.55923 0.000104587
         523    0.561205    0.559233 0.000104456
         524    0.554576    0.559225 0.000104634
         525    0.557776    0.559222 0.000104471
         526    0.557869    0.559219 0.000104304
         527    0.559513     0.55922 0.000104107
         528    0.563135    0.559227 0.000104174
         529    0.557225    0.559223 0.000104046
         530    0.561873    0.559228 0.000103969
         531    0.557226    0.559225 0.000103842
         532    0.559717    0.559226 0.000103651
         533    0.558266    0.559224 0.000103472
         534    0.555015    0.559216 0.000103578
         535    0.559984    0.559217 0.000103394
         536     0.55913    0.559217 0.000103202
         537    0.560242    0.559219 0.000103027
         538    0.562355    0.559225    0.000103
         539    0.557937    0.559223 0.000102837
         540    0.565109    0.559233 0.000103223
         541    0.563199    0.559241 0.000103292
         542    0.562239    0.559246 0.000103249
         543    0.561245     0.55925 0.000103125
         544    0.561151    0.559253 0.000102994
         545      0.5612    0.559257 0.000102867
         546    0.558343    0.559255 0.000102692
         547    0.560558    0.559258 0.000102532
         548    0.562912    0.559264 0.000102562
         549     0.55905    0.559264 0.000102376
         550    0.562513     0.55927  0.00010236
         551    0.561861    0.559275 0.000102282
         552    0.560378    0.559277 0.000102116
         553    0.562558    0.559283 0.000102104
         554    0.564051    0.559291 0.000102282
         555    0.560751    0.559294 0.000102131
         556    0.561657    0.559298 0.000102036
         557     0.56012      0.5593 0.000101863
         558     0.55807    0.559297 0.000101705
         559    0.558343    0.559296 0.000101537
         560    0.559536    0.559296 0.000101357
         561    0.556737    0.559291 0.000101279
         562    0.561856    0.559296 0.000101201
         563    0.556025     0.55929 0.000101188
         564    0.564417    0.559299 0.000101416
         565     0.55943      0.5593 0.000101237
         566    0.561224    0.559303 0.000101115
         567    0.559871    0.559304 0.000100942
         568    0.558432    0.559302 0.000100776
         569    0.562206    0.559308 0.000100728
         570    0.561114    0.559311 0.000100601
         571     0.55837    0.559309 0.000100438
         572    0.559437    0.559309 0.000100263
         573    0.567091    0.559323 0.000101003
         574    0.563074    0.559329 0.000101039
         575     0.56176    0.559334 0.000100951
         576    0.556061    0.559328 0.000100936
         577    0.562403    0.559333 0.000100902
         578    0.565145    0.559343 0.000101227
         579    0.559813    0.559344 0.000101055
         580    0.560279    0.559346 0.000100894
         581    0.562327    0.559351 0.000100851
         582    0.566332    0.559363 0.000101388
         583    0.561102    0.559366 0.000101258
         584    0.559136    0.559365 0.000101085
         585    0.555025    0.559358 0.000101185
         586      0.5627    0.559364 0.000101173
         587    0.558578    0.559362 0.000101009
         588    0.560466    0.559364 0.000100855
         589    0.556686     0.55936 0.000100786
         590    0.562748    0.559365 0.000100779
         591      0.5624    0.559371 0.000100739
         592    0.558435    0.559369 0.000100581
         593     0.55988     0.55937 0.000100415
         594    0.558036    0.559368 0.000100271
         595    0.560431    0.559369 0.000100119
         596      0.5583    0.559368 9.99666e-05
         597    0.563517    0.559375 0.000100041
         598    0.562153    0.559379 9.99811e-05
         599    0.560921    0.559382 9.98473e-05
         600    0.560652    0.559384 9.97034e-05
