           1    -5.63061    -5.63061           0
           1    -5.63061    -5.63061           0
           2    -5.56779     -5.5992   0.0222112
           3    -5.53269    -5.57703   0.0233867
           4    -5.53266    -5.56594   0.0199988
           5    -5.54323     -5.5614   0.0165067
           6     -5.5475    -5.55908   0.0139171
           7    -5.55612    -5.55866   0.0119354
           8    -5.54217     -5.5566   0.0106199
           9    -5.54598    -5.55542  0.00950523
          10    -5.54241    -5.55412  0.00864322
          11     -5.5546    -5.55416  0.00785759
          12    -5.55492    -5.55422  0.00720304
          13     -5.5518    -5.55404  0.00665136
          14    -5.54299    -5.55325   0.0062229
          15    -5.54749    -5.55286  0.00581987
          16    -5.56762    -5.55379  0.00552872
          17    -5.53538     -5.5527  0.00530852
          18    -5.54604    -5.55233  0.00502649
          19    -5.55226    -5.55233  0.00476194
          20    -5.56818    -5.55312  0.00458932
          21    -5.52163    -5.55162  0.00460933
          22    -5.53865    -5.55103  0.00443736
          23    -5.53363    -5.55028  0.00430846
          24    -5.55465    -5.55046   0.0041328
          25    -5.53474    -5.54983  0.00401502
          26    -5.54512    -5.54965  0.00386469
          27    -5.52956     -5.5489  0.00379252
          28    -5.53739    -5.54849  0.00367931
          29    -5.54518    -5.54838  0.00355421
          30    -5.54983    -5.54843  0.00343607
          31    -5.52885     -5.5478  0.00338277
          32    -5.56454    -5.54832  0.00331729
          33    -5.54978    -5.54836  0.00321707
          34    -5.55434    -5.54854  0.00312725
          35     -5.5238    -5.54783  0.00311675
          36    -5.55017     -5.5479  0.00303085
          37    -5.54847    -5.54791  0.00294897
          38    -5.51564    -5.54706  0.00299115
          39    -5.53815    -5.54684  0.00292318
          40    -5.57497    -5.54754   0.0029335
          41    -5.53943    -5.54734   0.0028686
          42    -5.56724    -5.54781  0.00283916
          43    -5.53275    -5.54746  0.00279467
          44    -5.53778    -5.54724  0.00273981
          45    -5.55753    -5.54747  0.00268844
          46    -5.53899    -5.54729  0.00263631
          47    -5.54997    -5.54735  0.00258084
          48    -5.50943    -5.54656  0.00264519
          49    -5.54387     -5.5465  0.00259178
          50    -5.54831    -5.54654   0.0025402
          51    -5.55566    -5.54672  0.00249668
          52    -5.55512    -5.54688  0.00245389
          53    -5.55581    -5.54705  0.00241337
          54    -5.53522    -5.54683   0.0023786
          55    -5.53664    -5.54664  0.00234256
          56     -5.5354    -5.54644  0.00230931
          57    -5.55871    -5.54666   0.0022788
          58    -5.53367    -5.54643  0.00225049
          59    -5.53712    -5.54627  0.00221787
          60    -5.55011    -5.54634  0.00218183
          61    -5.54479    -5.54631  0.00214621
          62    -5.53378    -5.54611  0.00212108
          63    -5.54472    -5.54609  0.00208753
          64    -5.55937     -5.5463   0.0020652
          65     -5.5467     -5.5463  0.00203344
          66    -5.52005     -5.5459  0.00204116
          67    -5.53226     -5.5457  0.00202082
          68    -5.51279    -5.54522  0.00204824
          69    -5.53923    -5.54513  0.00202039
          70      -5.539    -5.54504  0.00199342
          71    -5.53076    -5.54484  0.00197546
          72    -5.54985    -5.54491  0.00194925
          73    -5.52671    -5.54466  0.00193842
          74     -5.5028     -5.5441  0.00199306
          75    -5.52981    -5.54391  0.00197556
          76    -5.54478    -5.54392   0.0019496
          77    -5.54424    -5.54392  0.00192428
          78    -5.52027    -5.54362  0.00192335
          79    -5.53941    -5.54356  0.00189974
          80    -5.54138    -5.54354  0.00187619
          81    -5.55547    -5.54368   0.0018588
          82     -5.5234    -5.54344  0.00185252
          83    -5.54945    -5.54351  0.00183161
          84    -5.53918    -5.54346  0.00181053
          85    -5.53999    -5.54342  0.00178969
          86    -5.54386    -5.54342  0.00176889
          87    -5.53877    -5.54337  0.00174937
          88    -5.57023    -5.54367  0.00175591
          89    -5.57116    -5.54398  0.00176314
          90    -5.55488     -5.5441   0.0017477
          91     -5.5526     -5.5442  0.00173098
          92     -5.5381    -5.54413  0.00171344
          93    -5.55762    -5.54428  0.00170114
          94    -5.52997    -5.54412  0.00168984
          95    -5.53698    -5.54405  0.00167372
          96    -5.55756    -5.54419   0.0016622
          97    -5.56395    -5.54439  0.00165749
          98    -5.53952    -5.54434  0.00164132
          99    -5.54782    -5.54438  0.00162512
         100    -5.54834    -5.54442  0.00160935
         101    -5.56451    -5.54462  0.00160566
         102    -5.53243     -5.5445  0.00159435
         103    -5.54465     -5.5445  0.00157888
         104    -5.56257    -5.54467  0.00157322
         105    -5.54483    -5.54467  0.00155824
         106    -5.53563    -5.54459  0.00154588
         107    -5.56099    -5.54474  0.00153901
         108    -5.54894    -5.54478  0.00152525
         109    -5.53979    -5.54474  0.00151194
         110    -5.53671    -5.54466  0.00149996
         111    -5.52847    -5.54452  0.00149352
         112    -5.53342    -5.54442  0.00148347
         113    -5.53219    -5.54431  0.00147428
         114    -5.56179    -5.54446   0.0014693
         115    -5.51312    -5.54419   0.0014816
         116    -5.53334     -5.5441  0.00147177
         117    -5.53857    -5.54405  0.00145995
         118     -5.5254    -5.54389  0.00145611
         119    -5.51816    -5.54368  0.00145984
         120    -5.55116    -5.54374  0.00144901
         121    -5.56324     -5.5439  0.00144597
         122    -5.54441     -5.5439  0.00143412
         123    -5.54588    -5.54392  0.00142255
         124    -5.54488    -5.54393   0.0014111
         125    -5.55492    -5.54401  0.00140255
         126    -5.52981     -5.5439  0.00139594
         127    -5.55068    -5.54396  0.00138597
         128    -5.52107    -5.54378  0.00138663
         129    -5.55581    -5.54387  0.00137901
         130    -5.54379    -5.54387   0.0013684
         131    -5.56418    -5.54402  0.00136671
         132    -5.55442     -5.5441  0.00135862
         133    -5.52385    -5.54395  0.00135692
         134    -5.54344    -5.54395   0.0013468
         135    -5.55724    -5.54405  0.00134041
         136    -5.55824    -5.54415  0.00133461
         137    -5.53493    -5.54408  0.00132657
         138     -5.5229    -5.54393  0.00132581
         139    -5.56717     -5.5441  0.00132677
         140    -5.54567    -5.54411  0.00131734
         141    -5.52393    -5.54396  0.00131575
         142    -5.55258    -5.54403  0.00130788
         143    -5.54362    -5.54402  0.00129874
         144    -5.55737    -5.54411  0.00129302
         145    -5.55469    -5.54419  0.00128616
         146    -5.53638    -5.54413  0.00127846
         147    -5.57571    -5.54435  0.00128768
         148    -5.53193    -5.54427  0.00128171
         149    -5.54214    -5.54425  0.00127319
         150    -5.56265    -5.54437   0.0012706
         151    -5.55116    -5.54442  0.00126298
         152    -5.53612    -5.54436  0.00125585
         153    -5.51795    -5.54419  0.00125945
         154    -5.54913    -5.54422  0.00125168
         155     -5.5687    -5.54438  0.00125353
         156    -5.56042    -5.54448   0.0012497
         157    -5.53001    -5.54439  0.00124513
         158    -5.49724    -5.54409  0.00127251
         159    -5.53872    -5.54406  0.00126495
         160    -5.55878    -5.54415  0.00126039
         161    -5.52956    -5.54406  0.00125582
         162    -5.53598    -5.54401  0.00124905
         163    -5.54493    -5.54402   0.0012414
         164    -5.53146    -5.54394   0.0012362
         165    -5.55728    -5.54402  0.00123134
         166    -5.53617    -5.54397  0.00122483
         167    -5.55491    -5.54404  0.00121925
         168    -5.54913    -5.54407  0.00121237
         169     -5.5491     -5.5441  0.00120556
         170    -5.54662    -5.54411  0.00119856
         171    -5.56329    -5.54423  0.00119679
         172     -5.5153    -5.54406  0.00120159
         173    -5.54582    -5.54407  0.00119468
         174    -5.56317    -5.54418  0.00119285
         175    -5.54195    -5.54417   0.0011861
         176    -5.53994    -5.54414  0.00117961
         177    -5.53455    -5.54409  0.00117419
         178    -5.53744    -5.54405  0.00116818
         179    -5.54406    -5.54405  0.00116166
         180    -5.53835    -5.54402  0.00115564
         181    -5.52173     -5.5439  0.00115579
         182    -5.53798    -5.54386   0.0011499
         183    -5.52781    -5.54377  0.00114696
         184    -5.52676    -5.54368  0.00114444
         185    -5.51325    -5.54352  0.00115002
         186    -5.54855    -5.54354  0.00114416
         187    -5.56959    -5.54368  0.00114648
         188    -5.52735     -5.5436  0.00114367
         189    -5.51852    -5.54346  0.00114529
         190    -5.55765    -5.54354   0.0011417
         191     -5.5449    -5.54355  0.00113574
         192    -5.55267    -5.54359  0.00113082
         193    -5.53277    -5.54354  0.00112635
         194     -5.5313    -5.54347  0.00112231
         195    -5.55826    -5.54355  0.00111911
         196    -5.55223    -5.54359  0.00111428
         197    -5.55721    -5.54366  0.00111076
         198    -5.54432    -5.54367  0.00110516
         199    -5.54536    -5.54368  0.00109964
         200    -5.52746    -5.54359  0.00109712
         201    -5.53953    -5.54357  0.00109185
         202    -5.51287    -5.54342  0.00109697
         203    -5.53905     -5.5434  0.00109178
         204    -5.53848    -5.54338  0.00108669
         205      -5.553    -5.54342  0.00108241
         206     -5.5916    -5.54366  0.00110213
         207    -5.55176     -5.5437   0.0010975
         208    -5.55833    -5.54377  0.00109448
         209    -5.55226    -5.54381  0.00108999
         210    -5.54009    -5.54379  0.00108495
         211     -5.5454     -5.5438  0.00107983
         212    -5.53605    -5.54376  0.00107536
         213    -5.54076    -5.54375   0.0010704
         214    -5.55171    -5.54378  0.00106604
         215    -5.53727    -5.54375  0.00106151
         216    -5.53653    -5.54372  0.00105713
         217    -5.53724    -5.54369  0.00105268
         218    -5.54862    -5.54371  0.00104809
         219    -5.53156    -5.54366  0.00104478
         220    -5.55438    -5.54371  0.00104116
         221    -5.53973    -5.54369  0.00103661
         222    -5.54621     -5.5437    0.001032
         223    -5.55575    -5.54375  0.00102878
         224    -5.52965    -5.54369  0.00102612
         225    -5.53443    -5.54365  0.00102238
         226    -5.54654    -5.54366  0.00101794
         227    -5.52114    -5.54356  0.00101828
         228    -5.53325    -5.54352  0.00101481
         229    -5.55492    -5.54357   0.0010116
         230    -5.52176    -5.54347  0.00101164
         231    -5.53488    -5.54344  0.00100794
         232    -5.54735    -5.54345  0.00100374
         233    -5.53594    -5.54342  0.00099995
         234    -5.55716    -5.54348 0.000997398
         235    -5.53998    -5.54346 0.000993265
         236    -5.54237    -5.54346 0.000989067
         237    -5.54287    -5.54346 0.000984897
         238    -5.54543    -5.54347 0.000980794
         239     -5.5328    -5.54342 0.000977704
         240    -5.53396    -5.54338 0.000974425
         241    -5.51698    -5.54327  0.00097652
         242    -5.53782    -5.54325 0.000972744
         243    -5.53431    -5.54321 0.000969436
         244    -5.54882    -5.54324 0.000965736
         245    -5.54185    -5.54323  0.00096181
         246    -5.55104    -5.54326 0.000958425
         247    -5.52467    -5.54319 0.000957497
         248    -5.53777    -5.54316 0.000953886
         249    -5.53394    -5.54313 0.000950774
         250    -5.54333    -5.54313 0.000946971
         251    -5.53209    -5.54308 0.000944219
         252    -5.52295      -5.543 0.000943846
         253    -5.56113    -5.54308  0.00094283
         254    -5.54959     -5.5431 0.000939467
         255    -5.54132    -5.54309 0.000935809
         256    -5.50941    -5.54296 0.000941356
         257    -5.54788    -5.54298 0.000937888
         258    -5.57104    -5.54309 0.000940534
         259    -5.54302    -5.54309 0.000936903
         260    -5.53366    -5.54305 0.000934001
         261     -5.5219    -5.54297 0.000933934
         262    -5.52314     -5.5429 0.000933431
         263    -5.52003    -5.54281 0.000933922
         264    -5.54569    -5.54282 0.000930448
         265    -5.54864    -5.54284 0.000927196
         266    -5.53206     -5.5428 0.000924595
         267       -5.55    -5.54283 0.000921525
         268    -5.52837    -5.54278 0.000919663
         269    -5.54654    -5.54279 0.000916351
         270    -5.54881    -5.54281 0.000913228
         271    -5.54899    -5.54284 0.000910142
         272    -5.54728    -5.54285 0.000906942
         273    -5.54166    -5.54285 0.000903631
         274    -5.53931    -5.54283 0.000900425
         275    -5.55077    -5.54286 0.000897613
         276    -5.53641    -5.54284 0.000894665
         277    -5.53569    -5.54281 0.000891807
         278    -5.54141    -5.54281 0.000888613
         279    -5.54441    -5.54281 0.000885447
         280    -5.54609    -5.54283 0.000882362
         281    -5.53874    -5.54281 0.000879342
         282    -5.53448    -5.54278  0.00087672
         283    -5.55057    -5.54281 0.000874053
         284    -5.55266    -5.54284 0.000871663
         285    -5.53238    -5.54281 0.000869377
         286    -5.54919    -5.54283 0.000866623
         287    -5.53362     -5.5428 0.000864197
         288    -5.56063    -5.54286 0.000863412
         289     -5.5647    -5.54294 0.000863725
         290    -5.55306    -5.54297 0.000861453
         291    -5.53396    -5.54294 0.000859049
         292    -5.54644    -5.54295 0.000856191
         293    -5.53384    -5.54292 0.000853833
         294    -5.53173    -5.54288 0.000851776
         295    -5.54066    -5.54287 0.000848922
         296    -5.54727    -5.54289 0.000846184
         297    -5.56555    -5.54297 0.000846768
         298    -5.52431     -5.5429 0.000846238
         299    -5.52273    -5.54284 0.000846093
         300    -5.53673    -5.54282 0.000843518
         301    -5.52359    -5.54275  0.00084313
         302    -5.55951    -5.54281 0.000842163
         303    -5.56354    -5.54288  0.00084216
         304    -5.55249    -5.54291 0.000839984
         305     -5.5535    -5.54294 0.000837948
         306    -5.52128    -5.54287 0.000838195
         307    -5.55583    -5.54291 0.000836527
         308    -5.54206    -5.54291 0.000833815
         309    -5.54822    -5.54293 0.000831294
         310    -5.53755    -5.54291 0.000828793
         311    -5.54987    -5.54293  0.00082643
         312     -5.5489    -5.54295 0.000824002
         313    -5.53292    -5.54292 0.000821993
         314    -5.53526     -5.5429 0.000819737
         315     -5.5423    -5.54289 0.000817137
         316     -5.5259    -5.54284 0.000816319
         317    -5.55654    -5.54288 0.000814887
         318    -5.52158    -5.54282 0.000815074
         319    -5.54313    -5.54282  0.00081252
         320    -5.54107    -5.54281 0.000809999
         321    -5.53324    -5.54278 0.000808025
         322    -5.55003     -5.5428 0.000805828
         323    -5.54238     -5.5428 0.000803335
         324    -5.54221     -5.5428 0.000800857
         325    -5.56867    -5.54288  0.00080234
         326    -5.53101    -5.54284 0.000800705
         327    -5.53933    -5.54283 0.000798328
         328    -5.52008    -5.54276 0.000798903
         329    -5.54232    -5.54276 0.000796476
         330    -5.52782    -5.54272 0.000795348
         331    -5.55205    -5.54275 0.000793445
         332     -5.5355    -5.54272 0.000791355
         333     -5.5622    -5.54278 0.000791137
         334    -5.52795    -5.54274 0.000790014
         335    -5.54776    -5.54275 0.000787798
         336    -5.53023    -5.54272 0.000786334
         337    -5.52501    -5.54266 0.000785753
         338    -5.52312    -5.54261 0.000785552
         339     -5.5264    -5.54256 0.000784688
         340    -5.52138     -5.5425 0.000784847
         341    -5.56613    -5.54256   0.0007856
         342    -5.55546     -5.5426 0.000784207
         343    -5.54098     -5.5426 0.000781935
         344    -5.53297    -5.54257 0.000780162
         345    -5.54085    -5.54256 0.000777917
         346     -5.5444    -5.54257 0.000775687
         347    -5.53529    -5.54255 0.000773735
         348    -5.55565    -5.54259 0.000772427
         349    -5.55054    -5.54261  0.00077055
         350    -5.54461    -5.54262 0.000768369
         351    -5.58108    -5.54272 0.000773956
         352    -5.54299    -5.54273 0.000771758
         353    -5.54282    -5.54273 0.000769572
         354    -5.54982    -5.54275 0.000767659
         355    -5.54179    -5.54274 0.000765501
         356    -5.57525    -5.54283 0.000768778
         357    -5.55623    -5.54287  0.00076754
         358    -5.55318     -5.5429 0.000765937
         359     -5.5364    -5.54288 0.000764017
         360    -5.54751     -5.5429 0.000762003
         361    -5.54354     -5.5429 0.000759894
         362    -5.56271    -5.54295 0.000759764
         363    -5.52332     -5.5429 0.000759594
         364    -5.53539    -5.54288 0.000757787
         365    -5.52706    -5.54283 0.000756948
         366     -5.5449    -5.54284 0.000754901
         367    -5.55089    -5.54286 0.000753163
         368     -5.5427    -5.54286 0.000751117
         369    -5.56892    -5.54293 0.000752395
         370    -5.55108    -5.54295 0.000750683
         371      -5.547    -5.54296 0.000748739
         372     -5.5344    -5.54294  0.00074708
         373    -5.55432    -5.54297 0.000745699
         374     -5.5555    -5.54301 0.000744457
         375    -5.54958    -5.54302 0.000742679
         376    -5.53858    -5.54301 0.000740797
         377    -5.53782      -5.543  0.00073896
         378    -5.53729    -5.54298  0.00073716
         379     -5.5531    -5.54301 0.000735698
         380    -5.53267    -5.54298 0.000734265
         381    -5.57875    -5.54308 0.000738316
         382    -5.52621    -5.54303 0.000737701
         383    -5.54148    -5.54303 0.000735786
         384    -5.52928    -5.54299  0.00073474
         385    -5.53648    -5.54297 0.000733026
         386    -5.54848    -5.54299 0.000731266
         387       -5.53    -5.54296 0.000730146
         388    -5.54066    -5.54295 0.000728289
         389    -5.55022    -5.54297 0.000726656
         390    -5.51872    -5.54291 0.000727447
         391    -5.53882     -5.5429 0.000725661
         392    -5.54239    -5.54289 0.000723811
         393    -5.56694    -5.54296 0.000724552
         394    -5.55527    -5.54299 0.000723386
         395    -5.54732      -5.543 0.000721638
         396     -5.5355    -5.54298 0.000720064
         397     -5.5305    -5.54295 0.000718937
         398    -5.53889    -5.54294 0.000717203
         399    -5.54964    -5.54295 0.000715602
         400    -5.54391    -5.54296 0.000713817
         401    -5.51798    -5.54289 0.000714749
         402    -5.53598    -5.54288 0.000713178
         403    -5.54266    -5.54288 0.000711409
         404    -5.52176    -5.54282 0.000711565
         405    -5.52044    -5.54277 0.000711951
         406    -5.52593    -5.54273 0.000711404
         407     -5.5421    -5.54273 0.000709657
         408    -5.54469    -5.54273 0.000707934
         409    -5.55327    -5.54276 0.000706672
         410    -5.55862     -5.5428 0.000706007
         411    -5.53264    -5.54277 0.000704722
         412    -5.50334    -5.54267 0.000709481
         413    -5.53834    -5.54266 0.000707841
         414    -5.54116    -5.54266  0.00070614
         415     -5.5286    -5.54263  0.00070525
         416    -5.55441    -5.54266 0.000704124
         417    -5.55896    -5.54269  0.00070352
         418     -5.5348    -5.54268  0.00070209
         419    -5.55243     -5.5427   0.0007008
         420    -5.54088    -5.54269 0.000699145
         421    -5.54461     -5.5427 0.000697499
         422    -5.51559    -5.54263 0.000698799
         423    -5.53474    -5.54262 0.000697396
         424    -5.53988    -5.54261 0.000695781
         425    -5.53988     -5.5426 0.000694174
         426    -5.56226    -5.54265 0.000694076
         427    -5.53852    -5.54264 0.000692518
         428    -5.53966    -5.54263 0.000690934
         429    -5.54513    -5.54264 0.000689348
         430    -5.54433    -5.54264 0.000687757
         431    -5.57417    -5.54272 0.000690039
         432    -5.53689     -5.5427 0.000688574
         433    -5.55775    -5.54274 0.000687859
         434    -5.52237    -5.54269 0.000687873
         435    -5.57662    -5.54277 0.000690699
         436    -5.54476    -5.54277  0.00068913
         437    -5.53868    -5.54276 0.000687617
         438    -5.55189    -5.54278 0.000686363
         439    -5.54279    -5.54278 0.000684799
         440    -5.55767    -5.54282 0.000684078
         441    -5.56149    -5.54286 0.000683836
         442    -5.53061    -5.54283  0.00068285
         443    -5.52655     -5.5428 0.000682297
         444    -5.53006    -5.54277 0.000681363
         445    -5.52101    -5.54272 0.000681584
         446    -5.53634     -5.5427 0.000680206
         447    -5.54046     -5.5427 0.000678703
         448    -5.54141     -5.5427 0.000677194
         449    -5.55049    -5.54271 0.000675908
         450    -5.52005    -5.54266 0.000676281
         451    -5.52819    -5.54263 0.000675542
         452    -5.54634    -5.54264 0.000674097
         453    -5.54692    -5.54265 0.000672675
         454    -5.54988    -5.54266 0.000671382
         455    -5.55273    -5.54269 0.000670271
         456    -5.55524    -5.54271 0.000669366
         457    -5.53515     -5.5427 0.000668106
         458    -5.55226    -5.54272 0.000666973
         459    -5.55718    -5.54275 0.000666264
         460    -5.53083    -5.54272 0.000665318
         461    -5.54477    -5.54273  0.00066389
         462    -5.55267    -5.54275 0.000662802
         463    -5.53266    -5.54273 0.000661729
         464    -5.55298    -5.54275 0.000660672
         465    -5.53453    -5.54273 0.000659487
         466    -5.53227    -5.54271 0.000658454
         467    -5.53538    -5.54269 0.000657231
         468    -5.53521    -5.54268 0.000656021
         469    -5.53369    -5.54266 0.000654902
         470    -5.51564     -5.5426 0.000656027
         471    -5.54081     -5.5426 0.000654645
         472    -5.54892    -5.54261 0.000653395
         473    -5.51703    -5.54256 0.000654248
         474    -5.55486    -5.54258 0.000653383
         475    -5.55765    -5.54261 0.000652777
         476    -5.52659    -5.54258 0.000652273
         477    -5.53115    -5.54256 0.000651345
         478    -5.52526    -5.54252 0.000650987
         479    -5.50933    -5.54245 0.000653305
         480     -5.5307    -5.54243 0.000652402
         481    -5.53845    -5.54242 0.000651098
         482    -5.52676    -5.54239 0.000650558
         483    -5.53462    -5.54237  0.00064941
         484    -5.54581    -5.54238 0.000648107
         485    -5.55513     -5.5424 0.000647304
         486    -5.54814    -5.54242  0.00064608
         487    -5.54977    -5.54243 0.000644929
         488    -5.52719     -5.5424 0.000644363
         489    -5.51168    -5.54234   0.0006461
         490    -5.54513    -5.54234 0.000644806
         491    -5.54851    -5.54235 0.000643615
         492    -5.55873    -5.54239 0.000643167
         493      -5.528    -5.54236 0.000642524
         494     -5.5405    -5.54236 0.000641235
         495    -5.54288    -5.54236  0.00063994
         496    -5.52567    -5.54232 0.000639534
         497    -5.53244     -5.5423 0.000638556
         498    -5.53569    -5.54229 0.000637412
         499    -5.52532    -5.54226 0.000637042
         500    -5.52393    -5.54222 0.000636821
         501    -5.55242    -5.54224 0.000635876
         502    -5.52093     -5.5422 0.000636024
         503    -5.55558    -5.54222 0.000635316
         504    -5.55021    -5.54224 0.000634253
         505    -5.53668    -5.54223 0.000633093
         506    -5.54554    -5.54223 0.000631876
         507    -5.55671    -5.54226 0.000631274
         508    -5.54959    -5.54228 0.000630196
         509    -5.53355    -5.54226 0.000629191
         510    -5.56111     -5.5423 0.000629042
         511    -5.55323    -5.54232 0.000628174
         512    -5.54856    -5.54233 0.000627066
         513    -5.53413    -5.54232 0.000626047
         514    -5.55135    -5.54233 0.000625076
         515    -5.53871    -5.54233 0.000623902
         516    -5.54046    -5.54232 0.000622703
         517    -5.54237    -5.54232 0.000621498
         518    -5.55275    -5.54234 0.000620625
         519    -5.54862    -5.54235 0.000619547
         520     -5.5725    -5.54241 0.000621062
         521     -5.5556    -5.54244 0.000620386
         522    -5.53495    -5.54242 0.000619363
         523    -5.55476    -5.54245 0.000618628
         524    -5.52816    -5.54242 0.000618048
         525    -5.52734    -5.54239 0.000617538
         526    -5.52437    -5.54236 0.000617314
         527    -5.51768    -5.54231 0.000617916
         528     -5.5658    -5.54235 0.000618344
         529     -5.5456    -5.54236 0.000617206
         530    -5.54673    -5.54237 0.000616097
         531    -5.54788    -5.54238 0.000615024
         532    -5.53065    -5.54236 0.000614263
         533     -5.5561    -5.54238 0.000613651
         534    -5.55152     -5.5424 0.000612741
         535    -5.51438    -5.54235 0.000613829
         536    -5.52901    -5.54232 0.000613188
         537    -5.56312    -5.54236 0.000613268
         538    -5.56819    -5.54241 0.000614005
         539    -5.52494    -5.54238 0.000613721
         540    -5.51388    -5.54232 0.000614848
         541    -5.50509    -5.54226 0.000617551
         542    -5.55378    -5.54228 0.000616778
         543    -5.54597    -5.54228  0.00061568
         544    -5.53832    -5.54228 0.000614591
         545    -5.52901    -5.54225 0.000613945
         546    -5.53023    -5.54223 0.000613216
         547    -5.55961    -5.54226 0.000612917
         548     -5.5289    -5.54224 0.000612283
         549    -5.53455    -5.54222 0.000611328
         550    -5.55247    -5.54224 0.000610501
         551    -5.51861     -5.5422 0.000610898
         552    -5.54632    -5.54221 0.000609837
         553     -5.5735    -5.54226 0.000611354
         554    -5.55364    -5.54228 0.000610595
         555    -5.54011    -5.54228 0.000609508
         556    -5.53805    -5.54227 0.000608459
         557    -5.55562     -5.5423 0.000607838
         558      -5.548    -5.54231 0.000606835
         559    -5.56026    -5.54234 0.000606598
         560    -5.51972     -5.5423 0.000606858
         561    -5.54391     -5.5423 0.000605783
         562    -5.54298     -5.5423 0.000604707
         563    -5.55209    -5.54232 0.000603882
         564    -5.53425    -5.54231 0.000602981
         565    -5.54464    -5.54231 0.000601928
         566    -5.54783    -5.54232 0.000600943
         567    -5.55165    -5.54234 0.000600108
         568    -5.54476    -5.54234 0.000599067
         569    -5.54311    -5.54234 0.000598016
         570    -5.56382    -5.54238 0.000598153
         571    -5.54087    -5.54238 0.000597111
         572    -5.54582    -5.54238 0.000596098
         573    -5.55206     -5.5424 0.000595297
         574     -5.5512    -5.54241 0.000594457
         575    -5.55937    -5.54244 0.000594154
         576    -5.54403    -5.54245 0.000593129
         577    -5.54646    -5.54245 0.000592141
         578    -5.54866    -5.54246 0.000591214
         579    -5.53629    -5.54245 0.000590289
         580    -5.53758    -5.54245 0.000589331
         581    -5.54588    -5.54245 0.000588347
         582      -5.558    -5.54248 0.000587942
         583    -5.54343    -5.54248 0.000586936
         584    -5.52962    -5.54246 0.000586344
         585    -5.52845    -5.54243  0.00058583
         586    -5.53602    -5.54242 0.000584932
         587    -5.55663    -5.54245 0.000584436
         588    -5.56153    -5.54248 0.000584343
         589    -5.53726    -5.54247 0.000583418
         590    -5.54131    -5.54247 0.000582432
         591    -5.54418    -5.54247 0.000581454
         592    -5.53922    -5.54247 0.000580498
         593      -5.549    -5.54248 0.000579624
         594    -5.55087    -5.54249  0.00057882
         595    -5.52855    -5.54247 0.000578321
         596    -5.54579    -5.54247 0.000577378
         597    -5.53206    -5.54246 0.000576674
         598    -5.54171    -5.54245 0.000575711
         599    -5.54468    -5.54246 0.000574761
         600    -5.50231    -5.54239 0.000577686
