           1    0.928183    0.928183           0
           1    0.928183    0.928183           0
           2    0.866648    0.897416    0.021756
           3    0.831657    0.875496   0.0230365
           4    0.831817    0.864576   0.0196961
           5    0.839773    0.859616   0.0163696
           6     0.84388    0.856993   0.0138499
           7    0.854944      0.8567   0.0118744
           8    0.840868    0.854721   0.0105537
           9    0.845895    0.853741  0.00942656
          10    0.841824    0.852549   0.0085589
          11    0.852284    0.852525  0.00778085
          12    0.851529    0.852442  0.00713289
          13    0.851591    0.852376  0.00658451
          14    0.841654     0.85161  0.00615856
          15    0.846925    0.851298  0.00575591
          16    0.865162    0.852165  0.00546099
          17    0.832705     0.85102  0.00525836
          18    0.844265    0.850645   0.0049796
          19    0.849942    0.850608  0.00471765
          20    0.866202    0.851387  0.00454575
          21    0.820511    0.849917  0.00456087
          22    0.836575    0.849311  0.00439369
          23    0.830179    0.848479  0.00428068
          24    0.852081    0.848629  0.00410495
          25    0.833228    0.848013  0.00398671
          26    0.844932    0.847894  0.00383513
          27    0.828924    0.847192   0.0037569
          28    0.839328    0.846911  0.00363321
          29    0.844542    0.846829  0.00350885
          30    0.846158    0.846807  0.00339196
          31    0.827808    0.846194  0.00333745
          32    0.861064    0.846659  0.00326534
          33    0.847438    0.846682  0.00316648
          34    0.852639    0.846857  0.00307819
          35    0.823057    0.846177  0.00306443
          36    0.848232    0.846235  0.00297984
          37    0.845035    0.846202  0.00289948
          38    0.814634    0.845371  0.00293977
          39    0.837006    0.845157  0.00287221
          40    0.871224    0.845809  0.00287339
          41    0.838371    0.845627  0.00280902
          42    0.864978    0.846088  0.00277967
          43    0.829839     0.84571  0.00274059
          44    0.833402     0.84543  0.00269254
          45    0.853244    0.845604   0.0026383
          46     0.83722    0.845422  0.00258723
          47    0.847089    0.845457  0.00253243
          48     0.80801    0.844677  0.00259706
          49     0.84286     0.84464  0.00254432
          50    0.845822    0.844664  0.00249355
          51    0.853493    0.844837  0.00245066
          52    0.851662    0.844968  0.00240704
          53    0.851945      0.8451  0.00236522
          54    0.833717    0.844889  0.00233079
          55     0.83565    0.844721  0.00229446
          56    0.836257     0.84457  0.00225846
          57    0.856901    0.844786  0.00222918
          58    0.830085    0.844533  0.00220511
          59    0.836023    0.844388  0.00217244
          60      0.8479    0.844447  0.00213702
          61    0.843254    0.844427  0.00210208
          62    0.833092    0.844244  0.00207611
          63    0.842465    0.844216  0.00204335
          64    0.858494    0.844439  0.00202356
          65    0.847067     0.84448  0.00199284
          66    0.821302    0.844129  0.00199334
          67    0.833409    0.843969     0.00197
          68    0.815686    0.843553  0.00198445
          69    0.839036    0.843487  0.00195677
          70    0.837758    0.843405  0.00193053
          71    0.830915    0.843229  0.00191133
          72    0.847283    0.843286  0.00188562
          73    0.827118    0.843064  0.00187275
          74    0.804359    0.842541  0.00191909
          75    0.829316    0.842365  0.00190159
          76    0.843572    0.842381  0.00187663
          77    0.843381    0.842394  0.00185231
          78    0.820998    0.842119  0.00184876
          79    0.839344    0.842084  0.00182569
          80    0.839558    0.842053  0.00180314
          81    0.854648    0.842208  0.00178757
          82    0.822574    0.841969  0.00178174
          83    0.847178    0.842032  0.00176138
          84    0.837694     0.84198  0.00174117
          85    0.837345    0.841925  0.00172153
          86     0.84092    0.841914  0.00170156
          87    0.837481    0.841863  0.00168276
          88     0.86634    0.842141  0.00168647
          89    0.868772     0.84244  0.00169386
          90    0.852745    0.842555   0.0016789
          91    0.849946    0.842636  0.00166242
          92    0.838024    0.842586   0.0016451
          93    0.857436    0.842745  0.00163515
          94    0.829599    0.842606  0.00162372
          95    0.835561    0.842531  0.00160832
          96    0.853713    0.842648  0.00159578
          97    0.863042    0.842858  0.00159312
          98    0.837767    0.842806  0.00157771
          99    0.846176     0.84284  0.00156214
         100    0.846381    0.842876  0.00154692
         101    0.862211    0.843067   0.0015434
         102     0.83337    0.842972   0.0015312
         103    0.846216    0.843004  0.00151666
         104    0.857807    0.843146  0.00150874
         105    0.840752    0.843123  0.00149454
         106    0.833588    0.843033  0.00148314
         107    0.859337    0.843185  0.00147709
         108    0.845521    0.843207  0.00146357
         109    0.837805    0.843158  0.00145098
         110    0.834126    0.843075  0.00144011
         111     0.82834    0.842943  0.00143325
         112    0.833325    0.842857  0.00142302
         113    0.831197    0.842754  0.00141416
         114    0.862567    0.842927   0.0014124
         115    0.814465     0.84268  0.00142163
         116    0.832404    0.842591  0.00141214
         117    0.836518    0.842539  0.00140102
         118     0.82689    0.842407  0.00139541
         119    0.816824    0.842192  0.00140015
         120    0.849613    0.842254  0.00138984
         121    0.861708    0.842414  0.00138763
         122    0.842045    0.842411  0.00137626
         123    0.842877    0.842415  0.00136507
         124     0.84461    0.842433  0.00135418
         125    0.853706    0.842523  0.00134634
         126    0.827128    0.842401  0.00134119
         127    0.848501    0.842449  0.00133149
         128    0.820091    0.842274   0.0013325
         129    0.854788    0.842371  0.00132569
         130    0.842943    0.842376   0.0013155
         131    0.862603     0.84253  0.00131449
         132    0.854228    0.842619  0.00130752
         133    0.825637    0.842491   0.0013039
         134    0.840928    0.842479  0.00129423
         135      0.8532    0.842559  0.00128707
         136    0.854542    0.842647  0.00128062
         137    0.836152    0.842599  0.00127215
         138    0.823196    0.842459  0.00127068
         139    0.866107    0.842629  0.00127288
         140    0.843706    0.842637  0.00126381
         141     0.82244    0.842493  0.00126294
         142    0.850717    0.842551  0.00125537
         143    0.842745    0.842553  0.00124659
         144    0.858603    0.842664  0.00124291
         145    0.853188    0.842737  0.00123645
         146    0.835086    0.842684  0.00122909
         147    0.872955     0.84289  0.00123786
         148    0.831169    0.842811  0.00123203
         149    0.842793    0.842811  0.00122376
         150    0.861663    0.842937  0.00122204
         151    0.848747    0.842975  0.00121455
         152    0.837401    0.842938  0.00120711
         153    0.817874    0.842775  0.00121029
         154     0.84677    0.842801  0.00120271
         155    0.867293    0.842959  0.00120528
         156    0.858322    0.843057  0.00120158
         157    0.829825    0.842973  0.00119687
         158    0.797089    0.842682  0.00122402
         159    0.836752    0.842645  0.00121689
         160    0.858572    0.842745  0.00121335
         161    0.827471     0.84265  0.00120952
         162    0.833503    0.842593  0.00120337
         163    0.843974    0.842602  0.00119602
         164    0.831052    0.842531   0.0011908
         165    0.857581    0.842623  0.00118707
         166    0.837393    0.842591  0.00118033
         167    0.852254    0.842649  0.00117468
         168    0.848164    0.842682  0.00116815
         169    0.847008    0.842707  0.00116152
         170    0.843095     0.84271  0.00115469
         171    0.860868    0.842816  0.00115281
         172    0.813968    0.842648  0.00115824
         173    0.844351    0.842658  0.00115159
         174    0.859687    0.842756  0.00114912
         175    0.839591    0.842738   0.0011427
         176    0.838012    0.842711  0.00113652
         177    0.833629     0.84266  0.00113126
         178    0.835179    0.842618  0.00112568
         179     0.84167    0.842612   0.0011194
         180    0.837693    0.842585  0.00111352
         181    0.820613    0.842464  0.00111396
         182    0.837157    0.842434  0.00110823
         183    0.826468    0.842347   0.0011056
         184    0.825364    0.842255  0.00110344
         185    0.814111    0.842103  0.00110791
         186    0.847238     0.84213   0.0011023
         187    0.867855    0.842268  0.00110495
         188    0.826692    0.842185  0.00110218
         189    0.818085    0.842057   0.0011037
         190    0.855122    0.842126  0.00110003
         191    0.843547    0.842134  0.00109429
         192    0.851829    0.842184  0.00108976
         193     0.83156    0.842129   0.0010855
         194    0.829036    0.842062    0.001082
         195    0.853334    0.842119    0.001078
         196    0.850117     0.84216  0.00107327
         197     0.85424    0.842222  0.00106957
         198    0.840378    0.842212  0.00106421
         199    0.843644    0.842219  0.00105889
         200    0.827567    0.842146  0.00105612
         201    0.838398    0.842128  0.00105103
         202    0.811411    0.841975  0.00105677
         203    0.836531    0.841949  0.00105191
         204    0.835548    0.841917  0.00104722
         205    0.850382    0.841959  0.00104292
         206    0.889973    0.842192  0.00106359
         207    0.850696    0.842233  0.00105924
         208     0.85624      0.8423  0.00105629
         209    0.850105    0.842337  0.00105189
         210    0.838894    0.842321  0.00104701
         211    0.843282    0.842326  0.00104206
         212    0.833558    0.842284  0.00103797
         213    0.839745    0.842272  0.00103316
         214    0.850256     0.84231  0.00102901
         215     0.83578    0.842279  0.00102467
         216    0.837065    0.842255  0.00102021
         217    0.835804    0.842225  0.00101594
         218    0.845147    0.842239  0.00101137
         219    0.832554    0.842195  0.00100772
         220    0.853128    0.842244  0.00100436
         221    0.836559    0.842219  0.00100015
         222    0.844823     0.84223  0.00099571
         223    0.854223    0.842284 0.000992696
         224    0.827598    0.842218 0.000990427
         225    0.830346    0.842166  0.00098743
         226     0.84301    0.842169 0.000983068
         227    0.820487    0.842074 0.000983367
         228    0.831527    0.842028 0.000980141
         229    0.851593    0.842069 0.000976751
         230    0.820325    0.841975 0.000977068
         231    0.833742    0.841939 0.000973489
         232    0.847505    0.841963 0.000969588
         233    0.834855    0.841933 0.000965907
         234    0.856198    0.841994 0.000963701
         235    0.836557    0.841971 0.000959877
         236    0.841822     0.84197  0.00095581
         237    0.842475    0.841972  0.00095178
         238     0.84479    0.841984 0.000947854
         239    0.830663    0.841937 0.000945071
         240    0.831125    0.841891 0.000942206
         241    0.816938    0.841788 0.000943969
         242    0.836953    0.841768  0.00094028
         243    0.832565     0.84173 0.000937173
         244     0.84715    0.841752 0.000933595
         245    0.840711    0.841748 0.000929794
         246    0.850109    0.841782 0.000926635
         247    0.825385    0.841716 0.000925259
         248    0.837632    0.841699 0.000921674
         249    0.834454     0.84167 0.000918432
         250    0.843303    0.841677 0.000914781
         251    0.834069    0.841646 0.000911639
         252    0.823875    0.841576 0.000910745
         253    0.858467    0.841643 0.000909589
         254    0.847653    0.841666 0.000906316
         255    0.840275    0.841661 0.000902778
         256    0.808277     0.84153 0.000908621
         257    0.843764    0.841539 0.000905127
         258    0.869062    0.841646 0.000907883
         259    0.843349    0.841652 0.000904402
         260    0.834659    0.841625 0.000901323
         261    0.821945     0.84155 0.000901018
         262    0.824287    0.841484 0.000899985
         263    0.819859    0.841402 0.000900312
         264     0.84194    0.841404 0.000896904
         265    0.848219     0.84143 0.000893888
         266    0.828037    0.841379 0.000891944
         267     0.84623    0.841397 0.000888788
         268    0.826274    0.841341 0.000887262
         269    0.844571    0.841353 0.000884045
         270    0.847266    0.841375 0.000881042
         271    0.847252    0.841397 0.000878057
         272    0.845208    0.841411 0.000874941
         273    0.837454    0.841396 0.000871856
         274    0.838478    0.841385 0.000868739
         275    0.849626    0.841415 0.000866097
         276    0.833767    0.841388 0.000863402
         277    0.835017    0.841365 0.000860591
         278    0.838588    0.841355 0.000857554
         279    0.842643    0.841359 0.000854492
         280    0.843834    0.841368 0.000851486
         281    0.837049    0.841353 0.000848595
         282    0.834861     0.84133 0.000845898
         283    0.851644    0.841366 0.000843694
         284    0.852535    0.841406 0.000841639
         285    0.833001    0.841376 0.000839202
         286    0.847141    0.841396  0.00083651
         287    0.834737    0.841373 0.000833917
         288    0.862615    0.841447 0.000834277
         289     0.86358    0.841523 0.000834898
         290    0.852517    0.841561 0.000832879
         291    0.830944    0.841525 0.000830816
         292    0.846091     0.84154 0.000828118
         293     0.83347    0.841513  0.00082575
         294    0.833163    0.841485 0.000823429
         295    0.840392    0.841481 0.000820646
         296    0.844062     0.84149  0.00081792
         297    0.861337    0.841556 0.000817892
         298     0.82468      0.8415 0.000817105
         299      0.8231    0.841438 0.000816687
         300     0.83661    0.841422 0.000814123
         301    0.821915    0.841357 0.000813993
         302    0.855849    0.841405 0.000812711
         303    0.860835    0.841469 0.000812555
         304    0.851606    0.841503 0.000810566
         305    0.851878    0.841537 0.000808622
         306    0.819745    0.841466 0.000809109
         307    0.855577    0.841511 0.000807778
         308    0.837873      0.8415 0.000805242
         309    0.847216    0.841518 0.000802848
         310    0.833442    0.841492 0.000800681
         311    0.844698    0.841502 0.000798173
         312    0.846761    0.841519 0.000795792
         313    0.832072    0.841489 0.000793822
         314    0.832054    0.841459 0.000791863
         315    0.840948    0.841457  0.00078935
         316    0.826621     0.84141 0.000788248
         317    0.855326    0.841454 0.000786982
         318    0.821837    0.841393 0.000786922
         319    0.842772    0.841397 0.000784467
         320    0.838884    0.841389 0.000782055
         321    0.833014    0.841363 0.000780054
         322    0.844182    0.841372  0.00077768
         323    0.840954    0.841371 0.000775274
         324    0.839941    0.841366 0.000772893
         325    0.865509     0.84144 0.000774077
         326    0.829451    0.841404 0.000772576
         327     0.83568    0.841386 0.000770411
         328    0.818534    0.841316 0.000771206
         329     0.83928     0.84131 0.000768887
         330    0.827739    0.841269 0.000767656
         331    0.850713    0.841298 0.000765867
         332     0.83463    0.841278 0.000763823
         333    0.862613    0.841342 0.000764212
         334    0.827188    0.841299 0.000763098
         335    0.845678    0.841312 0.000760932
         336    0.827674    0.841272 0.000759749
         337    0.826934    0.841229 0.000758685
         338    0.824163    0.841179 0.000758119
         339    0.826266    0.841135 0.000757157
         340    0.821063    0.841076 0.000757228
         341    0.863136     0.84114 0.000757766
         342    0.853996    0.841178 0.000756482
         343    0.840822    0.841177 0.000754278
         344    0.834148    0.841157 0.000752362
         345    0.840035    0.841153 0.000750188
         346     0.84354     0.84116 0.000748051
         347    0.833181    0.841137 0.000746249
         348    0.851873    0.841168 0.000744742
         349    0.846693    0.841184 0.000742776
         350     0.84313    0.841189 0.000740675
         351    0.879828    0.841299   0.0007467
         352    0.842315    0.841302 0.000744585
         353    0.841296    0.841302 0.000742475
         354    0.845644    0.841315 0.000740479
         355    0.835229    0.841297 0.000738592
         356    0.872703    0.841386 0.000741767
         357    0.853885    0.841421 0.000740515
         358    0.851124    0.841448 0.000738942
         359    0.837416    0.841437 0.000736969
         360    0.846813    0.841452 0.000735073
         361    0.843289    0.841457 0.000733055
         362    0.859705    0.841507 0.000732761
         363    0.820815     0.84145 0.000732956
         364    0.834364    0.841431 0.000731201
         365    0.826272    0.841389 0.000730376
         366    0.844168    0.841397  0.00072842
         367    0.848443    0.841416 0.000726688
         368    0.840814    0.841414 0.000724715
         369    0.865776     0.84148 0.000725752
         370    0.847244    0.841496 0.000723958
         371    0.844357    0.841503 0.000722048
         372    0.833724    0.841483  0.00072041
         373    0.851256    0.841509 0.000718954
         374    0.852304    0.841538 0.000717611
         375    0.847591    0.841554 0.000715879
         376    0.835077    0.841537 0.000714182
         377    0.833738    0.841516 0.000712588
         378    0.836555    0.841503 0.000710823
         379    0.853033    0.841533 0.000709599
         380    0.829787    0.841502 0.000708404
         381    0.875702    0.841592 0.000712209
         382    0.824512    0.841547 0.000711747
         383    0.841254    0.841547 0.000709889
         384    0.829614    0.841515  0.00070872
         385    0.835475      0.8415 0.000707053
         386    0.847047    0.841514 0.000705367
         387    0.828895    0.841482 0.000704298
         388    0.838267    0.841473 0.000702531
         389    0.850114    0.841495 0.000701076
         390     0.81838    0.841436  0.00070178
         391    0.838977     0.84143 0.000700013
         392    0.840464    0.841427 0.000698231
         393    0.864189    0.841485 0.000698853
         394    0.853991    0.841517 0.000697799
         395    0.845489    0.841527 0.000696105
         396    0.833486    0.841507 0.000694644
         397    0.829044    0.841475 0.000693603
         398    0.836355    0.841463 0.000691979
         399     0.84996    0.841484 0.000690573
         400    0.845139    0.841493 0.000688907
         401    0.819732    0.841439 0.000689323
         402    0.836944    0.841428 0.000687699
         403    0.842864    0.841431 0.000686002
         404    0.822752    0.841385  0.00068586
         405    0.821966    0.841337  0.00068584
         406    0.825748    0.841299 0.000685225
         407    0.840622    0.841297 0.000683543
         408    0.842641      0.8413 0.000681876
         409    0.853028    0.841329 0.000680811
         410    0.857217    0.841368 0.000680253
         411    0.830033     0.84134 0.000679157
         412    0.803665    0.841249 0.000683637
         413    0.836527    0.841237 0.000682077
         414    0.839632    0.841233  0.00068044
         415    0.827982    0.841201 0.000679549
         416    0.851564    0.841226 0.000678372
         417    0.856164    0.841262 0.000677691
         418    0.833064    0.841242 0.000676353
         419    0.851175    0.841266 0.000675154
         420    0.838387    0.841259 0.000673582
         421    0.842448    0.841262 0.000671988
         422    0.813698    0.841197 0.000673562
         423    0.834275     0.84118 0.000672169
         424    0.839573    0.841177 0.000670594
         425    0.838441     0.84117 0.000669047
         426    0.859886    0.841214 0.000668917
         427    0.837038    0.841204 0.000667422
         428    0.838609    0.841198  0.00066589
         429    0.843748    0.841204 0.000664365
         430     0.84188    0.841206 0.000662822
         431    0.871124    0.841275 0.000664909
         432    0.836105    0.841263 0.000663477
         433    0.854132    0.841293  0.00066261
         434    0.822775     0.84125 0.000662456
         435    0.874429    0.841327 0.000665309
         436    0.843853    0.841332 0.000663808
         437    0.838433    0.841326 0.000662323
         438    0.850034    0.841346 0.000661109
         439    0.841562    0.841346 0.000659603
         440     0.85706    0.841382  0.00065907
         441    0.858841    0.841421 0.000658764
         442    0.828673    0.841393 0.000657904
         443    0.828553    0.841364 0.000657057
         444    0.834018    0.841347 0.000655786
         445    0.821954    0.841304 0.000655758
         446    0.833503    0.841286 0.000654521
         447    0.838375     0.84128  0.00065309
         448    0.839862    0.841276 0.000651639
         449    0.850358    0.841297 0.000650502
         450    0.819223    0.841248 0.000650903
         451    0.825301    0.841212  0.00065042
         452    0.844047    0.841218 0.000649011
         453    0.846567     0.84123 0.000647686
         454    0.845751     0.84124 0.000646335
         455     0.85084    0.841261 0.000645259
         456    0.854313     0.84129 0.000644479
         457    0.833959    0.841274 0.000643268
         458    0.851685    0.841297 0.000642265
         459    0.857698    0.841332 0.000641859
         460    0.827076    0.841301 0.000641212
         461    0.842703    0.841304 0.000639828
         462    0.850543    0.841324 0.000638755
         463     0.83019      0.8413 0.000637828
         464    0.851404    0.841322 0.000636825
         465    0.834733    0.841308 0.000635613
         466    0.830486    0.841285 0.000634673
         467    0.833743    0.841269  0.00063352
         468    0.833249    0.841251 0.000632398
         469    0.832902    0.841234   0.0006313
         470     0.81542    0.841179 0.000632341
         471    0.838504    0.841173 0.000631024
         472    0.849174     0.84119 0.000629915
         473     0.81551    0.841136 0.000630919
         474    0.851769    0.841158 0.000629986
         475    0.855306    0.841188 0.000629364
         476    0.823243     0.84115 0.000629169
         477    0.828551    0.841124 0.000628405
         478    0.823763    0.841087 0.000628139
         479    0.808232    0.841019 0.000630561
         480     0.83046    0.840997 0.000629631
         481    0.837941    0.840991 0.000628354
         482    0.827471    0.840962 0.000627676
         483    0.832126    0.840944 0.000626643
         484    0.843863     0.84095 0.000625378
         485    0.853325    0.840976 0.000624608
         486    0.847024    0.840988 0.000623447
         487    0.845686    0.840998 0.000622242
         488    0.825086    0.840965  0.00062182
         489    0.812914    0.840908 0.000623189
         490    0.843365    0.840913 0.000621937
         491    0.844034    0.840919 0.000620703
         492    0.856482    0.840951 0.000620247
         493    0.827396    0.840923 0.000619598
         494    0.838021    0.840917 0.000618372
         495    0.838985    0.840914 0.000617135
         496    0.822917    0.840877 0.000616956
         497    0.832975    0.840861  0.00061592
         498    0.833702    0.840847 0.000614851
         499     0.82252     0.84081 0.000614714
         500     0.82224    0.840773 0.000614606
         501    0.848736    0.840789 0.000613585
         502    0.818651    0.840745 0.000613945
         503    0.854237    0.840772  0.00061331
         504    0.847261    0.840785 0.000612228
         505    0.833662    0.840771 0.000611179
         506    0.844031    0.840777 0.000610005
         507    0.855754    0.840807 0.000609516
         508    0.848916    0.840822 0.000608526
         509    0.831928    0.840805 0.000607581
         510    0.857951    0.840839 0.000607319
         511    0.851823     0.84086 0.000606511
         512    0.847599    0.840873 0.000605469
         513    0.832783    0.840858 0.000604494
         514    0.849346    0.840874 0.000603544
         515    0.836701    0.840866 0.000602426
         516    0.837611     0.84086 0.000601292
         517    0.840951     0.84086 0.000600129
         518    0.848648    0.840875 0.000599158
         519    0.844752    0.840882  0.00059805
         520    0.868044    0.840935 0.000599177
         521    0.851491    0.840955  0.00059837
         522    0.834175    0.840942 0.000597364
         523    0.851331    0.840962 0.000596552
         524    0.829382     0.84094 0.000595823
         525    0.828769    0.840916 0.000595139
         526    0.823934    0.840884 0.000594882
         527    0.817488     0.84084 0.000595408
         528    0.862143     0.84088 0.000595646
         529    0.843169    0.840884 0.000594536
         530    0.844427    0.840891 0.000593451
         531    0.844304    0.840898 0.000592369
         532    0.828862    0.840875 0.000591687
         533      0.8541      0.8409 0.000591097
         534    0.851954     0.84092 0.000590352
         535     0.81258    0.840867 0.000591621
         536    0.828588    0.840845  0.00059096
         537    0.861958    0.840884 0.000591166
         538    0.863397    0.840926 0.000591547
         539    0.823862    0.840894 0.000591296
         540    0.815164    0.840846 0.000592118
         541     0.80477     0.84078 0.000594766
         542    0.853915    0.840804 0.000594162
         543    0.846978    0.840815 0.000593177
         544    0.837943     0.84081  0.00059211
         545      0.8283    0.840787 0.000591468
         546     0.82873    0.840765 0.000590797
         547    0.857572    0.840796 0.000590516
         548    0.828129    0.840773  0.00058989
         549    0.833862     0.84076  0.00058895
         550    0.851243    0.840779 0.000588187
         551    0.818156    0.840738 0.000588551
         552     0.84478    0.840745 0.000587531
         553    0.870091    0.840798  0.00058886
         554    0.851122    0.840817 0.000588092
         555    0.840576    0.840817 0.000587032
         556    0.838782    0.840813 0.000585988
         557    0.851528    0.840832 0.000585251
         558    0.843259    0.840837 0.000584219
         559    0.857265    0.840866 0.000583912
         560    0.816862    0.840823 0.000584441
         561    0.841432    0.840824   0.0005834
         562    0.841119    0.840825 0.000582362
         563    0.850599    0.840842 0.000581587
         564    0.834326     0.84083  0.00058067
         565    0.844346    0.840837 0.000579676
         566    0.844778    0.840844 0.000578693
         567    0.848332    0.840857 0.000577823
         568    0.842134    0.840859  0.00057681
         569    0.840909    0.840859 0.000575797
         570    0.861529    0.840895 0.000575927
         571     0.83993    0.840894 0.000574921
         572    0.843411    0.840898 0.000573933
         573     0.84783     0.84091 0.000573059
         574    0.848777    0.840924 0.000572224
         575    0.855275    0.840949 0.000571773
         576    0.842613    0.840952 0.000570788
         577    0.842734    0.840955 0.000569807
         578    0.844548    0.840961 0.000568855
         579    0.835561    0.840952 0.000567949
         580    0.836688    0.840944 0.000567017
         581    0.846395    0.840954 0.000566119
         582    0.855751    0.840979 0.000565717
         583    0.843449    0.840983 0.000564762
         584    0.827873    0.840961 0.000564241
         585    0.826713    0.840937 0.000563802
         586    0.834602    0.840926 0.000562944
         587    0.854172    0.840948 0.000562437
         588    0.858649    0.840979 0.000562285
         589     0.83756    0.840973 0.000561361
         590    0.838899    0.840969  0.00056042
         591    0.842773    0.840972  0.00055948
         592    0.839204    0.840969 0.000558543
         593    0.845351    0.840977  0.00055765
         594    0.847734    0.840988 0.000556827
         595    0.829204    0.840968 0.000556244
         596    0.845771    0.840976 0.000555369
         597    0.831385     0.84096 0.000554671
         598    0.838316    0.840956 0.000553761
         599    0.843769    0.840961 0.000552856
         600    0.802513    0.840896 0.000555636
