           1    -4.70243    -4.70243           0
           1    -4.70243    -4.70243           0
           2    -4.70114    -4.70179 0.000455186
           3    -4.70104    -4.70154 0.000365981
           4    -4.70084    -4.70136 0.000313038
           5    -4.70346    -4.70178 0.000450607
           6    -4.70362    -4.70209 0.000468255
           7    -4.70118    -4.70196  0.00041907
           8     -4.7013    -4.70188 0.000374631
           9    -4.70009    -4.70168 0.000382132
          10    -4.70059    -4.70157 0.000359083
          11    -4.70232    -4.70164 0.000332846
          12    -4.70339    -4.70178  0.00033565
          13    -4.70021    -4.70166 0.000330806
          14    -4.70134    -4.70164 0.000307996
          15    -4.70057    -4.70157 0.000295651
          16    -4.70246    -4.70162  0.00028238
          17    -4.70267    -4.70168 0.000272411
          18    -4.70178    -4.70169 0.000257326
          19    -4.70232    -4.70172 0.000245894
          20    -4.70198    -4.70174 0.000233933
          21    -4.70112    -4.70171 0.000224642
          22    -4.70208    -4.70172 0.000215067
          23    -4.70345     -4.7018 0.000218452
          24    -4.70257    -4.70183 0.000211728
          25    -4.70151    -4.70182 0.000203636
          26    -4.70018    -4.70175 0.000205264
          27    -4.70063    -4.70171 0.000201816
          28    -4.69806    -4.70158 0.000233009
          29    -4.70064    -4.70155 0.000227244
          30    -4.70367    -4.70162 0.000230444
          31    -4.70104     -4.7016 0.000223768
          32    -4.70348    -4.70166 0.000224329
          33    -4.70235    -4.70168  0.00021849
          34     -4.7017    -4.70168 0.000212065
          35    -4.70074    -4.70166 0.000207689
          36    -4.70193    -4.70166 0.000202064
          37    -4.70344    -4.70171 0.000202212
          38    -4.70101    -4.70169 0.000197738
          39    -4.70114    -4.70168  0.00019317
          40    -4.70375    -4.70173 0.000195128
          41    -4.70106    -4.70171 0.000191051
          42    -4.70226    -4.70173 0.000186945
          43    -4.70291    -4.70175 0.000184599
          44    -4.70438    -4.70181 0.000189805
          45    -4.70428    -4.70187 0.000193363
          46    -4.70177    -4.70187 0.000189171
          47    -4.70288    -4.70189 0.000186365
          48    -4.70142    -4.70188 0.000182738
          49      -4.701    -4.70186 0.000179876
          50    -4.70248    -4.70187 0.000176712
          51    -4.70217    -4.70188 0.000173341
          52    -4.70345    -4.70191 0.000172633
          53    -4.70386    -4.70195 0.000173275
          54     -4.7015    -4.70194 0.000170263
          55    -4.70098    -4.70192 0.000168047
          56    -4.69914    -4.70187 0.000172202
          57    -4.70181    -4.70187 0.000169185
          58    -4.70358     -4.7019 0.000168819
          59     -4.7011    -4.70189 0.000166505
          60    -4.70221    -4.70189 0.000163816
          61    -4.70154    -4.70189 0.000161231
          62    -4.70069    -4.70187 0.000159773
          63    -4.70226    -4.70187 0.000157357
          64    -4.70088    -4.70186 0.000155663
          65    -4.69963    -4.70182 0.000156998
          66    -4.69875    -4.70178 0.000161378
          67    -4.69885    -4.70173 0.000164754
          68     -4.6971    -4.70166 0.000175824
          69     -4.7002    -4.70164 0.000174555
          70    -4.70124    -4.70164 0.000172153
          71    -4.69985    -4.70161  0.00017156
          72    -4.70257    -4.70163  0.00016969
          73     -4.6996     -4.7016 0.000169627
          74    -4.69844    -4.70155 0.000172612
          75     -4.7005    -4.70154 0.000170883
          76    -4.70121    -4.70154 0.000168692
          77    -4.70086    -4.70153 0.000166733
          78    -4.69927     -4.7015 0.000167079
          79    -4.70007    -4.70148  0.00016594
          80    -4.70182    -4.70148 0.000163919
          81    -4.70082    -4.70148   0.0001621
          82    -4.70083    -4.70147 0.000160316
          83    -4.70227    -4.70148 0.000158675
          84    -4.70149    -4.70148 0.000156787
          85    -4.70264    -4.70149 0.000155541
          86    -4.70294    -4.70151 0.000154643
          87    -4.70129    -4.70151 0.000152886
          88    -4.70389    -4.70153 0.000153529
          89    -4.70239    -4.70154 0.000152104
          90    -4.70213    -4.70155 0.000150555
          91    -4.70266    -4.70156  0.00014939
          92    -4.70008    -4.70155 0.000148633
          93    -4.70019    -4.70153 0.000147749
          94    -4.70037    -4.70152 0.000146691
          95    -4.70142    -4.70152  0.00014515
          96    -4.70385    -4.70154 0.000145656
          97     -4.7009    -4.70154 0.000144303
          98    -4.70176    -4.70154 0.000142848
          99    -4.70164    -4.70154 0.000141409
         100    -4.70196    -4.70154 0.000140058
         101     -4.7023    -4.70155 0.000138869
         102    -4.69906    -4.70153 0.000139635
         103    -4.69843     -4.7015 0.000141479
         104    -4.70476    -4.70153  0.00014356
         105    -4.70408    -4.70155 0.000144229
         106    -4.70204    -4.70156 0.000142942
         107    -4.70165    -4.70156 0.000141609
         108    -4.70342    -4.70157 0.000141342
         109    -4.70199    -4.70158 0.000140096
         110    -4.70258    -4.70159 0.000139119
         111    -4.70013    -4.70157  0.00013848
         112    -4.70009    -4.70156 0.000137872
         113    -4.70099    -4.70156 0.000136745
         114    -4.69922    -4.70154 0.000137067
         115    -4.69865    -4.70151 0.000138153
         116    -4.70094    -4.70151 0.000137051
         117    -4.70205    -4.70151 0.000135958
         118    -4.69851    -4.70148  0.00013716
         119    -4.70134    -4.70148 0.000136013
         120    -4.70155    -4.70148 0.000134881
         121    -4.70153    -4.70148 0.000133767
         122    -4.70236    -4.70149 0.000132863
         123      -4.703     -4.7015 0.000132348
         124    -4.70028    -4.70149 0.000131651
         125    -4.70121    -4.70149 0.000130618
         126    -4.70268     -4.7015 0.000129924
         127    -4.70218    -4.70151  0.00012901
         128    -4.70098     -4.7015 0.000128069
         129    -4.70102     -4.7015  0.00012713
         130    -4.70085    -4.70149  0.00012625
         131    -4.70157    -4.70149 0.000125288
         132    -4.70019    -4.70148 0.000124727
         133    -4.69821    -4.70146 0.000126194
         134    -4.70251    -4.70147 0.000125495
         135    -4.70404    -4.70149 0.000126001
         136     -4.7037     -4.7015 0.000126117
         137    -4.69878    -4.70148 0.000126758
         138     -4.6997    -4.70147 0.000126495
         139    -4.70106    -4.70147 0.000125618
         140    -4.70197    -4.70147 0.000124772
         141    -4.70149    -4.70147 0.000123887
         142    -4.70186    -4.70147 0.000123045
         143    -4.70087    -4.70147 0.000122256
         144    -4.69877    -4.70145 0.000122837
         145     -4.7015    -4.70145 0.000121991
         146     -4.7013    -4.70145  0.00012116
         147    -4.70276    -4.70146 0.000120661
         148    -4.70076    -4.70145 0.000119936
         149    -4.69934    -4.70144 0.000119966
         150    -4.70099    -4.70144 0.000119204
         151    -4.70241    -4.70144 0.000118588
         152    -4.69872    -4.70143  0.00011915
         153    -4.70008    -4.70142 0.000118696
         154    -4.70236    -4.70142 0.000118082
         155    -4.70141    -4.70142  0.00011732
         156     -4.7021    -4.70143 0.000116648
         157    -4.70019    -4.70142 0.000116171
         158    -4.70015    -4.70141 0.000115712
         159    -4.70197    -4.70141 0.000115038
         160    -4.70021    -4.70141 0.000114567
         161    -4.70209    -4.70141 0.000113933
         162    -4.70247    -4.70142 0.000113418
         163    -4.70096    -4.70142 0.000112757
         164     -4.7004    -4.70141 0.000112238
         165     -4.6997     -4.7014 0.000112037
         166    -4.69877    -4.70138 0.000112473
         167    -4.70266    -4.70139 0.000112059
         168    -4.70096    -4.70139 0.000111421
         169    -4.70209    -4.70139 0.000110838
         170    -4.70353     -4.7014 0.000110895
         171    -4.70242    -4.70141 0.000110407
         172    -4.70133    -4.70141 0.000109766
         173    -4.70147    -4.70141 0.000109132
         174    -4.70348    -4.70142 0.000109154
         175    -4.70236    -4.70143 0.000108662
         176    -4.70193    -4.70143 0.000108081
         177    -4.70092    -4.70143 0.000107509
         178    -4.70226    -4.70143 0.000107006
         179    -4.70239    -4.70144  0.00010654
         180    -4.70066    -4.70143 0.000106036
         181    -4.70112    -4.70143 0.000105464
         182    -4.70082    -4.70143 0.000104938
         183    -4.70134    -4.70143 0.000104366
         184     -4.7014    -4.70143 0.000103799
         185    -4.69914    -4.70142 0.000103975
         186    -4.70131    -4.70141 0.000103417
         187    -4.70173    -4.70142 0.000102878
         188    -4.70066    -4.70141 0.000102411
         189    -4.70044    -4.70141 0.000101999
         190    -4.70253    -4.70141 0.000101634
         191    -4.70136    -4.70141 0.000101103
         192    -4.70084    -4.70141 0.000100619
         193    -4.70121    -4.70141 0.000100103
         194    -4.70226    -4.70141 9.96837e-05
         195    -4.70493    -4.70143 0.000100788
         196    -4.70211    -4.70143 0.000100334
         197    -4.70297    -4.70144 0.000100126
         198    -4.70394    -4.70146 0.000100411
         199    -4.70172    -4.70146 9.99154e-05
         200     -4.6999    -4.70145 9.97194e-05
         201    -4.70114    -4.70145 9.92354e-05
         202    -4.70146    -4.70145 9.87442e-05
         203    -4.70252    -4.70145 9.83998e-05
         204    -4.70293    -4.70146 9.81849e-05
         205    -4.70262    -4.70147 9.78676e-05
         206    -4.70163    -4.70147 9.73957e-05
         207    -4.70106    -4.70146 9.69445e-05
         208    -4.70209    -4.70147 9.65251e-05
         209    -4.70216    -4.70147 9.61201e-05
         210     -4.7012    -4.70147  9.5671e-05
         211    -4.70212    -4.70147 9.52673e-05
         212     -4.7025    -4.70148 9.49403e-05
         213    -4.70101    -4.70147 9.45194e-05
         214    -4.70145    -4.70147 9.40778e-05
         215    -4.70149    -4.70147 9.36403e-05
         216    -4.69946    -4.70147 9.36689e-05
         217    -4.70143    -4.70147 9.32374e-05
         218    -4.70347    -4.70147  9.3264e-05
         219      -4.699    -4.70146 9.35192e-05
         220    -4.70125    -4.70146 9.30991e-05
         221    -4.70317    -4.70147 9.29997e-05
         222    -4.70138    -4.70147 9.25816e-05
         223    -4.70152    -4.70147 9.21668e-05
         224    -4.70206    -4.70147 9.17924e-05
         225    -4.70408    -4.70148 9.21144e-05
         226    -4.70353    -4.70149 9.21519e-05
         227    -4.70066    -4.70149 9.18197e-05
         228    -4.70172    -4.70149 9.14226e-05
         229    -4.70333     -4.7015 9.13749e-05
         230    -4.70143     -4.7015 9.09781e-05
         231    -4.70114     -4.7015 9.05976e-05
         232    -4.69985    -4.70149 9.04858e-05
         233    -4.70109    -4.70149  9.0114e-05
         234    -4.70096    -4.70149 8.97573e-05
         235    -4.70342    -4.70149  8.9753e-05
         236    -4.70054    -4.70149 8.94629e-05
         237    -4.70039    -4.70149 8.92052e-05
         238    -4.70064    -4.70148 8.89014e-05
         239    -4.70214    -4.70148 8.85719e-05
         240    -4.70283    -4.70149 8.83806e-05
         241    -4.70004    -4.70148 8.82171e-05
         242    -4.70087    -4.70148 8.78895e-05
         243    -4.70175    -4.70148 8.75347e-05
         244    -4.70167    -4.70148 8.71794e-05
         245    -4.70114    -4.70148 8.68347e-05
         246    -4.70093    -4.70148 8.65102e-05
         247    -4.69928    -4.70147 8.66171e-05
         248    -4.70013    -4.70147 8.64354e-05
         249    -4.69948    -4.70146 8.64536e-05
         250    -4.70003    -4.70145 8.62963e-05
         251    -4.69802    -4.70144 8.70262e-05
         252    -4.69907    -4.70143 8.71847e-05
         253    -4.70266    -4.70143 8.69762e-05
         254    -4.70193    -4.70144 8.66562e-05
         255    -4.70105    -4.70143 8.63296e-05
         256    -4.70114    -4.70143 8.60002e-05
         257    -4.70411    -4.70144 8.62957e-05
         258    -4.70197    -4.70145 8.59856e-05
         259    -4.69967    -4.70144 8.59267e-05
         260      -4.699    -4.70143 8.61062e-05
         261    -4.69995    -4.70142 8.59622e-05
         262    -4.69886    -4.70141   8.619e-05
         263    -4.70017    -4.70141 8.59914e-05
         264    -4.70375    -4.70142 8.61231e-05
         265    -4.70042    -4.70141 8.58803e-05
         266    -4.70403    -4.70142 8.61176e-05
         267    -4.70377    -4.70143 8.62405e-05
         268     -4.7021    -4.70144 8.59547e-05
         269    -4.70196    -4.70144 8.56577e-05
         270    -4.70154    -4.70144 8.53413e-05
         271    -4.70173    -4.70144 8.50334e-05
         272    -4.70207    -4.70144 8.47527e-05
         273    -4.70421    -4.70145  8.5045e-05
         274    -4.70083    -4.70145 8.47644e-05
         275    -4.70115    -4.70145 8.44633e-05
         276    -4.70265    -4.70145 8.42688e-05
         277    -4.70068    -4.70145  8.4011e-05
         278    -4.70282    -4.70145 8.38532e-05
         279    -4.70177    -4.70146 8.35601e-05
         280    -4.70226    -4.70146 8.33109e-05
         281    -4.70169    -4.70146 8.30185e-05
         282    -4.69962    -4.70145 8.29802e-05
         283    -4.69892    -4.70144 8.31677e-05
         284    -4.70012    -4.70144 8.30049e-05
         285    -4.69938    -4.70143 8.30268e-05
         286    -4.70204    -4.70143 8.27641e-05
         287    -4.69889    -4.70143 8.29501e-05
         288    -4.69802    -4.70141  8.3502e-05
         289    -4.70112    -4.70141 8.32193e-05
         290    -4.70054    -4.70141  8.2986e-05
         291    -4.70301    -4.70141 8.28832e-05
         292    -4.70034    -4.70141 8.26804e-05
         293    -4.70037    -4.70141  8.2474e-05
         294    -4.69857     -4.7014 8.27577e-05
         295    -4.70027    -4.70139 8.25651e-05
         296    -4.70321     -4.7014 8.25127e-05
         297    -4.70422    -4.70141 8.27774e-05
         298    -4.69963     -4.7014 8.27151e-05
         299    -4.69963     -4.7014 8.26509e-05
         300    -4.70012    -4.70139 8.24845e-05
         301    -4.70167    -4.70139 8.22157e-05
         302    -4.70366     -4.7014 8.22865e-05
         303    -4.70271    -4.70141 8.21281e-05
         304    -4.70088     -4.7014 8.18759e-05
         305    -4.70163    -4.70141 8.16106e-05
         306    -4.70153    -4.70141  8.1345e-05
         307    -4.70025     -4.7014 8.11671e-05
         308    -4.70419    -4.70141 8.14059e-05
         309      -4.701    -4.70141 8.11534e-05
         310    -4.70411    -4.70142 8.13579e-05
         311    -4.70517    -4.70143 8.19859e-05
         312    -4.70214    -4.70143 8.17544e-05
         313    -4.70084    -4.70143 8.15148e-05
         314    -4.70321    -4.70144 8.14516e-05
         315    -4.70135    -4.70144 8.11935e-05
         316    -4.69928    -4.70143 8.12239e-05
         317    -4.70121    -4.70143 8.09706e-05
         318    -4.69974    -4.70142 8.08895e-05
         319    -4.70035    -4.70142 8.07055e-05
         320    -4.70219    -4.70142  8.0489e-05
         321    -4.70022    -4.70142 8.03252e-05
         322    -4.70584    -4.70143 8.12433e-05
         323    -4.70142    -4.70143 8.09918e-05
         324    -4.70227    -4.70143 8.07829e-05
         325    -4.70316    -4.70144 8.07093e-05
         326    -4.70155    -4.70144 8.04625e-05
         327    -4.70365    -4.70145 8.05005e-05
         328    -4.70154    -4.70145 8.02556e-05
         329    -4.70304    -4.70145 8.01573e-05
         330    -4.70009    -4.70145 8.00214e-05
         331    -4.70134    -4.70145 7.97803e-05
         332    -4.70087    -4.70145  7.9559e-05
         333    -4.69959    -4.70144 7.95156e-05
         334    -4.70076    -4.70144 7.93034e-05
         335    -4.70208    -4.70144 7.90897e-05
         336    -4.70255    -4.70144 7.89237e-05
         337    -4.69808    -4.70143 7.93178e-05
         338    -4.69896    -4.70143   7.942e-05
         339    -4.70014    -4.70142 7.92768e-05
         340    -4.70032    -4.70142 7.91098e-05
         341      -4.703    -4.70142 7.90126e-05
         342    -4.70146    -4.70142 7.87817e-05
         343    -4.70016    -4.70142 7.86378e-05
         344    -4.69882    -4.70141 7.87716e-05
         345    -4.70081    -4.70141 7.85625e-05
         346    -4.70086    -4.70141 7.83515e-05
         347    -4.70211    -4.70141 7.81514e-05
         348    -4.70378    -4.70142  7.8222e-05
         349    -4.70384    -4.70143 7.83059e-05
         350    -4.70148    -4.70143 7.80824e-05
         351    -4.70125    -4.70143 7.78614e-05
         352    -4.70067    -4.70142 7.76695e-05
         353    -4.70152    -4.70142 7.74499e-05
         354    -4.70418    -4.70143 7.76213e-05
         355    -4.70656    -4.70145 7.87357e-05
         356    -4.70255    -4.70145 7.85756e-05
         357    -4.70235    -4.70145 7.83959e-05
         358    -4.70206    -4.70145 7.81953e-05
         359    -4.69899    -4.70145 7.82784e-05
         360     -4.7007    -4.70144 7.80886e-05
         361    -4.70025    -4.70144 7.79423e-05
         362    -4.70301    -4.70144 7.78469e-05
         363     -4.7025    -4.70145  7.7687e-05
         364    -4.70103    -4.70145 7.74822e-05
         365    -4.70079    -4.70144 7.72908e-05
         366    -4.70074    -4.70144 7.71039e-05
         367    -4.70245    -4.70145 7.69427e-05
         368    -4.70188    -4.70145 7.67428e-05
         369    -4.70315    -4.70145 7.66729e-05
         370    -4.70383    -4.70146 7.67352e-05
         371    -4.70264    -4.70146 7.65948e-05
         372    -4.70068    -4.70146  7.6418e-05
         373    -4.70306    -4.70146 7.63341e-05
         374    -4.70319    -4.70147 7.62703e-05
         375    -4.70199    -4.70147 7.60795e-05
         376     -4.7035    -4.70147 7.60695e-05
         377    -4.70408    -4.70148 7.61811e-05
         378    -4.70074    -4.70148 7.60052e-05
         379    -4.70007    -4.70148 7.58956e-05
         380    -4.70288    -4.70148 7.57857e-05
         381    -4.70305    -4.70148 7.56987e-05
         382     -4.7017    -4.70148 7.55027e-05
         383    -4.70023    -4.70148 7.53771e-05
         384    -4.69967    -4.70148 7.53286e-05
         385    -4.70101    -4.70148 7.51428e-05
         386    -4.70144    -4.70147 7.49482e-05
         387    -4.70111    -4.70147 7.47605e-05
         388    -4.70239    -4.70148 7.46054e-05
         389     -4.7001    -4.70147  7.4497e-05
         390    -4.70034    -4.70147 7.43621e-05
         391    -4.69985    -4.70147 7.42877e-05
         392    -4.70193    -4.70147 7.41074e-05
         393    -4.70275    -4.70147 7.39912e-05
         394    -4.70128    -4.70147 7.38051e-05
         395    -4.70184    -4.70147  7.3624e-05
         396    -4.70201    -4.70147 7.34508e-05
         397    -4.70145    -4.70147 7.32658e-05
         398    -4.70253    -4.70147   7.313e-05
         399    -4.69968    -4.70147 7.30844e-05
         400    -4.69877    -4.70146 7.32134e-05
         401    -4.69825    -4.70146 7.34689e-05
         402    -4.69904    -4.70145 7.35324e-05
         403    -4.69979    -4.70145 7.34645e-05
         404    -4.69901    -4.70144 7.35296e-05
         405    -4.69848    -4.70143 7.37104e-05
         406    -4.70019    -4.70143 7.35928e-05
         407    -4.70147    -4.70143 7.34121e-05
         408    -4.70205    -4.70143  7.3248e-05
         409    -4.70024    -4.70143 7.31266e-05
         410     -4.7014    -4.70143 7.29482e-05
         411    -4.70261    -4.70143 7.28271e-05
         412    -4.69967    -4.70143 7.27752e-05
         413    -4.70181    -4.70143 7.26049e-05
         414    -4.70153    -4.70143 7.24299e-05
         415    -4.70062    -4.70143 7.22814e-05
         416    -4.70284    -4.70143  7.2188e-05
         417    -4.70279    -4.70143 7.20891e-05
         418    -4.70174    -4.70143 7.19203e-05
         419    -4.70125    -4.70143 7.17499e-05
         420    -4.70249    -4.70143 7.16236e-05
         421    -4.70216    -4.70144 7.14744e-05
         422    -4.70189    -4.70144 7.13131e-05
         423    -4.70046    -4.70144 7.11818e-05
         424    -4.70031    -4.70143 7.10634e-05
         425    -4.70144    -4.70143 7.08962e-05
         426    -4.70237    -4.70143 7.07642e-05
         427    -4.70148    -4.70144 7.05986e-05
         428    -4.70106    -4.70143 7.04392e-05
         429    -4.70138    -4.70143 7.02751e-05
         430    -4.70245    -4.70144 7.01516e-05
         431    -4.70304    -4.70144 7.00879e-05
         432    -4.70079    -4.70144  6.9942e-05
         433    -4.70361    -4.70144 6.99607e-05
         434     -4.6996    -4.70144 6.99287e-05
         435    -4.70219    -4.70144 6.97892e-05
         436    -4.70091    -4.70144   6.964e-05
         437    -4.70024    -4.70144 6.95343e-05
         438    -4.70186    -4.70144 6.93822e-05
         439    -4.70123    -4.70144 6.92258e-05
         440    -4.70061    -4.70144 6.90943e-05
         441    -4.70265    -4.70144 6.89926e-05
         442    -4.70194    -4.70144 6.88458e-05
         443      -4.698    -4.70143  6.9128e-05
         444    -4.69604    -4.70142 7.00293e-05
         445    -4.69906    -4.70141 7.00732e-05
         446    -4.70283    -4.70142 6.99882e-05
         447    -4.70209    -4.70142 6.98476e-05
         448    -4.70155    -4.70142 6.96923e-05
         449    -4.70013    -4.70142  6.9596e-05
         450    -4.70082    -4.70142 6.94539e-05
         451    -4.70289    -4.70142 6.93772e-05
         452     -4.7023    -4.70142 6.92509e-05
         453    -4.70036    -4.70142 6.91377e-05
         454    -4.70413    -4.70142 6.92422e-05
         455    -4.70189    -4.70143 6.90975e-05
         456    -4.70092    -4.70142 6.89547e-05
         457    -4.70119    -4.70142 6.88058e-05
         458    -4.70058    -4.70142 6.86805e-05
         459    -4.69948    -4.70142  6.8661e-05
         460    -4.70376    -4.70142    6.87e-05
         461    -4.70207    -4.70142 6.85653e-05
         462    -4.70213    -4.70143 6.84337e-05
         463    -4.70247    -4.70143 6.83228e-05
         464    -4.70158    -4.70143 6.81763e-05
         465    -4.69979    -4.70142 6.81202e-05
         466    -4.70179    -4.70143 6.79784e-05
         467    -4.70164    -4.70143 6.78344e-05
         468    -4.70196    -4.70143 6.76991e-05
         469    -4.70079    -4.70143 6.75685e-05
         470    -4.70022    -4.70142 6.74735e-05
         471    -4.70231    -4.70142 6.73565e-05
         472    -4.69974    -4.70142  6.7308e-05
         473    -4.70152    -4.70142  6.7166e-05
         474    -4.70309    -4.70142  6.7117e-05
         475    -4.70234    -4.70143 6.70036e-05
         476    -4.70335    -4.70143 6.69841e-05
         477     -4.7026    -4.70143 6.68887e-05
         478     -4.7015    -4.70143 6.67489e-05
         479     -4.7011    -4.70143 6.66132e-05
         480    -4.70024    -4.70143 6.65209e-05
         481     -4.7005    -4.70143 6.64105e-05
         482    -4.69929    -4.70142 6.64209e-05
         483    -4.70249    -4.70143 6.63202e-05
         484    -4.70195    -4.70143  6.6192e-05
         485    -4.70181    -4.70143 6.60602e-05
         486    -4.70112    -4.70143 6.59274e-05
         487    -4.70409    -4.70143 6.60175e-05
         488    -4.70211    -4.70143 6.58967e-05
         489    -4.69877    -4.70143 6.59867e-05
         490    -4.70176    -4.70143 6.58556e-05
         491    -4.70448    -4.70144 6.60131e-05
         492    -4.70225    -4.70144 6.58997e-05
         493    -4.70061    -4.70144 6.57875e-05
         494    -4.70248    -4.70144 6.56883e-05
         495    -4.70389    -4.70144 6.57423e-05
         496    -4.70275    -4.70145 6.56625e-05
         497    -4.69947    -4.70144  6.5651e-05
         498    -4.70199    -4.70144 6.55283e-05
         499     -4.7028    -4.70145 6.54531e-05
         500    -4.70169    -4.70145  6.5324e-05
         501    -4.70369    -4.70145 6.53465e-05
         502    -4.70228    -4.70145 6.52372e-05
         503    -4.70134    -4.70145 6.51078e-05
         504    -4.70295    -4.70145 6.50468e-05
         505    -4.70301    -4.70146 6.49912e-05
         506    -4.70151    -4.70146 6.48629e-05
         507    -4.70096    -4.70146 6.47425e-05
         508    -4.70068    -4.70146 6.46332e-05
         509    -4.70163    -4.70146 6.45071e-05
         510    -4.70316    -4.70146 6.44667e-05
         511    -4.70141    -4.70146 6.43406e-05
         512    -4.70096    -4.70146 6.42224e-05
         513    -4.70135    -4.70146 6.40975e-05
         514    -4.70201    -4.70146 6.39817e-05
         515    -4.70201    -4.70146 6.38664e-05
         516    -4.70285    -4.70146 6.37994e-05
         517    -4.70142    -4.70146  6.3676e-05
         518     -4.7041    -4.70147 6.37569e-05
         519    -4.70387    -4.70147 6.38019e-05
         520    -4.70446    -4.70148 6.39374e-05
         521     -4.7041    -4.70148 6.40132e-05
         522    -4.70077    -4.70148  6.3905e-05
         523    -4.70343    -4.70149 6.38916e-05
         524    -4.69878    -4.70148 6.39786e-05
         525    -4.69857    -4.70147  6.4096e-05
         526    -4.70043    -4.70147 6.40048e-05
         527     -4.7002    -4.70147 6.39292e-05
         528    -4.70365    -4.70147 6.39419e-05
         529    -4.70243    -4.70148 6.38464e-05
         530    -4.70231    -4.70148 6.37452e-05
         531    -4.70358    -4.70148 6.37475e-05
         532    -4.70179    -4.70148 6.36302e-05
         533      -4.702    -4.70148 6.35183e-05
         534    -4.69957    -4.70148 6.35008e-05
         535     -4.7018    -4.70148  6.3385e-05
         536    -4.70042    -4.70148 6.32976e-05
         537    -4.70116    -4.70148 6.31825e-05
         538     -4.7048    -4.70148 6.33652e-05
         539    -4.70108    -4.70148 6.32522e-05
         540    -4.69872    -4.70148 6.33419e-05
         541    -4.70032    -4.70148 6.32608e-05
         542    -4.69987    -4.70147 6.32139e-05
         543    -4.69899    -4.70147  6.3262e-05
         544    -4.70037    -4.70147 6.31777e-05
         545    -4.70071    -4.70146 6.30771e-05
         546     -4.7015    -4.70146 6.29616e-05
         547    -4.70203    -4.70147 6.28551e-05
         548    -4.70077    -4.70146 6.27533e-05
         549    -4.70068    -4.70146 6.26551e-05
         550    -4.70123    -4.70146 6.25426e-05
         551    -4.70045    -4.70146  6.2456e-05
         552    -4.70154    -4.70146  6.2343e-05
         553    -4.70341    -4.70146 6.23298e-05
         554    -4.70252    -4.70147 6.22463e-05
         555    -4.69954    -4.70146 6.22312e-05
         556    -4.69927    -4.70146 6.22442e-05
         557    -4.70409    -4.70146  6.2312e-05
         558    -4.70474    -4.70147 6.24761e-05
         559    -4.70299    -4.70147 6.24238e-05
         560    -4.70286    -4.70147 6.23615e-05
         561    -4.70248    -4.70148 6.22761e-05
         562    -4.70186    -4.70148 6.21691e-05
         563    -4.70149    -4.70148 6.20587e-05
         564    -4.69993    -4.70147 6.20094e-05
         565    -4.70029    -4.70147 6.19349e-05
         566    -4.70305    -4.70148 6.18879e-05
         567    -4.70331    -4.70148 6.18637e-05
         568    -4.70263    -4.70148  6.1788e-05
         569     -4.7022    -4.70148 6.16925e-05
         570    -4.70229    -4.70148 6.16006e-05
         571    -4.70094    -4.70148 6.15001e-05
         572    -4.70241    -4.70148 6.14139e-05
         573    -4.70423    -4.70149 6.14937e-05
         574    -4.70242    -4.70149 6.14081e-05
         575    -4.70409    -4.70149 6.14681e-05
         576    -4.70141    -4.70149 6.13615e-05
         577    -4.70372     -4.7015 6.13766e-05
         578    -4.70411     -4.7015  6.1437e-05
         579    -4.70073     -4.7015 6.13453e-05
         580     -4.7009     -4.7015 6.12485e-05
         581    -4.69948     -4.7015 6.12413e-05
         582    -4.70224     -4.7015 6.11495e-05
         583    -4.69998     -4.7015 6.10998e-05
         584    -4.70175     -4.7015 6.09967e-05
         585    -4.70174     -4.7015 6.08939e-05
         586    -4.70142     -4.7015 6.07901e-05
         587    -4.70246     -4.7015 6.07086e-05
         588    -4.70288     -4.7015 6.06508e-05
         589     -4.6997     -4.7015 6.06247e-05
         590    -4.70241     -4.7015 6.05415e-05
         591    -4.70141     -4.7015 6.04393e-05
         592    -4.70002     -4.7015 6.03891e-05
         593    -4.70365     -4.7015 6.03966e-05
         594    -4.70313     -4.7015 6.03576e-05
         595    -4.69935     -4.7015 6.03649e-05
         596    -4.70002     -4.7015 6.03146e-05
         597    -4.70068     -4.7015 6.02292e-05
         598    -4.70339     -4.7015  6.0212e-05
         599    -4.70091     -4.7015 6.01196e-05
         600    -4.69979    -4.70149 6.00864e-05
