1	1.1003	0.0015	1.1003	0.727016
2	0.762431	-nan	0.424566	0.610744
3	0.513436	-nan	0.0154453	0.172746
4	0.345026	-nan	-0.160202	0.167331
5	0.23609	-nan	-0.199655	0.0672487
6	0.153282	-nan	-0.260758	0.0327486
7	0.0813059	-nan	-0.350551	0.0333168
8	0.0182138	-nan	-0.423431	0.0191336
9	-0.0311167	-nan	-0.42576	0.00894086
10	-0.0649291	-nan	-0.369241	0.0352257
11	-0.0927799	-nan	-0.371288	0.0275184
12	-0.115639	-nan	-0.367095	0.0454241
13	-0.139577	-nan	-0.426823	0.00892227
14	-0.158073	-nan	-0.398519	0.0112082
15	-0.174675	-nan	-0.407105	0.0192793
16	-0.189843	-nan	-0.417373	0.0308491
17	-0.204519	-nan	-0.439334	0.00291795
18	-0.217564	-nan	-0.439318	0.00402751
19	-0.228322	-nan	-0.421966	0.0148094
20	-0.238566	-nan	-0.433217	0.0130531
21	-0.246447	-nan	-0.404058	0.0174607
22	-0.254839	-nan	-0.431078	0.00485759
23	-0.262343	-nan	-0.427417	0.0176141
24	-0.269258	-nan	-0.428319	0.0116797
25	-0.276099	-nan	-0.440267	0.00776003
26	-0.282304	-nan	-0.437435	0.00766704
27	-0.2879	-nan	-0.433394	0.0168774
28	-0.292558	-nan	-0.418321	0.0105077
29	-0.297528	-nan	-0.436707	0.00418589
30	-0.301583	-nan	-0.419151	0.0251069
31	-0.305812	-nan	-0.432692	0.00951993
32	-0.308925	-nan	-0.405417	0.0260819
33	-0.312617	-nan	-0.430774	0.0112918
34	-0.31604	-nan	-0.428985	0.00628896
35	-0.319218	-nan	-0.42729	0.00726446
36	-0.322299	-nan	-0.43012	0.00750249
37	-0.325191	-nan	-0.429308	0.0106202
38	-0.327885	-nan	-0.42755	0.0120169
39	-0.330674	-nan	-0.436675	0.00730644
40	-0.333127	-nan	-0.428791	0.00786085
41	-0.33551	-nan	-0.430826	0.00358877
42	-0.337877	-nan	-0.434937	0.00847083
43	-0.339771	-nan	-0.41931	0.00553353
44	-0.341792	-nan	-0.428677	0.00503952
45	-0.343688	-nan	-0.427153	0.00388114
46	-0.345579	-nan	-0.430661	0.00995371
47	-0.347605	-nan	-0.440814	0.00473682
48	-0.349527	-nan	-0.439846	0.00662124
49	-0.351227	-nan	-0.432809	0.0083905
50	-0.352998	-nan	-0.439802	0.00359813
51	-0.35471	-nan	-0.44031	0.00314693
52	-0.356075	-nan	-0.425659	0.00669782
53	-0.357571	-nan	-0.435369	0.00522196
54	-0.358922	-nan	-0.430516	0.0103935
55	-0.360226	-nan	-0.430668	0.0129246
56	-0.361608	-nan	-0.437615	0.00363883
57	-0.362915	-nan	-0.436116	0.00515525
58	-0.363976	-nan	-0.424421	0.0140306
59	-0.365241	-nan	-0.438607	0.00471446
60	-0.366454	-nan	-0.438031	0.00369112
61	-0.367651	-nan	-0.439488	0.00446173
62	-0.368792	-nan	-0.438398	0.0044717
63	-0.369813	-nan	-0.433124	0.00720279
64	-0.370797	-nan	-0.432765	0.00793606
65	-0.371832	-nan	-0.438071	0.0031703
66	-0.372816	-nan	-0.436788	0.00384439
67	-0.373846	-nan	-0.44183	0.00471063
68	-0.374702	-nan	-0.43208	0.00909561
69	-0.375645	-nan	-0.43973	0.00380268
70	-0.376588	-nan	-0.441672	0.00425971
71	-0.377454	-nan	-0.438098	0.00480714
72	-0.378173	-nan	-0.429156	0.0071369
73	-0.379049	-nan	-0.442157	0.00326432
74	-0.379874	-nan	-0.440062	0.00414184
75	-0.380653	-nan	-0.438364	0.00695828
76	-0.381301	-nan	-0.429847	0.00904957
77	-0.381954	-nan	-0.431571	0.00417265
78	-0.382692	-nan	-0.43952	0.00430288
79	-0.383378	-nan	-0.436916	0.00516691
80	-0.384085	-nan	-0.439907	0.00352455
81	-0.384737	-nan	-0.436904	0.00288376
82	-0.385334	-nan	-0.433716	0.0080773
83	-0.385912	-nan	-0.433328	0.0075375
84	-0.38657	-nan	-0.441193	0.00278947
85	-0.387197	-nan	-0.43982	0.00229702
86	-0.387794	-nan	-0.438571	0.00315672
87	-0.388361	-nan	-0.437102	0.00749409
88	-0.388918	-nan	-0.437402	0.0056313
89	-0.389443	-nan	-0.435602	0.00427834
90	-0.390001	-nan	-0.439674	0.00438789
91	-0.390602	-nan	-0.444667	0.00224636
92	-0.391125	-nan	-0.438799	0.00321992
93	-0.391656	-nan	-0.440508	0.00613562
94	-0.392126	-nan	-0.435821	0.0050243
95	-0.39262	-nan	-0.43899	0.00402315
96	-0.39312	-nan	-0.440666	0.00526077
97	-0.393502	-nan	-0.430137	0.00244002
98	-0.393849	-nan	-0.427532	0.00591925
99	-0.394305	-nan	-0.439005	0.00708685
100	-0.394778	-nan	-0.4416	0.00209679
101	-0.395226	-nan	-0.440064	0.00357981
102	-0.39568	-nan	-0.441487	0.00475325
103	-0.396111	-nan	-0.440113	0.00476248
104	-0.396583	-nan	-0.445152	0.00350742
105	-0.396957	-nan	-0.435824	0.00661703
106	-0.397352	-nan	-0.438873	0.00695591
107	-0.397775	-nan	-0.442562	0.00273134
108	-0.398122	-nan	-0.43535	0.00924012
109	-0.398436	-nan	-0.432306	0.00422258
110	-0.398779	-nan	-0.43614	0.00293928
111	-0.399094	-nan	-0.43375	0.0071168
112	-0.399389	-nan	-0.432145	0.00984652
113	-0.39964	-nan	-0.427721	0.0187886
114	-0.399996	-nan	-0.440231	0.00460253
115	-0.400317	-nan	-0.43694	0.0046483
116	-0.400671	-nan	-0.441397	0.00589213
117	-0.401028	-nan	-0.442453	0.00330982
118	-0.401366	-nan	-0.440846	0.00201697
119	-0.401722	-nan	-0.443793	0.00407812
120	-0.402069	-nan	-0.443357	0.00338942
121	-0.402403	-nan	-0.442486	0.00259272
122	-0.402713	-nan	-0.440185	0.00560066
123	-0.403016	-nan	-0.440015	0.00499408
124	-0.403346	-nan	-0.443937	0.00314243
125	-0.403648	-nan	-0.441097	0.00287245
126	-0.403895	-nan	-0.434713	0.00424001
127	-0.404189	-nan	-0.441217	0.00235674
128	-0.404485	-nan	-0.442139	0.00252491
129	-0.404778	-nan	-0.442309	0.00517224
130	-0.405051	-nan	-0.440205	0.00616901
131	-0.405301	-nan	-0.437806	0.00295391
132	-0.405496	-nan	-0.431079	0.00435719
133	-0.405735	-nan	-0.437275	0.00408549
134	-0.406006	-nan	-0.441997	0.00382573
135	-0.406264	-nan	-0.440853	0.00333281
136	-0.406505	-nan	-0.43908	0.00414699
137	-0.406739	-nan	-0.43855	0.00527047
138	-0.406971	-nan	-0.4388	0.00522597
139	-0.407187	-nan	-0.437015	0.00535811
140	-0.407429	-nan	-0.441004	0.00488221
141	-0.407649	-nan	-0.438462	0.00372753
142	-0.407889	-nan	-0.441747	0.00344592
143	-0.408107	-nan	-0.439017	0.00802391
144	-0.408312	-nan	-0.437694	0.00358912
145	-0.408539	-nan	-0.441105	0.00335242
146	-0.408779	-nan	-0.443608	0.00349719
147	-0.409001	-nan	-0.441499	0.00306684
148	-0.409238	-nan	-0.443991	0.00280371
149	-0.409446	-nan	-0.440286	0.00428416
150	-0.409649	-nan	-0.439892	0.00710218
151	-0.40987	-nan	-0.44296	0.00290851
152	-0.410052	-nan	-0.437562	0.0058899
153	-0.410246	-nan	-0.439771	0.00434622
154	-0.410421	-nan	-0.437149	0.00760738
155	-0.410619	-nan	-0.441174	0.00233395
156	-0.410814	-nan	-0.440954	0.00336307
157	-0.410993	-nan	-0.438966	0.00476315
158	-0.411184	-nan	-0.441123	0.00495466
159	-0.411349	-nan	-0.437486	0.00328987
160	-0.411519	-nan	-0.438533	0.00436128
161	-0.411709	-nan	-0.442088	0.00447024
162	-0.411896	-nan	-0.441981	0.00358817
163	-0.412073	-nan	-0.440711	0.00279676
164	-0.412262	-nan	-0.443088	0.00354382
165	-0.412406	-nan	-0.436085	0.00444191
166	-0.412596	-nan	-0.443904	0.00275709
167	-0.412776	-nan	-0.442772	0.00398204
168	-0.412925	-nan	-0.437748	0.00315106
169	-0.413058	-nan	-0.435449	0.00337592
170	-0.41322	-nan	-0.440609	0.00446556
171	-0.413374	-nan	-0.43942	0.00572085
172	-0.413545	-nan	-0.442822	0.00400359
173	-0.413708	-nan	-0.441784	0.00370086
174	-0.41388	-nan	-0.443563	0.00159091
175	-0.414041	-nan	-0.442053	0.00396027
176	-0.414181	-nan	-0.43881	0.00614592
177	-0.414322	-nan	-0.439063	0.00283319
178	-0.414472	-nan	-0.441037	0.00279436
179	-0.414609	-nan	-0.439063	0.00466794
180	-0.414763	-nan	-0.442173	0.00345561
181	-0.414894	-nan	-0.438526	0.00320183
182	-0.415006	-nan	-0.435338	0.0022344
183	-0.415159	-nan	-0.442935	0.00439113
184	-0.415309	-nan	-0.442706	0.00199853
185	-0.415445	-nan	-0.440592	0.00559121
186	-0.415573	-nan	-0.439274	0.00367881
187	-0.415715	-nan	-0.441984	0.00450749
188	-0.415814	-nan	-0.4344	0.00613342
189	-0.415953	-nan	-0.442058	0.00313891
190	-0.416092	-nan	-0.442489	0.00355964
191	-0.416222	-nan	-0.440789	0.00405554
192	-0.416333	-nan	-0.437629	0.00560552
193	-0.416465	-nan	-0.441771	0.00417317
194	-0.41659	-nan	-0.440728	0.0032423
195	-0.416707	-nan	-0.439374	0.00399342
196	-0.416835	-nan	-0.441786	0.0043662
197	-0.416954	-nan	-0.440299	0.00320067
198	-0.417061	-nan	-0.438098	0.00386749
199	-0.417188	-nan	-0.442312	0.00360697
200	-0.417306	-nan	-0.440832	0.00438905
201	-0.417402	-nan	-0.436521	0.00299363
202	-0.417498	-nan	-0.436845	0.00480444
203	-0.417621	-nan	-0.442462	0.00426655
204	-0.417722	-nan	-0.438172	0.00456354
205	-0.41783	-nan	-0.440019	0.00378198
206	-0.417957	-nan	-0.443847	0.00210845
207	-0.418058	-nan	-0.438986	0.00354275
208	-0.418161	-nan	-0.439492	0.00361862
209	-0.418268	-nan	-0.440425	0.00558954
210	-0.418387	-nan	-0.443403	0.00440486
211	-0.418479	-nan	-0.437645	0.00675009
212	-0.41858	-nan	-0.440004	0.00527116
213	-0.41869	-nan	-0.44197	0.00363345
214	-0.418799	-nan	-0.442017	0.00388364
215	-0.4189	-nan	-0.440603	0.00367226
216	-0.418984	-nan	-0.436878	0.00649851
217	-0.419088	-nan	-0.441667	0.00475406
218	-0.419183	-nan	-0.439758	0.00334062
219	-0.419288	-nan	-0.442126	0.00200712
220	-0.419397	-nan	-0.443289	0.00208914
221	-0.419495	-nan	-0.441107	0.00407493
222	-0.419597	-nan	-0.442105	0.00276524
223	-0.4197	-nan	-0.442563	0.00317257
224	-0.419804	-nan	-0.442991	0.00252005
225	-0.4199	-nan	-0.441309	0.00265688
226	-0.419966	-nan	-0.435001	0.00431607
227	-0.420053	-nan	-0.439704	0.00491215
228	-0.420142	-nan	-0.440199	0.00408757
229	-0.420233	-nan	-0.441112	0.00360027
230	-0.420323	-nan	-0.440962	0.00354402
231	-0.42042	-nan	-0.442593	0.0026499
232	-0.420513	-nan	-0.442071	0.00255944
233	-0.420596	-nan	-0.439848	0.00693156
234	-0.42068	-nan	-0.440343	0.00325062
235	-0.42076	-nan	-0.439412	0.00323886
236	-0.420833	-nan	-0.438052	0.00484147
237	-0.420924	-nan	-0.442271	0.00338523
238	-0.421007	-nan	-0.440663	0.00305716
239	-0.421082	-nan	-0.439002	0.00305833
240	-0.421154	-nan	-0.438362	0.00380685
241	-0.421241	-nan	-0.442179	0.00405352
242	-0.421322	-nan	-0.440818	0.00475869
243	-0.421406	-nan	-0.441578	0.00363893
244	-0.421488	-nan	-0.441592	0.00425222
245	-0.421567	-nan	-0.440796	0.00302959
246	-0.421657	-nan	-0.443727	0.00302181
247	-0.421736	-nan	-0.441198	0.0041803
248	-0.421817	-nan	-0.441688	0.00386188
249	-0.421906	-nan	-0.444015	0.00360094
250	-0.421998	-nan	-0.445011	0.00189896
251	-0.422079	-nan	-0.442113	0.00560595
252	-0.422153	-nan	-0.440957	0.00289155
253	-0.422238	-nan	-0.443626	0.00240084
254	-0.422298	-nan	-0.437381	0.00368729
255	-0.422372	-nan	-0.441232	0.0059772
256	-0.422443	-nan	-0.44063	0.00389776
257	-0.422518	-nan	-0.441496	0.00588106
258	-0.422599	-nan	-0.443472	0.00346365
259	-0.422677	-nan	-0.442823	0.00401891
260	-0.422737	-nan	-0.438172	0.00463444
261	-0.422802	-nan	-0.439809	0.0041193
262	-0.422872	-nan	-0.441255	0.0036495
263	-0.422936	-nan	-0.439621	0.00263885
264	-0.423012	-nan	-0.442898	0.00259086
265	-0.423088	-nan	-0.443132	0.00316019
266	-0.423154	-nan	-0.44081	0.00381599
267	-0.423222	-nan	-0.441276	0.00388891
268	-0.423283	-nan	-0.439563	0.00623606
269	-0.423345	-nan	-0.440021	0.00456271
270	-0.423408	-nan	-0.440347	0.0039421
271	-0.423467	-nan	-0.439457	0.00362663
272	-0.423538	-nan	-0.442575	0.00315891
273	-0.423606	-nan	-0.442191	0.00321181
274	-0.423658	-nan	-0.437924	0.00490085
275	-0.423714	-nan	-0.439015	0.00810739
276	-0.423785	-nan	-0.443181	0.00213395
277	-0.423851	-nan	-0.442019	0.00259187
278	-0.423888	-nan	-0.434341	0.00485982
279	-0.42394	-nan	-0.43839	0.0073126
280	-0.424007	-nan	-0.442733	0.00409525
281	-0.424072	-nan	-0.442197	0.00304103
282	-0.424133	-nan	-0.441248	0.00387981
283	-0.424199	-nan	-0.442748	0.00343808
284	-0.424248	-nan	-0.43832	0.00423423
285	-0.424309	-nan	-0.441573	0.00489655
286	-0.424358	-nan	-0.43829	0.00451947
287	-0.424416	-nan	-0.440911	0.00411728
288	-0.424477	-nan	-0.442128	0.00346913
289	-0.424533	-nan	-0.440455	0.00360636
290	-0.42459	-nan	-0.441097	0.00346762
291	-0.42464	-nan	-0.439258	0.00505725
292	-0.4247	-nan	-0.442073	0.00239084
293	-0.42476	-nan	-0.442213	0.00250794
294	-0.424815	-nan	-0.440937	0.00345587
295	-0.424868	-nan	-0.440628	0.0024613
296	-0.424926	-nan	-0.441834	0.00342301
297	-0.42498	-nan	-0.441104	0.00371392
298	-0.425039	-nan	-0.442673	0.00252588
299	-0.425097	-nan	-0.442115	0.00269259
300	-0.425149	-nan	-0.440905	0.00324262
301	-0.425206	-nan	-0.442279	0.00507096
302	-0.425247	-nan	-0.437551	0.00586075
303	-0.425288	-nan	-0.437685	0.00521094
304	-0.425344	-nan	-0.442223	0.00306827
305	-0.425388	-nan	-0.438718	0.00395236
306	-0.425442	-nan	-0.441909	0.0031426
307	-0.425486	-nan	-0.43905	0.0027454
308	-0.42553	-nan	-0.43892	0.00395745
309	-0.425585	-nan	-0.442658	0.00340479
310	-0.425637	-nan	-0.441784	0.00346921
311	-0.425696	-nan	-0.443852	0.00350972
312	-0.425751	-nan	-0.442884	0.00314064
313	-0.425803	-nan	-0.441939	0.00258565
314	-0.425853	-nan	-0.441627	0.00372383
315	-0.425906	-nan	-0.442613	0.00236365
316	-0.425954	-nan	-0.440935	0.00285658
317	-0.426008	-nan	-0.443228	0.00256785
318	-0.426055	-nan	-0.440795	0.00340947
319	-0.426102	-nan	-0.440993	0.00403976
320	-0.426145	-nan	-0.43987	0.0038828
321	-0.426196	-nan	-0.442538	0.00433584
322	-0.426247	-nan	-0.442605	0.0041629
323	-0.426299	-nan	-0.443073	0.00305279
324	-0.426338	-nan	-0.439079	0.00491414
325	-0.426386	-nan	-0.441976	0.00353811
326	-0.426435	-nan	-0.442419	0.00329092
327	-0.426477	-nan	-0.440006	0.00364854
328	-0.426515	-nan	-0.438871	0.003161
329	-0.426554	-nan	-0.439281	0.00706526
330	-0.426593	-nan	-0.439419	0.00568007
331	-0.426633	-nan	-0.439844	0.00463942
332	-0.426676	-nan	-0.440914	0.00506544
333	-0.426709	-nan	-0.437664	0.0056498
334	-0.426752	-nan	-0.441239	0.00420342
335	-0.426794	-nan	-0.440708	0.00503827
336	-0.426837	-nan	-0.441389	0.00317923
337	-0.426886	-nan	-0.443211	0.00432951
338	-0.42692	-nan	-0.438453	0.0044333
339	-0.426946	-nan	-0.43567	0.00637105
340	-0.426983	-nan	-0.439578	0.004637
341	-0.427026	-nan	-0.44182	0.00283579
342	-0.427065	-nan	-0.440198	0.00345838
343	-0.427114	-nan	-0.443808	0.00465977
344	-0.427158	-nan	-0.442384	0.00383776
345	-0.427183	-nan	-0.435757	0.0034802
346	-0.427226	-nan	-0.442068	0.00344029
347	-0.427273	-nan	-0.443502	0.0041059
348	-0.427315	-nan	-0.441735	0.00320421
349	-0.427361	-nan	-0.443605	0.00268018
350	-0.427406	-nan	-0.442857	0.00355429
351	-0.427442	-nan	-0.440212	0.00361978
352	-0.427479	-nan	-0.440325	0.00360788
353	-0.427517	-nan	-0.440902	0.00396382
354	-0.427557	-nan	-0.441828	0.00267161
355	-0.427599	-nan	-0.442376	0.0039251
356	-0.42764	-nan	-0.442123	0.00329202
357	-0.427672	-nan	-0.439337	0.00297888
358	-0.427704	-nan	-0.43895	0.0029264
359	-0.427739	-nan	-0.440178	0.00296787
360	-0.427769	-nan	-0.438767	0.0043897
361	-0.427802	-nan	-0.439503	0.00442423
362	-0.427839	-nan	-0.44138	0.00390192
363	-0.427876	-nan	-0.441106	0.00244303
364	-0.427916	-nan	-0.442675	0.00285294
365	-0.427949	-nan	-0.43994	0.00469075
366	-0.427981	-nan	-0.439448	0.00572809
367	-0.428023	-nan	-0.443588	0.00339484
368	-0.428067	-nan	-0.444033	0.00337038
369	-0.428109	-nan	-0.443476	0.00368704
370	-0.428144	-nan	-0.44109	0.00351376
371	-0.428176	-nan	-0.440113	0.00249324
372	-0.428212	-nan	-0.44144	0.00277258
373	-0.42824	-nan	-0.438914	0.00578326
374	-0.428266	-nan	-0.437726	0.00432607
375	-0.4283	-nan	-0.441169	0.00356128
376	-0.428336	-nan	-0.441955	0.00344847
377	-0.428363	-nan	-0.438503	0.00650192
378	-0.428386	-nan	-0.436856	0.00539547
379	-0.428421	-nan	-0.441682	0.00297482
380	-0.428459	-nan	-0.443051	0.00338996
381	-0.42846	-nan	-0.428766	0.00675923
382	-0.428489	-nan	-0.439527	0.00487679
383	-0.428519	-nan	-0.44001	0.00431211
384	-0.42855	-nan	-0.440283	0.00495032
385	-0.428584	-nan	-0.441633	0.00362301
386	-0.42861	-nan	-0.438788	0.00361967
387	-0.428644	-nan	-0.441524	0.00447656
388	-0.42868	-nan	-0.442541	0.00313879
389	-0.428718	-nan	-0.443557	0.00304495
390	-0.428749	-nan	-0.440706	0.00382003
391	-0.428778	-nan	-0.440391	0.00387472
392	-0.428815	-nan	-0.443047	0.00278114
393	-0.428849	-nan	-0.442238	0.00239678
394	-0.428886	-nan	-0.443329	0.00214695
395	-0.428921	-nan	-0.442725	0.00329732
396	-0.428954	-nan	-0.441983	0.0022466
397	-0.428984	-nan	-0.440923	0.00216709
398	-0.429	-nan	-0.435347	0.00567219
399	-0.42903	-nan	-0.441077	0.00359826
400	-0.429056	-nan	-0.439597	0.00381902
401	-0.429086	-nan	-0.441078	0.00293621
402	-0.429118	-nan	-0.441634	0.00294023
403	-0.429141	-nan	-0.438719	0.00563872
404	-0.429176	-nan	-0.442937	0.00267517
405	-0.429198	-nan	-0.438139	0.00550702
406	-0.429225	-nan	-0.440319	0.00503306
407	-0.429252	-nan	-0.440188	0.00843025
408	-0.429285	-nan	-0.442548	0.00309185
409	-0.429313	-nan	-0.440714	0.00261411
410	-0.429342	-nan	-0.441286	0.00372853
411	-0.429371	-nan	-0.441262	0.00392586
412	-0.429403	-nan	-0.442566	0.00279562
413	-0.429436	-nan	-0.443276	0.00323557
414	-0.429466	-nan	-0.441772	0.00196736
415	-0.429495	-nan	-0.441218	0.00293565
416	-0.429529	-nan	-0.443879	0.0031208
417	-0.429556	-nan	-0.440711	0.00332736
418	-0.429582	-nan	-0.440267	0.00498537
419	-0.429606	-nan	-0.439733	0.00470365
420	-0.429625	-nan	-0.43787	0.00367994
421	-0.429656	-nan	-0.442656	0.00301288
422	-0.429686	-nan	-0.442017	0.00304699
423	-0.429707	-nan	-0.43854	0.00553142
424	-0.429737	-nan	-0.442465	0.0034989
425	-0.429765	-nan	-0.441916	0.00477491
426	-0.429792	-nan	-0.44123	0.00218325
427	-0.429825	-nan	-0.443708	0.0041585
428	-0.429862	-nan	-0.445747	0.00327031
429	-0.429886	-nan	-0.440058	0.00240653
430	-0.429913	-nan	-0.441416	0.00320321
431	-0.429935	-nan	-0.439533	0.00455608
432	-0.429934	-nan	-0.429501	0.0038096
433	-0.429938	-nan	-0.431531	0.00680934
434	-0.429954	-nan	-0.437138	0.00503208
435	-0.429979	-nan	-0.440722	0.00320932
436	-0.430006	-nan	-0.441646	0.00292759
437	-0.430034	-nan	-0.442142	0.00316106
438	-0.430066	-nan	-0.444222	0.00329731
439	-0.430087	-nan	-0.439318	0.00464277
440	-0.430112	-nan	-0.441267	0.002752
441	-0.430124	-nan	-0.435155	0.00458174
442	-0.430148	-nan	-0.44077	0.00457493
443	-0.430178	-nan	-0.443433	0.00183486
444	-0.430208	-nan	-0.443643	0.00297529
445	-0.430232	-nan	-0.440988	0.00228289
446	-0.430258	-nan	-0.441538	0.00322563
447	-0.430287	-nan	-0.443089	0.00325015
448	-0.430315	-nan	-0.442864	0.00333758
449	-0.430339	-nan	-0.441292	0.00341025
450	-0.430359	-nan	-0.439395	0.00308526
451	-0.43038	-nan	-0.439797	0.00403267
452	-0.430407	-nan	-0.442444	0.00307396
453	-0.43043	-nan	-0.441139	0.00315051
454	-0.430457	-nan	-0.442387	0.00375433
455	-0.430474	-nan	-0.438095	0.00368783
456	-0.430497	-nan	-0.441348	0.00312998
457	-0.430521	-nan	-0.441071	0.00424131
458	-0.430546	-nan	-0.441986	0.00244652
459	-0.430569	-nan	-0.441292	0.00385258
460	-0.430595	-nan	-0.442374	0.00300457
461	-0.430618	-nan	-0.441374	0.00424883
462	-0.430645	-nan	-0.443203	0.00279088
463	-0.430669	-nan	-0.44171	0.00240299
464	-0.430695	-nan	-0.442586	0.00296601
465	-0.430709	-nan	-0.437035	0.00572631
466	-0.430737	-nan	-0.444137	0.00311692
467	-0.43076	-nan	-0.44111	0.0041442
468	-0.430784	-nan	-0.442217	0.00438504
469	-0.43081	-nan	-0.44304	0.00278211
470	-0.430835	-nan	-0.442496	0.00281721
471	-0.430853	-nan	-0.439168	0.00377872
472	-0.430875	-nan	-0.441285	0.004755
473	-0.430891	-nan	-0.438612	0.00442687
474	-0.430914	-nan	-0.441524	0.00460955
475	-0.430942	-nan	-0.444258	0.00221384
476	-0.430968	-nan	-0.443492	0.00350377
477	-0.43099	-nan	-0.441474	0.00293951
478	-0.431009	-nan	-0.440151	0.00312918
479	-0.431035	-nan	-0.443171	0.00372682
480	-0.431054	-nan	-0.440464	0.00335435
481	-0.431079	-nan	-0.443131	0.00274773
482	-0.431099	-nan	-0.440628	0.00378172
483	-0.431125	-nan	-0.443589	0.00264102
484	-0.431148	-nan	-0.442228	0.00332635
485	-0.431163	-nan	-0.438285	0.0029674
486	-0.431185	-nan	-0.442074	0.00356598
487	-0.431209	-nan	-0.442818	0.00285566
488	-0.431232	-nan	-0.442373	0.00322884
489	-0.431257	-nan	-0.443537	0.00415291
490	-0.431279	-nan	-0.441894	0.00301693
491	-0.431303	-nan	-0.443041	0.00282648
492	-0.431321	-nan	-0.440273	0.0039478
493	-0.431342	-nan	-0.44168	0.00370528
494	-0.431352	-nan	-0.436058	0.00443027
495	-0.431368	-nan	-0.439391	0.00446405
496	-0.431393	-nan	-0.443682	0.00209708
497	-0.431415	-nan	-0.442648	0.00313377
498	-0.431436	-nan	-0.441535	0.00328409
499	-0.431458	-nan	-0.442781	0.00467639
500	-0.431476	-nan	-0.440234	0.00346786
501	-0.431495	-nan	-0.441256	0.00289512
502	-0.431518	-nan	-0.442794	0.00296102
503	-0.431541	-nan	-0.443171	0.00268941
504	-0.431565	-nan	-0.443418	0.00265617
505	-0.431584	-nan	-0.441384	0.00352262
506	-0.431602	-nan	-0.440526	0.00314737
507	-0.431622	-nan	-0.44191	0.00374636
508	-0.431641	-nan	-0.441351	0.00424094
509	-0.431663	-nan	-0.442868	0.00262765
510	-0.431682	-nan	-0.441134	0.00300608
511	-0.431697	-nan	-0.439161	0.00377185
512	-0.431713	-nan	-0.440032	0.00384111
513	-0.431738	-nan	-0.44446	0.00390393
514	-0.431757	-nan	-0.441456	0.00351588
515	-0.431777	-nan	-0.442305	0.00366696
516	-0.431797	-nan	-0.441834	0.00513289
517	-0.431811	-nan	-0.439137	0.0045021
518	-0.431834	-nan	-0.443771	0.00383532
519	-0.431853	-nan	-0.441838	0.00478277
520	-0.431869	-nan	-0.440322	0.00361064
521	-0.431889	-nan	-0.442093	0.0026378
522	-0.431908	-nan	-0.441728	0.00332542
523	-0.431928	-nan	-0.442297	0.0036168
524	-0.431941	-nan	-0.43871	0.00293629
525	-0.431952	-nan	-0.43813	0.00339898
526	-0.431972	-nan	-0.44233	0.00324243
527	-0.431992	-nan	-0.442469	0.003954
528	-0.43201	-nan	-0.441596	0.00283727
529	-0.43203	-nan	-0.44269	0.00277011
530	-0.432048	-nan	-0.441162	0.00327178
531	-0.432062	-nan	-0.439559	0.00468103
532	-0.432079	-nan	-0.441367	0.00397805
533	-0.432095	-nan	-0.440566	0.00328571
534	-0.432115	-nan	-0.442804	0.00359897
535	-0.432125	-nan	-0.437169	0.00530054
536	-0.432146	-nan	-0.443644	0.00360493
537	-0.432156	-nan	-0.437408	0.0041734
538	-0.432177	-nan	-0.443563	0.0031627
539	-0.432192	-nan	-0.44031	0.00412409
540	-0.432202	-nan	-0.437475	0.00333353
541	-0.432216	-nan	-0.439837	0.00457589
542	-0.432225	-nan	-0.436911	0.00579672
543	-0.432242	-nan	-0.441388	0.00353831
544	-0.432259	-nan	-0.441825	0.00333167
545	-0.432277	-nan	-0.441922	0.00416639
546	-0.432298	-nan	-0.443702	0.00237284
547	-0.432317	-nan	-0.442555	0.00284177
548	-0.432325	-nan	-0.436767	0.00997301
549	-0.432325	-nan	-0.432358	0.00804837
550	-0.432337	-nan	-0.438708	0.00513119
551	-0.432355	-nan	-0.442697	0.00301688
552	-0.432378	-nan	-0.444578	0.00303922
553	-0.432401	-nan	-0.445305	0.00282598
554	-0.432412	-nan	-0.438727	0.00600908
555	-0.432426	-nan	-0.440129	0.00549791
556	-0.432444	-nan	-0.442575	0.00244605
557	-0.432462	-nan	-0.442277	0.00347792
558	-0.432471	-nan	-0.437366	0.00743562
559	-0.432492	-nan	-0.444455	0.00264386
560	-0.432492	-nan	-0.432369	0.00583215
561	-0.432503	-nan	-0.438838	0.00607238
562	-0.432523	-nan	-0.443327	0.00379648
563	-0.432539	-nan	-0.441551	0.00329176
564	-0.43256	-nan	-0.444478	0.00312781
565	-0.432574	-nan	-0.440494	0.00520932
566	-0.432593	-nan	-0.443206	0.00273572
567	-0.432611	-nan	-0.443176	0.00235786
568	-0.432625	-nan	-0.440385	0.00403316
569	-0.432643	-nan	-0.442775	0.00292321
570	-0.43266	-nan	-0.442274	0.00290658
571	-0.432673	-nan	-0.4402	0.00297119
572	-0.432688	-nan	-0.441107	0.00263176
573	-0.432702	-nan	-0.440589	0.00305522
574	-0.432718	-nan	-0.441855	0.00280589
575	-0.432729	-nan	-0.439329	0.00379845
576	-0.432742	-nan	-0.440131	0.00430342
577	-0.432749	-nan	-0.436703	0.00447281
578	-0.432764	-nan	-0.441411	0.00376748
579	-0.432776	-nan	-0.439828	0.0038548
580	-0.432788	-nan	-0.439643	0.00389978
581	-0.432801	-nan	-0.440686	0.00490285
582	-0.432816	-nan	-0.441339	0.00405259
583	-0.432835	-nan	-0.443806	0.0020749
584	-0.432853	-nan	-0.443134	0.00328138
585	-0.43287	-nan	-0.442856	0.00444197
586	-0.432883	-nan	-0.440738	0.00305393
587	-0.432893	-nan	-0.438769	0.0053253
588	-0.432907	-nan	-0.441278	0.00353401
589	-0.43292	-nan	-0.44058	0.00263188
590	-0.432935	-nan	-0.441855	0.0037757
591	-0.432953	-nan	-0.443262	0.00288643
592	-0.432975	-nan	-0.445908	0.00261637
593	-0.432992	-nan	-0.443029	0.0021793
594	-0.433007	-nan	-0.441933	0.00400583
595	-0.433022	-nan	-0.442102	0.00371915
596	-0.433039	-nan	-0.443018	0.00299518
597	-0.433049	-nan	-0.439156	0.0041055
598	-0.43306	-nan	-0.439235	0.00219362
599	-0.433077	-nan	-0.44355	0.002451
600	-0.43309	-nan	-0.440962	0.00185596
601	-0.433104	-nan	-0.441123	0.0028859
602	-0.433114	-nan	-0.439203	0.00284096
603	-0.433121	-nan	-0.437549	0.00385164
604	-0.433135	-nan	-0.441402	0.00314859
605	-0.433149	-nan	-0.441475	0.00285485
606	-0.433164	-nan	-0.442698	0.00357046
607	-0.433177	-nan	-0.441142	0.00315359
608	-0.433193	-nan	-0.442417	0.00232688
609	-0.433209	-nan	-0.443412	0.00215502
610	-0.433223	-nan	-0.441766	0.00406256
611	-0.433236	-nan	-0.440895	0.00319819
612	-0.43324	-nan	-0.435904	0.00436035
613	-0.433255	-nan	-0.442379	0.00389494
614	-0.433269	-nan	-0.441662	0.00232782
615	-0.433285	-nan	-0.442867	0.0034238
616	-0.433282	-nan	-0.431468	0.00776571
617	-0.433284	-nan	-0.434665	0.00607435
618	-0.433293	-nan	-0.438838	0.00457481
619	-0.43331	-nan	-0.443998	0.00304294
620	-0.433322	-nan	-0.440412	0.00286251
621	-0.433337	-nan	-0.442741	0.00318423
622	-0.433353	-nan	-0.443678	0.00338617
623	-0.433361	-nan	-0.438269	0.00498453
624	-0.433368	-nan	-0.437823	0.00549964
625	-0.433386	-nan	-0.444405	0.00342888
626	-0.433399	-nan	-0.441392	0.00344843
627	-0.433416	-nan	-0.444117	0.00274142
628	-0.433427	-nan	-0.44058	0.00484012
629	-0.43344	-nan	-0.441088	0.00361328
630	-0.433454	-nan	-0.442246	0.00433578
631	-0.433466	-nan	-0.441313	0.00344265
632	-0.433478	-nan	-0.441229	0.00392606
633	-0.433487	-nan	-0.439044	0.00577501
634	-0.433502	-nan	-0.442681	0.00381819
635	-0.433507	-nan	-0.437194	0.00601748
636	-0.433524	-nan	-0.443853	0.00384449
637	-0.43353	-nan	-0.437768	0.00468066
638	-0.433542	-nan	-0.440934	0.00223371
639	-0.433557	-nan	-0.442982	0.00294252
640	-0.433571	-nan	-0.442545	0.00378208
641	-0.433584	-nan	-0.442191	0.0044565
642	-0.433601	-nan	-0.444529	0.00337084
643	-0.433614	-nan	-0.441906	0.00403137
644	-0.433625	-nan	-0.44087	0.00366395
645	-0.433639	-nan	-0.442206	0.0032441
646	-0.433646	-nan	-0.438152	0.00366805
647	-0.433655	-nan	-0.439884	0.00451704
648	-0.433666	-nan	-0.440583	0.0033264
649	-0.433677	-nan	-0.440792	0.00348115
650	-0.433686	-nan	-0.439733	0.0048205
651	-0.433699	-nan	-0.441852	0.00396303
652	-0.433713	-nan	-0.442944	0.00326315
653	-0.433726	-nan	-0.442122	0.00353608
654	-0.43374	-nan	-0.442791	0.00220424
655	-0.433751	-nan	-0.440979	0.00462384
656	-0.433749	-nan	-0.432562	0.00747777
657	-0.433756	-nan	-0.438429	0.00560302
658	-0.433767	-nan	-0.441085	0.00412706
659	-0.433778	-nan	-0.440689	0.00412443
660	-0.433791	-nan	-0.442259	0.00368727
661	-0.4338	-nan	-0.44028	0.00296457
662	-0.43381	-nan	-0.440369	0.00383083
663	-0.433822	-nan	-0.441808	0.00280706
664	-0.433838	-nan	-0.444101	0.00275601
665	-0.433851	-nan	-0.442659	0.00339171
666	-0.433866	-nan	-0.443719	0.00305764
667	-0.433879	-nan	-0.442814	0.00387616
668	-0.433894	-nan	-0.443358	0.00342798
669	-0.433908	-nan	-0.443344	0.00327443
670	-0.43392	-nan	-0.442383	0.00323963
671	-0.433933	-nan	-0.442148	0.00260338
672	-0.433941	-nan	-0.439879	0.00285838
673	-0.433952	-nan	-0.441195	0.00286454
674	-0.433966	-nan	-0.44344	0.00151736
675	-0.433971	-nan	-0.437158	0.00383951
676	-0.433981	-nan	-0.440538	0.00256695
677	-0.433996	-nan	-0.444016	0.00202786
678	-0.434008	-nan	-0.442551	0.00340822
679	-0.434013	-nan	-0.437463	0.00585804
680	-0.434024	-nan	-0.441222	0.0034129
681	-0.434035	-nan	-0.441659	0.00319211
682	-0.434044	-nan	-0.439784	0.0032598
683	-0.434056	-nan	-0.442607	0.00308089
684	-0.434067	-nan	-0.44125	0.00375334
685	-0.434081	-nan	-0.443627	0.00439676
686	-0.434091	-nan	-0.441283	0.003997
687	-0.434102	-nan	-0.4415	0.0052177
688	-0.434114	-nan	-0.442384	0.00392476
689	-0.43412	-nan	-0.438587	0.0068688
690	-0.434134	-nan	-0.443495	0.00271365
691	-0.434151	-nan	-0.445563	0.00266166
692	-0.43416	-nan	-0.441007	0.00343032
693	-0.434162	-nan	-0.435083	0.00509405
694	-0.434168	-nan	-0.438662	0.00318404
695	-0.434181	-nan	-0.443172	0.00311685
696	-0.434194	-nan	-0.442774	0.00248067
697	-0.434207	-nan	-0.443514	0.00363418
698	-0.434219	-nan	-0.442998	0.00469497
699	-0.434232	-nan	-0.443182	0.0036399
700	-0.434245	-nan	-0.443447	0.00190359
701	-0.434256	-nan	-0.441554	0.00332398
702	-0.434263	-nan	-0.439226	0.0045401
703	-0.434264	-nan	-0.434998	0.00269545
704	-0.434273	-nan	-0.44073	0.00333051
705	-0.434283	-nan	-0.441048	0.00412223
706	-0.434294	-nan	-0.442184	0.00296284
707	-0.434306	-nan	-0.442728	0.0037183
708	-0.434316	-nan	-0.441377	0.00492813
709	-0.434327	-nan	-0.442466	0.00314222
710	-0.434336	-nan	-0.440354	0.00567894
711	-0.434347	-nan	-0.441994	0.00167744
712	-0.434358	-nan	-0.44215	0.00338545
713	-0.434367	-nan	-0.441175	0.00229601
714	-0.434381	-nan	-0.444292	0.00357807
715	-0.434387	-nan	-0.438676	0.00369892
716	-0.434394	-nan	-0.439081	0.0047893
717	-0.434405	-nan	-0.442735	0.00260986
718	-0.434418	-nan	-0.443728	0.00440072
719	-0.43443	-nan	-0.443094	0.00317669
720	-0.434442	-nan	-0.44287	0.00324503
721	-0.434452	-nan	-0.441896	0.00499824
722	-0.43446	-nan	-0.439824	0.00316069
723	-0.434469	-nan	-0.441212	0.00379499
724	-0.434477	-nan	-0.440188	0.00343135
725	-0.434489	-nan	-0.443411	0.00344127
726	-0.434502	-nan	-0.443628	0.00393991
727	-0.434513	-nan	-0.44283	0.00233168
728	-0.434525	-nan	-0.44304	0.0033079
729	-0.434535	-nan	-0.441422	0.00242934
730	-0.434544	-nan	-0.441263	0.00350709
731	-0.434555	-nan	-0.442769	0.00460869
732	-0.434568	-nan	-0.444011	0.00305687
733	-0.434577	-nan	-0.440849	0.00489463
734	-0.43459	-nan	-0.444081	0.00350866
735	-0.434602	-nan	-0.443654	0.0038415
736	-0.434616	-nan	-0.44519	0.00351984
737	-0.434623	-nan	-0.439713	0.00352165
738	-0.43463	-nan	-0.439613	0.00354085
739	-0.43464	-nan	-0.441772	0.00370609
740	-0.43465	-nan	-0.442346	0.00289367
741	-0.434662	-nan	-0.443453	0.00329821
742	-0.434673	-nan	-0.443259	0.00304644
743	-0.434685	-nan	-0.442896	0.00338434
744	-0.434696	-nan	-0.443173	0.00229684
745	-0.434706	-nan	-0.44227	0.00237641
746	-0.434715	-nan	-0.441501	0.00633121
747	-0.434718	-nan	-0.437117	0.0068108
748	-0.434729	-nan	-0.442294	0.00281291
749	-0.434741	-nan	-0.443874	0.00277764
750	-0.43475	-nan	-0.44154	0.00246252
751	-0.43476	-nan	-0.442134	0.00242284
752	-0.434773	-nan	-0.444561	0.00284855
753	-0.434784	-nan	-0.44355	0.00330493
754	-0.434793	-nan	-0.441022	0.00318457
755	-0.4348	-nan	-0.44061	0.00239494
756	-0.434811	-nan	-0.443228	0.00257106
757	-0.434825	-nan	-0.444779	0.00372215
758	-0.434826	-nan	-0.436161	0.00407653
759	-0.434835	-nan	-0.441321	0.00370508
760	-0.434841	-nan	-0.439559	0.00395329
761	-0.434852	-nan	-0.443126	0.00371768
762	-0.434861	-nan	-0.441415	0.0038308
763	-0.434867	-nan	-0.439934	0.00345678
764	-0.434875	-nan	-0.440376	0.00251677
765	-0.434881	-nan	-0.439542	0.00472087
766	-0.434886	-nan	-0.438856	0.0028773
767	-0.434887	-nan	-0.436145	0.00456689
768	-0.434894	-nan	-0.439624	0.00516121
769	-0.434904	-nan	-0.442968	0.0026688
770	-0.434911	-nan	-0.440551	0.00296759
771	-0.43492	-nan	-0.441231	0.00409432
772	-0.43493	-nan	-0.443123	0.00358057
773	-0.43494	-nan	-0.442243	0.0033595
774	-0.434953	-nan	-0.444828	0.00252811
775	-0.434955	-nan	-0.436499	0.00315786
776	-0.43496	-nan	-0.439414	0.00447438
777	-0.434967	-nan	-0.440362	0.00563973
778	-0.434978	-nan	-0.44343	0.00328396
779	-0.434984	-nan	-0.439206	0.00543095
780	-0.43499	-nan	-0.44011	0.00352406
781	-0.435	-nan	-0.442724	0.00441895
782	-0.435008	-nan	-0.440991	0.00276416
783	-0.435018	-nan	-0.443115	0.00237294
784	-0.435028	-nan	-0.442815	0.00302893
785	-0.435036	-nan	-0.441314	0.00200354
786	-0.435044	-nan	-0.441417	0.00270261
787	-0.435053	-nan	-0.441995	0.00331526
788	-0.435063	-nan	-0.443112	0.00344615
789	-0.435073	-nan	-0.443084	0.00263609
790	-0.435076	-nan	-0.437574	0.00379805
791	-0.435083	-nan	-0.440203	0.00203628
792	-0.435087	-nan	-0.43814	0.00448623
793	-0.435096	-nan	-0.442376	0.00396227
794	-0.435101	-nan	-0.439353	0.00497179
795	-0.435102	-nan	-0.435821	0.00492853
796	-0.435112	-nan	-0.443045	0.003734
797	-0.435116	-nan	-0.437865	0.00459817
798	-0.435124	-nan	-0.441678	0.00388988
799	-0.435132	-nan	-0.441612	0.00344122
800	-0.435139	-nan	-0.440356	0.00405521
801	-0.435145	-nan	-0.440246	0.00276089
802	-0.435151	-nan	-0.440215	0.00192852
803	-0.435159	-nan	-0.441507	0.00565616
804	-0.435165	-nan	-0.440006	0.00350607
805	-0.435176	-nan	-0.443717	0.00368408
806	-0.435187	-nan	-0.443801	0.00324687
807	-0.435194	-nan	-0.441369	0.00404424
808	-0.435204	-nan	-0.442986	0.00365097
809	-0.435212	-nan	-0.441474	0.0025727
810	-0.43522	-nan	-0.441683	0.00385021
811	-0.435224	-nan	-0.439026	0.0035329
812	-0.435234	-nan	-0.442961	0.00318334
813	-0.435243	-nan	-0.442924	0.00277312
814	-0.435252	-nan	-0.442701	0.00311493
815	-0.435257	-nan	-0.439315	0.00330475
816	-0.435269	-nan	-0.444355	0.00226174
817	-0.435275	-nan	-0.440885	0.00245433
818	-0.435278	-nan	-0.437705	0.00306827
819	-0.435285	-nan	-0.44028	0.00439036
820	-0.435289	-nan	-0.438649	0.00427643
821	-0.435294	-nan	-0.43943	0.0037903
822	-0.435303	-nan	-0.442867	0.00332023
823	-0.435312	-nan	-0.442561	0.00264414
824	-0.43532	-nan	-0.442347	0.00370807
825	-0.435329	-nan	-0.442508	0.00308167
826	-0.435338	-nan	-0.442837	0.00368106
827	-0.435347	-nan	-0.44278	0.00394539
828	-0.435355	-nan	-0.441729	0.00396472
829	-0.435364	-nan	-0.442688	0.00305503
830	-0.43537	-nan	-0.440806	0.00342007
831	-0.43538	-nan	-0.443282	0.0032761
832	-0.435389	-nan	-0.442801	0.00243599
833	-0.435397	-nan	-0.442104	0.00272435
834	-0.435405	-nan	-0.442152	0.00314283
835	-0.435414	-nan	-0.442743	0.00427689
836	-0.43542	-nan	-0.440922	0.00284221
837	-0.435428	-nan	-0.442038	0.00286458
838	-0.435435	-nan	-0.4411	0.00421246
839	-0.435443	-nan	-0.442403	0.00301079
840	-0.435451	-nan	-0.441792	0.00267928
841	-0.435459	-nan	-0.44211	0.00214945
842	-0.435467	-nan	-0.442817	0.0044833
843	-0.435477	-nan	-0.443436	0.00403497
844	-0.435485	-nan	-0.442164	0.00207466
845	-0.435486	-nan	-0.4362	0.00491606
846	-0.435492	-nan	-0.440984	0.0036604
847	-0.435499	-nan	-0.441616	0.00402823
848	-0.435505	-nan	-0.44027	0.00340653
849	-0.435515	-nan	-0.444326	0.00295749
850	-0.43552	-nan	-0.439751	0.00375187
851	-0.435532	-nan	-0.445549	0.00263979
852	-0.435543	-nan	-0.444564	0.00296943
853	-0.43555	-nan	-0.441981	0.00334904
854	-0.435557	-nan	-0.441086	0.00266529
855	-0.435564	-nan	-0.441543	0.0041696
856	-0.435571	-nan	-0.441951	0.00457493
857	-0.435576	-nan	-0.439702	0.00330841
858	-0.435581	-nan	-0.440061	0.00336537
859	-0.435587	-nan	-0.440852	0.00349869
860	-0.435595	-nan	-0.441767	0.00355521
861	-0.435602	-nan	-0.442202	0.00250238
862	-0.435601	-nan	-0.434444	0.00632829
863	-0.435601	-nan	-0.435462	0.00655841
864	-0.43561	-nan	-0.443662	0.00299819
865	-0.435619	-nan	-0.443225	0.00356045
866	-0.435624	-nan	-0.439689	0.00352941
867	-0.435631	-nan	-0.44252	0.00381973
868	-0.435639	-nan	-0.44187	0.00414768
869	-0.435642	-nan	-0.438666	0.00434065
870	-0.435649	-nan	-0.441284	0.00406832
871	-0.435656	-nan	-0.442058	0.00291251
872	-0.435663	-nan	-0.441621	0.0027564
873	-0.43567	-nan	-0.442235	0.00343358
874	-0.435677	-nan	-0.441394	0.00320169
875	-0.435684	-nan	-0.441917	0.00280094
876	-0.435693	-nan	-0.443839	0.00372365
877	-0.435701	-nan	-0.442219	0.00366054
878	-0.435707	-nan	-0.441226	0.00388837
879	-0.435713	-nan	-0.441063	0.00310594
880	-0.435722	-nan	-0.443098	0.00157662
881	-0.43573	-nan	-0.443365	0.00173383
882	-0.435737	-nan	-0.44152	0.00253954
883	-0.435745	-nan	-0.442976	0.00263406
884	-0.435753	-nan	-0.442465	0.00307961
885	-0.435761	-nan	-0.443096	0.00386399
886	-0.435765	-nan	-0.439725	0.00424947
887	-0.435772	-nan	-0.441519	0.00235295
888	-0.435775	-nan	-0.438463	0.0026593
889	-0.435773	-nan	-0.43367	0.00473624
890	-0.435769	-nan	-0.43221	0.00670547
891	-0.435768	-nan	-0.435302	0.00418295
892	-0.435772	-nan	-0.439622	0.00375112
893	-0.435781	-nan	-0.443384	0.00265066
894	-0.435787	-nan	-0.440949	0.00321643
895	-0.435795	-nan	-0.442939	0.00222191
896	-0.4358	-nan	-0.440931	0.00490223
897	-0.435805	-nan	-0.439648	0.00289763
898	-0.435813	-nan	-0.442912	0.00268891
899	-0.43582	-nan	-0.442539	0.00209901
900	-0.435819	-nan	-0.434918	0.00533977
901	-0.435821	-nan	-0.437166	0.00424776
902	-0.435823	-nan	-0.438049	0.00362678
903	-0.43583	-nan	-0.441724	0.0038275
904	-0.435835	-nan	-0.44104	0.00369203
905	-0.435842	-nan	-0.442207	0.00367373
906	-0.435851	-nan	-0.44329	0.0031779
907	-0.435855	-nan	-0.440145	0.00392463
908	-0.435859	-nan	-0.439137	0.00469065
909	-0.435867	-nan	-0.443098	0.0031372
910	-0.435872	-nan	-0.440688	0.00419405
911	-0.435877	-nan	-0.439865	0.00469369
912	-0.43588	-nan	-0.439285	0.00197382
913	-0.435885	-nan	-0.440262	0.00319524
914	-0.43589	-nan	-0.440642	0.0036137
915	-0.435899	-nan	-0.44384	0.00449271
916	-0.435907	-nan	-0.44313	0.00181278
917	-0.435915	-nan	-0.443298	0.00267887
918	-0.435924	-nan	-0.444669	0.00220461
919	-0.435926	-nan	-0.43695	0.00675525
920	-0.435927	-nan	-0.437171	0.00690536
921	-0.435932	-nan	-0.440953	0.00271367
922	-0.435941	-nan	-0.443575	0.00399837
923	-0.435947	-nan	-0.442086	0.00288506
924	-0.435954	-nan	-0.442204	0.0031465
925	-0.435962	-nan	-0.443474	0.00248797
926	-0.435965	-nan	-0.438604	0.00468147
927	-0.43597	-nan	-0.440077	0.00345139
928	-0.435978	-nan	-0.443593	0.00320603
929	-0.435986	-nan	-0.443683	0.00220365
930	-0.435992	-nan	-0.441927	0.00365733
931	-0.436	-nan	-0.442933	0.00326862
932	-0.436008	-nan	-0.443233	0.00343408
933	-0.436012	-nan	-0.440053	0.00546978
934	-0.436019	-nan	-0.442884	0.00321482
935	-0.436028	-nan	-0.443931	0.00299436
936	-0.436034	-nan	-0.442112	0.00370992
937	-0.436044	-nan	-0.445438	0.00341188
938	-0.436051	-nan	-0.441978	0.0030213
939	-0.436052	-nan	-0.43751	0.00385203
940	-0.43606	-nan	-0.442908	0.00377109
941	-0.436065	-nan	-0.440839	0.00413784
942	-0.436072	-nan	-0.442719	0.00182957
943	-0.436078	-nan	-0.441915	0.00324146
944	-0.436087	-nan	-0.444811	0.00225059
945	-0.436097	-nan	-0.445106	0.0031106
946	-0.436104	-nan	-0.443079	0.00365393
947	-0.436112	-nan	-0.444001	0.00313207
948	-0.436118	-nan	-0.441406	0.00383109
949	-0.436122	-nan	-0.439555	0.00310602
950	-0.43613	-nan	-0.44429	0.00277292
951	-0.436133	-nan	-0.43924	0.00262739
952	-0.436135	-nan	-0.437336	0.00295086
953	-0.436136	-nan	-0.437092	0.00254031
954	-0.43614	-nan	-0.439997	0.00369959
955	-0.436146	-nan	-0.442419	0.00316328
956	-0.436149	-nan	-0.438451	0.0038996
957	-0.436152	-nan	-0.439485	0.00520248
958	-0.436156	-nan	-0.439395	0.00322444
959	-0.436163	-nan	-0.443527	0.00295353
960	-0.436168	-nan	-0.440978	0.00433857
961	-0.436177	-nan	-0.444276	0.00348145
962	-0.436181	-nan	-0.440206	0.00389464
963	-0.436189	-nan	-0.443889	0.0026717
964	-0.436195	-nan	-0.442286	0.00296728
965	-0.436199	-nan	-0.439456	0.00384674
966	-0.436206	-nan	-0.443577	0.00265197
967	-0.436211	-nan	-0.440334	0.00434301
968	-0.436217	-nan	-0.442264	0.00282968
969	-0.436218	-nan	-0.437738	0.00398604
970	-0.436224	-nan	-0.441176	0.00532867
971	-0.43623	-nan	-0.44261	0.00195398
972	-0.436238	-nan	-0.4443	0.00329939
973	-0.436244	-nan	-0.44126	0.00298125
974	-0.436249	-nan	-0.441344	0.00326367
975	-0.436253	-nan	-0.44066	0.00333524
976	-0.436261	-nan	-0.443976	0.00444154
977	-0.436267	-nan	-0.442014	0.00305164
978	-0.436271	-nan	-0.440333	0.00305928
979	-0.436278	-nan	-0.442877	0.00275674
980	-0.436285	-nan	-0.443283	0.00239296
981	-0.43629	-nan	-0.440872	0.00330061
982	-0.436294	-nan	-0.440639	0.00412511
983	-0.4363	-nan	-0.442212	0.00418649
984	-0.436303	-nan	-0.438936	0.00373343
985	-0.436308	-nan	-0.441231	0.0033629
986	-0.436315	-nan	-0.443208	0.00337071
987	-0.436319	-nan	-0.440124	0.00341937
988	-0.436326	-nan	-0.442985	0.00245613
989	-0.436332	-nan	-0.443047	0.0034876
990	-0.436339	-nan	-0.4428	0.0044288
991	-0.436335	-nan	-0.432428	0.00406819
992	-0.436338	-nan	-0.439682	0.00503502
993	-0.436343	-nan	-0.441124	0.00299535
994	-0.436349	-nan	-0.442472	0.00278822
995	-0.436348	-nan	-0.435291	0.00414346
996	-0.436351	-nan	-0.43938	0.00468459
997	-0.436357	-nan	-0.441997	0.00314876
998	-0.436362	-nan	-0.440905	0.00439645
999	-0.436362	-nan	-0.437206	0.0050201
1000	-0.436369	-nan	-0.442659	0.00329212
1001	-0.436375	-nan	-0.443035	0.00284643
1002	-0.436377	-nan	-0.438217	0.00540477
1003	-0.436384	-nan	-0.443088	0.0038202
1004	-0.436392	-nan	-0.444534	0.00362797
1005	-0.436397	-nan	-0.441295	0.00389382
1006	-0.436403	-nan	-0.442796	0.00250187
1007	-0.43641	-nan	-0.442933	0.00268252
1008	-0.43641	-nan	-0.436798	0.00501934
1009	-0.436418	-nan	-0.44423	0.00238664
1010	-0.436422	-nan	-0.44081	0.0048331
1011	-0.436429	-nan	-0.442943	0.00337798
1012	-0.436434	-nan	-0.441927	0.00232065
1013	-0.43644	-nan	-0.442916	0.00278734
1014	-0.436447	-nan	-0.443092	0.00332013
1015	-0.436452	-nan	-0.441448	0.00310135
1016	-0.436458	-nan	-0.443074	0.00382936
1017	-0.436459	-nan	-0.436656	0.00378648
1018	-0.436462	-nan	-0.440014	0.00391421
1019	-0.43647	-nan	-0.444682	0.00177309
1020	-0.436475	-nan	-0.441549	0.0038058
1021	-0.436478	-nan	-0.439479	0.0051157
1022	-0.436479	-nan	-0.437702	0.00436599
1023	-0.436481	-nan	-0.437949	0.00330444
1024	-0.436488	-nan	-0.443471	0.00258313
1025	-0.436493	-nan	-0.442338	0.00337801
1026	-0.436498	-nan	-0.441005	0.00479698
1027	-0.436501	-nan	-0.439859	0.0058885
1028	-0.436501	-nan	-0.436633	0.00403581
1029	-0.436502	-nan	-0.43786	0.00340372
1030	-0.436508	-nan	-0.442548	0.00304669
1031	-0.436511	-nan	-0.438925	0.00313793
1032	-0.436512	-nan	-0.438267	0.00370426
1033	-0.436517	-nan	-0.441143	0.00391694
1034	-0.436522	-nan	-0.442193	0.00354091
1035	-0.436528	-nan	-0.442234	0.0024493
1036	-0.436531	-nan	-0.440168	0.00299876
1037	-0.436534	-nan	-0.439748	0.00338845
1038	-0.436532	-nan	-0.434397	0.00506506
1039	-0.436538	-nan	-0.442316	0.00387371
1040	-0.436545	-nan	-0.443773	0.00396983
1041	-0.43655	-nan	-0.442015	0.00310142
1042	-0.436554	-nan	-0.44104	0.00329539
1043	-0.43656	-nan	-0.442708	0.00445751
1044	-0.436564	-nan	-0.44056	0.00482615
1045	-0.43657	-nan	-0.44272	0.00282956
1046	-0.436575	-nan	-0.441435	0.00264888
1047	-0.43658	-nan	-0.442297	0.00274861
1048	-0.436583	-nan	-0.439554	0.00361998
1049	-0.436589	-nan	-0.442912	0.00272192
1050	-0.436595	-nan	-0.442812	0.00267886
1051	-0.436594	-nan	-0.435421	0.00437207
1052	-0.436596	-nan	-0.43927	0.00448307
1053	-0.436603	-nan	-0.443157	0.00245407
1054	-0.436609	-nan	-0.443639	0.00389535
1055	-0.436612	-nan	-0.439143	0.0048655
1056	-0.436615	-nan	-0.439912	0.00282674
1057	-0.43662	-nan	-0.441834	0.00481604
1058	-0.436623	-nan	-0.440473	0.00390149
1059	-0.436624	-nan	-0.437145	0.00322394
1060	-0.436623	-nan	-0.436086	0.00233265
1061	-0.436629	-nan	-0.442628	0.00273297
1062	-0.436634	-nan	-0.441331	0.00291406
1063	-0.436638	-nan	-0.441251	0.00231836
1064	-0.436644	-nan	-0.443045	0.00287893
1065	-0.436649	-nan	-0.44158	0.00447832
1066	-0.436654	-nan	-0.442708	0.00353609
1067	-0.436658	-nan	-0.441209	0.00316341
1068	-0.436666	-nan	-0.444543	0.00411089
1069	-0.436673	-nan	-0.444786	0.00137501
