1	-0.429472	0
2	-0.473243	0.0437715
3	-0.458689	0.0291631
4	-0.450426	0.0222152
5	-0.44324	0.0186481
6	-0.448514	0.0161137
7	-0.461062	0.0185178
8	-0.457539	0.0164193
9	-0.447486	0.0176276
10	-0.452785	0.0166334
11	-0.453041	0.0150476
12	-0.450072	0.0140538
13	-0.450744	0.012945
14	-0.453081	0.0122106
15	-0.454115	0.0114144
16	-0.455688	0.0107924
17	-0.459899	0.0109774
18	-0.456843	0.0107913
19	-0.45289	0.0109462
20	-0.457351	0.011302
21	-0.459538	0.0109706
22	-0.464743	0.0116836
23	-0.465737	0.0112082
24	-0.464372	0.0108176
25	-0.463103	0.0104531
26	-0.46126	0.0102108
27	-0.455124	0.0115838
28	-0.45533	0.0111643
29	-0.455972	0.0107916
30	-0.453476	0.0107201
31	-0.456399	0.0107725
32	-0.451749	0.0114196
33	-0.451996	0.0110709
34	-0.452309	0.010745
35	-0.45228	0.0104335
36	-0.451326	0.0101843
37	-0.452397	0.00996296
38	-0.451385	0.00974993
39	-0.449675	0.00964936
40	-0.450592	0.00944965
41	-0.445164	0.010696
42	-0.445138	0.0104383
43	-0.443653	0.0103002
44	-0.442265	0.0101587
45	-0.4412	0.00998735
46	-0.441369	0.0097693
47	-0.443501	0.00979399
48	-0.443143	0.00959447
49	-0.442546	0.00941557
50	-0.444109	0.00935691
51	-0.444574	0.00918337
52	-0.44504	0.00901706
53	-0.445514	0.00885799
54	-0.444924	0.00871237
55	-0.44515	0.00855547
56	-0.44275	0.00873743
57	-0.441367	0.00869338
58	-0.441466	0.00854274
59	-0.442194	0.00842824
60	-0.443339	0.00836525
61	-0.427858	0.0175312
62	-0.428456	0.0172565
63	-0.429604	0.0170191
64	-0.430551	0.0167778
65	-0.430269	0.0165201
66	-0.430334	0.016268
67	-0.430709	0.0160277
68	-0.432302	0.0158704
69	-0.429441	0.0158982
70	-0.432314	0.0159307
71	-0.431781	0.0157137
72	-0.431806	0.015494
73	-0.431662	0.0152809
74	-0.418837	0.0197905
75	-0.419979	0.0195582
76	-0.421803	0.0193852
77	-0.421254	0.0191397
78	-0.422126	0.0189128
79	-0.419077	0.0189192
80	-0.419534	0.0186868
81	-0.420386	0.0184743
82	-0.420384	0.0182476
83	-0.421295	0.0180494
84	-0.420643	0.0178452
85	-0.420313	0.0176371
86	-0.421464	0.0174688
87	-0.421994	0.0172749
88	-0.422212	0.0170789
89	-0.423948	0.016975
90	-0.425081	0.0168235
91	-0.425988	0.0166623
92	-0.426173	0.0164812
93	-0.425891	0.0163055
94	-0.425745	0.0161317
95	-0.42709	0.0160176
96	-0.428952	0.015959
97	-0.428609	0.0157973
98	-0.427628	0.015666
99	-0.427896	0.0155093
100	-0.428107	0.0153549
101	-0.42841	0.0152051
102	-0.428314	0.0150556
103	-0.428657	0.0149126
104	-0.428645	0.0147686
105	-0.429067	0.0146333
106	-0.429623	0.0145053
107	-0.430647	0.0144055
108	-0.4315	0.0142969
109	-0.431522	0.0141652
110	-0.430296	0.0140893
111	-0.430952	0.0139772
112	-0.430257	0.0138693
113	-0.430718	0.0137537
114	-0.430357	0.0136373
115	-0.430939	0.0135307
116	-0.43108	0.0134143
117	-0.432078	0.0133366
118	-0.431833	0.0132253
119	-0.43164	0.0131152
120	-0.432086	0.0130131
121	-0.432463	0.0129106
122	-0.433174	0.012824
123	-0.433565	0.0127254
124	-0.432584	0.0126604
125	-0.433147	0.0125713
126	-0.433316	0.0124723
127	-0.43357	0.0123763
128	-0.43351	0.0122794
129	-0.433827	0.0121879
130	-0.434406	0.0121077
131	-0.434777	0.0120206
132	-0.433862	0.0119642
133	-0.434533	0.0118929
134	-0.434179	0.0118091
135	-0.435139	0.0117605
136	-0.434857	0.0116771
137	-0.434356	0.0116023
138	-0.434728	0.0115239
139	-0.434972	0.0114433
140	-0.434458	0.0113729
141	-0.43447	0.011292
142	-0.435274	0.0112409
143	-0.434903	0.0111682
144	-0.435341	0.011099
145	-0.434649	0.0110438
146	-0.434874	0.0109702
147	-0.434648	0.0108977
148	-0.435142	0.0108351
149	-0.435866	0.0107864
150	-0.434865	0.0107609
151	-0.435236	0.0106958
152	-0.435494	0.0106283
153	-0.435051	0.0105679
154	-0.434477	0.0105148
155	-0.43376	0.0104713
156	-0.43431	0.0104184
157	-0.434474	0.0103532
158	-0.435069	0.0103046
159	-0.43539	0.0102446
160	-0.435716	0.0101856
161	-0.435734	0.0101222
162	-0.43587	0.0100604
163	-0.436631	0.0100274
164	-0.436755	0.00996687
165	-0.436627	0.00990711
166	-0.436725	0.00984774
167	-0.436549	0.00979017
168	-0.436097	0.0097422
169	-0.436002	0.00968485
170	-0.436156	0.00962895
171	-0.436082	0.00957277
172	-0.436361	0.00952104
173	-0.436554	0.00946781
174	-0.437085	0.0094282
175	-0.437351	0.00937795
176	-0.437767	0.0093338
177	-0.437952	0.00928276
178	-0.438143	0.00923243
179	-0.438606	0.00919237
180	-0.438849	0.00914441
181	-0.439122	0.00909784
182	-0.439137	0.00904772
183	-0.439393	0.00900181
184	-0.439886	0.00896628
185	-0.439833	0.00891784
186	-0.440059	0.00887265
187	-0.438557	0.008952
188	-0.438893	0.0089106
189	-0.439296	0.00887249
190	-0.439307	0.00882568
191	-0.439473	0.00878091
192	-0.439676	0.00873741
193	-0.439881	0.00869445
194	-0.440073	0.00865164
195	-0.440193	0.008608
196	-0.440193	0.00856397
197	-0.440668	0.00853361
198	-0.440718	0.00849055
199	-0.44071	0.00844778
200	-0.440991	0.00841013
201	-0.441324	0.00837481
202	-0.441642	0.00833933
203	-0.441779	0.00829927
204	-0.441922	0.00825973
205	-0.442151	0.00822253
206	-0.442258	0.00818322
207	-0.441999	0.0081477
208	-0.442226	0.00811161
209	-0.442261	0.00807278
210	-0.442629	0.00804265
211	-0.442931	0.00801014
212	-0.443026	0.00797283
213	-0.443397	0.00794398
214	-0.443737	0.00791411
215	-0.443508	0.00788056
216	-0.443836	0.00785086
217	-0.444346	0.0078312
218	-0.443768	0.00781657
219	-0.4433	0.00779484
220	-0.441451	0.00797659
221	-0.44145	0.00794042
222	-0.441631	0.00790666
223	-0.441736	0.00787182
224	-0.442158	0.00784797
225	-0.442387	0.00781635
226	-0.442608	0.00778485
227	-0.44228	0.00775743
228	-0.442657	0.00773252
229	-0.442665	0.00769868
230	-0.442648	0.00766516
231	-0.442778	0.007633
232	-0.442506	0.0076049
233	-0.442425	0.00757261
234	-0.442606	0.00754236
235	-0.442156	0.00752367
236	-0.442311	0.00749331
237	-0.442101	0.00746458
238	-0.442333	0.00743677
239	-0.442765	0.00741821
240	-0.442544	0.00739056
241	-0.442576	0.0073599
242	-0.442588	0.00732943
243	-0.442445	0.00730062
244	-0.442511	0.00727094
245	-0.442202	0.0072478
246	-0.442313	0.00721913
247	-0.442299	0.00718986
248	-0.442385	0.00716132
249	-0.442496	0.00713336
250	-0.442173	0.00711208
251	-0.44189	0.00708935
252	-0.441783	0.00706197
253	-0.442137	0.00704291
254	-0.442374	0.00701913
255	-0.442764	0.00700241
256	-0.442965	0.0069779
257	-0.443196	0.00695453
258	-0.443331	0.00692883
259	-0.443439	0.00690287
260	-0.443204	0.00688026
261	-0.442927	0.00685945
262	-0.442984	0.00683346
263	-0.443084	0.00680815
264	-0.443121	0.00678242
265	-0.442867	0.00676154
266	-0.44273	0.00673747
267	-0.443018	0.00671839
268	-0.44325	0.00669728
269	-0.443386	0.00667372
270	-0.443607	0.00665262
271	-0.443671	0.00662834
272	-0.443818	0.00660556
273	-0.443904	0.00658188
274	-0.444204	0.00656467
275	-0.444065	0.00654223
276	-0.444352	0.00652481
277	-0.443838	0.00652153
278	-0.443926	0.00649862
279	-0.443808	0.00647635
280	-0.44373	0.00645366
281	-0.443846	0.00643169
282	-0.443626	0.00641259
283	-0.443737	0.00639085
284	-0.443794	0.00636856
285	-0.443586	0.00634956
286	-0.443252	0.00633612
287	-0.443387	0.00631544
288	-0.443358	0.00629354
289	-0.443159	0.00627488
290	-0.441666	0.00642892
291	-0.441419	0.00641154
292	-0.441044	0.00640057
293	-0.440858	0.00638137
294	-0.440777	0.00636016
295	-0.440914	0.00634005
296	-0.440925	0.0063186
297	-0.44121	0.00630373
298	-0.441373	0.00628467
299	-0.441722	0.00627333
300	-0.441837	0.00625344
301	-0.441727	0.0062336
302	-0.441781	0.00621315
303	-0.441803	0.00619265
304	-0.442088	0.00617886
305	-0.442272	0.00616131
306	-0.442269	0.00614114
307	-0.442041	0.00612533
308	-0.442064	0.00610545
309	-0.442206	0.00608733
310	-0.442395	0.00607061
311	-0.442563	0.00605338
312	-0.442499	0.00603429
313	-0.44257	0.0060154
314	-0.442711	0.00599787
315	-0.442743	0.00597888
316	-0.442833	0.00596061
317	-0.442939	0.00594273
318	-0.44264	0.00593156
319	-0.442932	0.00592013
320	-0.443049	0.00590277
321	-0.442886	0.00588661
322	-0.442951	0.00586866
323	-0.44295	0.00585047
324	-0.442861	0.00583306
325	-0.442743	0.00581627
326	-0.442762	0.00579843
327	-0.442897	0.00578225
328	-0.442811	0.00576523
329	-0.442961	0.00574963
330	-0.442398	0.00575977
331	-0.442229	0.00574483
332	-0.442067	0.00572979
333	-0.442334	0.00571877
334	-0.442221	0.00570274
335	-0.442314	0.00568643
336	-0.442311	0.00566949
337	-0.442027	0.00565978
338	-0.442306	0.0056499
339	-0.442197	0.00563426
340	-0.442034	0.00562
341	-0.441849	0.00560657
342	-0.441788	0.00559048
343	-0.441807	0.00557419
344	-0.441738	0.00555839
345	-0.441766	0.00554233
346	-0.440869	0.00559861
347	-0.44088	0.00558247
348	-0.440934	0.00556666
349	-0.441493	0.00557878
350	-0.441461	0.00556291
351	-0.441031	0.00556368
352	-0.441081	0.00554807
353	-0.44099	0.00553308
354	-0.441026	0.00551755
355	-0.441289	0.00550825
356	-0.441334	0.00549294
357	-0.441532	0.0054811
358	-0.441517	0.00546579
359	-0.441376	0.00545236
360	-0.441344	0.00543728
361	-0.441448	0.00542319
362	-0.441762	0.00541727
363	-0.442118	0.00541408
364	-0.442283	0.0054017
365	-0.442542	0.00539309
366	-0.442451	0.0053791
367	-0.442761	0.00537337
368	-0.442758	0.00535875
369	-0.442792	0.00534431
370	-0.442677	0.00533108
371	-0.442801	0.00531814
372	-0.442771	0.00530392
373	-0.442855	0.00529035
374	-0.443062	0.00528023
375	-0.443042	0.00526617
376	-0.442622	0.00526888
377	-0.442665	0.00525506
378	-0.442859	0.0052447
379	-0.443133	0.00523804
380	-0.44282	0.00523362
381	-0.442756	0.00522027
382	-0.442858	0.00520758
383	-0.443053	0.00519764
384	-0.443104	0.00518433
385	-0.44294	0.00517347
386	-0.443129	0.00516354
387	-0.443077	0.00515045
388	-0.443177	0.00513813
389	-0.443236	0.00512525
390	-0.44329	0.00511237
391	-0.443285	0.00509929
392	-0.443352	0.0050867
393	-0.44342	0.00507421
394	-0.443389	0.00506141
395	-0.442674	0.00509895
396	-0.442609	0.00508647
397	-0.44257	0.00507379
398	-0.442811	0.00506677
399	-0.442841	0.00505414
400	-0.442891	0.00504173
401	-0.442862	0.00502923
402	-0.442444	0.00503407
403	-0.442352	0.00502239
404	-0.442323	0.00501003
405	-0.442518	0.00500144
406	-0.442439	0.00498972
407	-0.442701	0.00498435
408	-0.442829	0.00497375
409	-0.442825	0.00496158
410	-0.443133	0.00495905
411	-0.443229	0.00494791
412	-0.44325	0.00493593
413	-0.443388	0.00492589
414	-0.443453	0.0049144
415	-0.443704	0.00490897
416	-0.443968	0.00490425
417	-0.44414	0.00489553
418	-0.444229	0.00488461
419	-0.444521	0.00488168
420	-0.444221	0.00487927
421	-0.444147	0.00486824
422	-0.443727	0.00487475
423	-0.4438	0.00486376
424	-0.443825	0.00485234
425	-0.443876	0.00484117
426	-0.443863	0.00482981
427	-0.443764	0.00481949
428	-0.443953	0.00481191
429	-0.443784	0.00480365
430	-0.443938	0.00479493
431	-0.443968	0.00478389
432	-0.444023	0.00477312
433	-0.444068	0.0047623
434	-0.444133	0.00475176
435	-0.444063	0.00474135
436	-0.444168	0.00473162
437	-0.444069	0.00472181
438	-0.443971	0.00471205
439	-0.443809	0.00470408
440	-0.443994	0.00469703
441	-0.444088	0.00468732
442	-0.444064	0.00467676
443	-0.444259	0.00467023
444	-0.444226	0.00465982
445	-0.444092	0.00465126
446	-0.443315	0.00470545
447	-0.443293	0.00469496
448	-0.443206	0.00468528
449	-0.443058	0.00467718
450	-0.442855	0.00467119
451	-0.442876	0.00466087
452	-0.442942	0.00465102
453	-0.442907	0.00464087
454	-0.442831	0.00463127
455	-0.44274	0.00462197
456	-0.442335	0.00462954
457	-0.442453	0.0046209
458	-0.442637	0.00461448
459	-0.442688	0.0046047
460	-0.44266	0.00459476
461	-0.442802	0.00458696
462	-0.44309	0.00458608
463	-0.443181	0.00457707
464	-0.443446	0.00457488
465	-0.44347	0.0045651
466	-0.443448	0.00455534
467	-0.443524	0.00454619
468	-0.443426	0.00453752
469	-0.443492	0.00452832
470	-0.443563	0.00451922
471	-0.443697	0.00451161
472	-0.443533	0.00450503
473	-0.443434	0.00449658
474	-0.443536	0.00448824
475	-0.443479	0.00447915
476	-0.443342	0.00447183
477	-0.443188	0.00446509
478	-0.44332	0.0044577
479	-0.443317	0.00444838
480	-0.44344	0.0044408
481	-0.443507	0.00443206
482	-0.443645	0.00442501
483	-0.443709	0.00441631
484	-0.443694	0.00440721
485	-0.443652	0.0043983
486	-0.443399	0.00439654
487	-0.443383	0.00438753
488	-0.443264	0.00438015
489	-0.443094	0.00437451
490	-0.44336	0.00437366
491	-0.443629	0.00437306
492	-0.443622	0.00436417
493	-0.443722	0.00435644
494	-0.443756	0.00434775
495	-0.443984	0.00434493
496	-0.443931	0.00433648
497	-0.443942	0.00432776
498	-0.443802	0.00432136
499	-0.443864	0.00431314
500	-0.44392	0.00430487
501	-0.443872	0.00429654
502	-0.443937	0.00428846
503	-0.443943	0.00427993
504	-0.444033	0.00427237
505	-0.444154	0.00426562
506	-0.444047	0.00425851
507	-0.444084	0.00425026
508	-0.443945	0.00424415
509	-0.44403	0.00423664
510	-0.443661	0.00424435
511	-0.443697	0.00423618
512	-0.443693	0.0042279
513	-0.443763	0.00422023
514	-0.444064	0.00422278
515	-0.444218	0.00421739
516	-0.444241	0.00420928
517	-0.444252	0.00420114
518	-0.44432	0.00419357
519	-0.444325	0.00418548
520	-0.444391	0.00417795
521	-0.44446	0.0041705
522	-0.444468	0.00416251
523	-0.444535	0.00415508
524	-0.444428	0.00414851
525	-0.44439	0.00414078
526	-0.444376	0.00413293
527	-0.444483	0.00412647
528	-0.444568	0.00411953
529	-0.444404	0.00411501
530	-0.444431	0.00410732
531	-0.444591	0.00410273
532	-0.444669	0.00409575
533	-0.444618	0.00408838
534	-0.444603	0.00408074
535	-0.444638	0.00407326
536	-0.44475	0.0040672
537	-0.44433	0.00408127
538	-0.444203	0.00407566
539	-0.444324	0.00406988
540	-0.444206	0.00406404
541	-0.443956	0.0040642
542	-0.443937	0.00405674
543	-0.443894	0.0040495
544	-0.444023	0.00404411
545	-0.444	0.00403674
546	-0.444075	0.00403005
547	-0.443995	0.00402347
548	-0.443878	0.00401782
549	-0.443892	0.00401052
550	-0.443925	0.00400336
551	-0.44399	0.00399662
552	-0.44393	0.00398982
553	-0.444005	0.0039833
554	-0.444029	0.00397618
555	-0.443912	0.00397072
556	-0.443862	0.00396389
557	-0.443458	0.00397734
558	-0.443224	0.00397712
559	-0.443352	0.00397207
560	-0.443311	0.00396519
561	-0.443062	0.00396589
562	-0.443085	0.00395889
563	-0.443093	0.00395186
564	-0.443372	0.00395472
565	-0.443169	0.00395295
566	-0.443174	0.00394596
567	-0.443168	0.003939
568	-0.442922	0.00393976
569	-0.443167	0.00394044
570	-0.443162	0.00393352
571	-0.443092	0.00392724
572	-0.443081	0.00392039
573	-0.443049	0.00391367
574	-0.443025	0.00390692
575	-0.443247	0.00390645
576	-0.44335	0.00390103
577	-0.443403	0.00389463
578	-0.443486	0.00388877
579	-0.443269	0.00388811
580	-0.443206	0.0038819
581	-0.443113	0.00387635
582	-0.443136	0.00386976
583	-0.44312	0.00386315
584	-0.443102	0.00385657
585	-0.443136	0.00385013
586	-0.442773	0.00386069
587	-0.442754	0.00385415
588	-0.442663	0.00384867
589	-0.442658	0.00384213
590	-0.442803	0.00383832
591	-0.442773	0.00383193
592	-0.442767	0.00382546
593	-0.442744	0.00381907
594	-0.442619	0.00381469
595	-0.4427	0.00380913
596	-0.442695	0.00380274
597	-0.442603	0.00379749
598	-0.44269	0.00379214
599	-0.442641	0.00378612
600	-0.442475	0.00378346
601	-0.442548	0.00377787
602	-0.442297	0.00377991
603	-0.442202	0.00377484
604	-0.442241	0.0037688
605	-0.442206	0.00376273
606	-0.442217	0.00375653
607	-0.442127	0.00375144
608	-0.44209	0.00374544
609	-0.44199	0.00374063
610	-0.441938	0.00373484
611	-0.441753	0.0037333
612	-0.441526	0.00373416
613	-0.441452	0.00372879
614	-0.441443	0.00372272
615	-0.44146	0.0037167
616	-0.441565	0.00371215
617	-0.441598	0.00370628
618	-0.441558	0.0037005
619	-0.441556	0.00369452
620	-0.441533	0.00368863
621	-0.441623	0.00368379
622	-0.441677	0.00367826
623	-0.441664	0.00367237
624	-0.441813	0.00366951
625	-0.441904	0.00366476
626	-0.44203	0.00366107
627	-0.442139	0.00365686
628	-0.441931	0.00365694
629	-0.441974	0.00365137
630	-0.441975	0.00364557
631	-0.442018	0.00364004
632	-0.442113	0.00363551
633	-0.44217	0.0036302
634	-0.442181	0.00362449
635	-0.442163	0.00361883
636	-0.442201	0.00361334
637	-0.442182	0.00360772
638	-0.442423	0.00361015
639	-0.44241	0.00360452
640	-0.442409	0.00359888
641	-0.442492	0.00359424
642	-0.442663	0.00359269
643	-0.442763	0.0035885
644	-0.44265	0.00358469
645	-0.442747	0.00358044
646	-0.442736	0.00357491
647	-0.442622	0.00357121
648	-0.44266	0.0035659
649	-0.442646	0.00356043
650	-0.442633	0.00355497
651	-0.442603	0.00354963
652	-0.442715	0.00354594
653	-0.442717	0.00354051
654	-0.442874	0.00353857
655	-0.442689	0.00353803
656	-0.442612	0.00353348
657	-0.442583	0.00352821
658	-0.442616	0.003523
659	-0.442481	0.00352022
660	-0.442494	0.00351491
661	-0.442601	0.00351123
662	-0.442637	0.0035061
663	-0.442581	0.00350125
664	-0.442434	0.00349906
665	-0.442574	0.00349658
666	-0.442659	0.00349238
667	-0.442561	0.00348852
668	-0.442617	0.00348375
669	-0.442594	0.00347862
670	-0.442534	0.00347393
671	-0.442558	0.00346883
672	-0.442443	0.00346558
673	-0.442504	0.00346097
674	-0.442274	0.00346352
675	-0.44237	0.00345973
676	-0.442395	0.00345469
677	-0.442487	0.00345082
678	-0.442536	0.00344608
679	-0.442573	0.0034412
680	-0.442626	0.00343654
681	-0.442739	0.00343337
682	-0.442407	0.00344443
683	-0.442543	0.0034421
684	-0.442164	0.0034579
685	-0.442143	0.00345292
686	-0.442123	0.00344794
687	-0.442163	0.00344314
688	-0.442255	0.00343938
689	-0.44214	0.0034363
690	-0.442266	0.00343361
691	-0.442232	0.0034288
692	-0.442227	0.00342385
693	-0.442426	0.00342467
694	-0.442622	0.00342536
695	-0.442715	0.00342168
696	-0.442695	0.00341682
697	-0.442845	0.00341523
698	-0.442873	0.00341045
699	-0.443052	0.00341027
700	-0.443006	0.00340572
701	-0.443096	0.00340204
702	-0.443149	0.00339761
703	-0.443114	0.00339295
704	-0.442979	0.00339082
705	-0.44297	0.00338602
706	-0.443193	0.00338856
707	-0.443163	0.0033839
708	-0.443085	0.00338001
709	-0.442815	0.00338606
710	-0.44276	0.00338173
711	-0.442868	0.00337871
712	-0.44303	0.00337782
713	-0.442945	0.00337415
714	-0.443087	0.00337243
715	-0.443244	0.00337134
716	-0.44329	0.00336694
717	-0.443413	0.00336451
718	-0.443491	0.00336072
719	-0.443591	0.00335754
720	-0.443571	0.00335293
721	-0.44357	0.00334828
722	-0.443508	0.00334422
723	-0.443518	0.0033396
724	-0.443518	0.00333499
725	-0.443793	0.00334168
726	-0.443789	0.00333707
727	-0.443651	0.00333534
728	-0.443649	0.00333075
729	-0.443748	0.00332765
730	-0.443801	0.00332351
731	-0.443865	0.00331958
732	-0.443815	0.00331541
733	-0.443886	0.00331164
734	-0.443908	0.0033072
735	-0.443882	0.0033028
736	-0.443835	0.00329864
737	-0.443829	0.00329417
738	-0.443942	0.00329165
739	-0.443838	0.00328883
740	-0.443838	0.00328439
741	-0.443794	0.00328025
742	-0.443851	0.00327632
743	-0.443887	0.0032721
744	-0.443668	0.00327501
745	-0.443608	0.00327117
746	-0.443595	0.0032668
747	-0.443804	0.0032691
748	-0.443921	0.00326682
749	-0.443915	0.00326246
750	-0.443868	0.00325845
751	-0.443892	0.0032542
752	-0.443844	0.00325023
753	-0.443895	0.00324632
754	-0.44392	0.00324211
755	-0.443809	0.00323972
756	-0.443838	0.00323557
757	-0.443392	0.003262
758	-0.443495	0.00325932
759	-0.443478	0.00325506
760	-0.443471	0.00325079
761	-0.443456	0.00324655
762	-0.443558	0.0032439
763	-0.443663	0.00324134
764	-0.443418	0.00324634
765	-0.443447	0.00324222
766	-0.443537	0.00323926
767	-0.443558	0.0032351
768	-0.443555	0.00323088
769	-0.443601	0.003227
770	-0.443589	0.00322283
771	-0.443499	0.00321991
772	-0.443449	0.00321612
773	-0.443449	0.00321195
774	-0.443432	0.00320785
775	-0.443423	0.00320372
776	-0.44341	0.00319961
777	-0.443453	0.00319577
778	-0.44341	0.00319196
779	-0.443317	0.00318919
780	-0.443421	0.00318677
781	-0.443401	0.00318275
782	-0.443464	0.00317932
783	-0.443534	0.00317603
784	-0.443572	0.0031722
785	-0.443451	0.00317048
786	-0.443378	0.00316729
787	-0.443479	0.0031649
788	-0.4434	0.00316189
789	-0.443259	0.003161
790	-0.443231	0.00315713
791	-0.443246	0.00315317
792	-0.443286	0.00314944
793	-0.44324	0.0031458
794	-0.443224	0.00314187
795	-0.44315	0.00313878
796	-0.44322	0.00313561
797	-0.443238	0.00313173
798	-0.443247	0.00312782
799	-0.443232	0.00312394
800	-0.443325	0.00312143
801	-0.443313	0.00311756
802	-0.443047	0.00312499
803	-0.442939	0.00312295
804	-0.442948	0.00311908
805	-0.443079	0.00311796
806	-0.443031	0.00311446
807	-0.4431	0.00311137
808	-0.443083	0.00310757
809	-0.443198	0.00310584
810	-0.443164	0.00310218
811	-0.443128	0.00309857
812	-0.443338	0.00310185
813	-0.443247	0.00309936
814	-0.443183	0.00309621
815	-0.443312	0.00309507
816	-0.443079	0.00310004
817	-0.442988	0.00309756
818	-0.443005	0.00309381
819	-0.442965	0.0030903
820	-0.443025	0.00308713
821	-0.442968	0.0030839
822	-0.442954	0.00308018
823	-0.443001	0.00307679
824	-0.442971	0.0030732
825	-0.442899	0.00307031
826	-0.442876	0.00306668
827	-0.442925	0.00306337
828	-0.442967	0.00305994
829	-0.44296	0.00305626
830	-0.442957	0.00305257
831	-0.443037	0.00304994
832	-0.443048	0.00304629
833	-0.443029	0.00304269
834	-0.442945	0.0030402
835	-0.443063	0.00303886
836	-0.442834	0.00304383
837	-0.442771	0.00304085
838	-0.442847	0.00303817
839	-0.442888	0.00303481
840	-0.442895	0.00303121
841	-0.442872	0.00302769
842	-0.442823	0.00302449
843	-0.442751	0.00302176
844	-0.442717	0.00301837
845	-0.442682	0.003015
846	-0.442792	0.00301346
847	-0.442792	0.0030099
848	-0.442843	0.00300678
849	-0.442805	0.00300348
850	-0.442931	0.00300259
851	-0.44288	0.00299949
852	-0.442781	0.00299759
853	-0.442622	0.0029983
854	-0.442563	0.00299538
855	-0.442562	0.00299187
856	-0.442619	0.00298893
857	-0.442685	0.00298617
858	-0.442434	0.00299323
859	-0.44235	0.00299092
860	-0.442408	0.002988
861	-0.442442	0.00298472
862	-0.442478	0.00298147
863	-0.442489	0.00297804
864	-0.442459	0.00297474
865	-0.442604	0.00297484
866	-0.442646	0.00297172
867	-0.442683	0.00296851
868	-0.442705	0.00296517
869	-0.442778	0.00296265
870	-0.44271	0.00296002
871	-0.442687	0.0029567
872	-0.442788	0.00295502
873	-0.442771	0.00295169
874	-0.442757	0.00294834
875	-0.44278	0.00294506
876	-0.442851	0.00294257
877	-0.442897	0.00293957
878	-0.442943	0.00293658
879	-0.442792	0.00293709
880	-0.44275	0.00293406
881	-0.442818	0.00293151
882	-0.442648	0.00293311
883	-0.442767	0.00293222
884	-0.442496	0.00294144
885	-0.442422	0.00293905
886	-0.442578	0.00293985
887	-0.442403	0.0029417
888	-0.442415	0.00293841
889	-0.44231	0.00293699
890	-0.442256	0.00293419
891	-0.442295	0.00293116
892	-0.442225	0.0029287
893	-0.442257	0.0029256
894	-0.442	0.00293355
895	-0.441525	0.00296853
896	-0.441434	0.00296663
897	-0.441447	0.00296335
898	-0.441284	0.00296456
899	-0.44125	0.00296146
900	-0.441286	0.00295839
901	-0.441384	0.00295672
902	-0.441474	0.00295481
903	-0.441506	0.00295171
904	-0.441455	0.00294888
905	-0.441465	0.00294564
906	-0.441481	0.00294243
907	-0.441466	0.00293922
908	-0.441485	0.00293605
909	-0.441565	0.00293391
910	-0.441534	0.00293084
911	-0.441582	0.00292801
912	-0.441458	0.00292744
913	-0.441485	0.00292437
914	-0.441543	0.00292173
915	-0.441466	0.00291955
916	-0.441409	0.00291692
917	-0.441404	0.00291374
918	-0.441499	0.00291213
919	-0.441586	0.00291025
920	-0.44147	0.00290942
921	-0.441496	0.00290638
922	-0.441527	0.00290338
923	-0.441421	0.00290216
924	-0.441463	0.00289932
925	-0.441577	0.00289842
926	-0.441512	0.00289602
927	-0.441589	0.00289393
928	-0.441558	0.00289098
929	-0.441552	0.00288787
930	-0.441594	0.00288507
931	-0.441549	0.00288232
932	-0.441501	0.00287962
933	-0.441437	0.00287726
934	-0.441466	0.00287432
935	-0.441406	0.00287186
936	-0.441427	0.00286886
937	-0.441521	0.00286735
938	-0.441487	0.00286449
939	-0.441483	0.00286145
940	-0.441419	0.00285911
941	-0.44147	0.00285652
942	-0.441438	0.00285366
943	-0.44147	0.00285081
944	-0.441579	0.00284987
945	-0.441496	0.00284807
946	-0.441457	0.00284532
947	-0.441468	0.00284233
948	-0.441504	0.00283956
949	-0.441483	0.00283665
950	-0.441511	0.0028338
951	-0.441535	0.00283092
952	-0.44143	0.00282987
953	-0.441376	0.00282742
954	-0.441309	0.00282526
955	-0.44137	0.00282296
956	-0.441401	0.00282018
957	-0.441392	0.00281725
958	-0.441467	0.00281529
959	-0.441632	0.00281721
960	-0.441694	0.00281495
961	-0.441773	0.00281312
962	-0.441811	0.00281046
963	-0.441853	0.00280786
964	-0.441912	0.00280555
965	-0.441926	0.00280268
966	-0.441958	0.00279996
967	-0.441953	0.00279707
968	-0.441844	0.00279632
969	-0.441879	0.00279366
970	-0.441859	0.00279086
971	-0.441878	0.00278805
972	-0.441847	0.00278535
973	-0.441899	0.00278297
974	-0.441964	0.00278087
975	-0.442011	0.00277842
976	-0.44184	0.00278089
977	-0.441923	0.00277929
978	-0.441942	0.00277651
979	-0.442004	0.00277437
980	-0.442056	0.00277202
981	-0.4418	0.00278101
982	-0.441822	0.00277827
983	-0.441885	0.00277616
984	-0.441888	0.00277334
985	-0.441941	0.00277103
986	-0.441917	0.00276832
987	-0.441854	0.00276622
988	-0.441938	0.00276468
989	-0.441937	0.00276188
990	-0.441915	0.00275918
991	-0.441927	0.00275642
992	-0.441895	0.00275383
993	-0.441763	0.00275422
994	-0.441869	0.00275351
995	-0.44191	0.00275103
996	-0.441926	0.00274832
997	-0.441701	0.00275478
998	-0.441665	0.00275225
999	-0.441659	0.0027495
1000	-0.441691	0.00274693
