-0.092942
-2.2611
-4.04944
1.32952
-20.4574
1.56884
-0.201838
1.66007
1.81852
-0.80604
7.38091
56.8848
0.864282
-0.0955225
0.563686
-1.31461
0.262905
-2.24792
-7.05154
-6.71004
-4.19801
-41.1862
0.796778
1.4967
-0.0263253
-0.00521116
0.740635
1.02213
-1.03195
0.719542
0.946596
1.65974
1.40048
0.721445
1.49853
-0.901405
0.193805
0.381564
0.0984948
-0.141004
-0.279895
-1.26588
0.0693816
0.187537
-0.285546
18.6866
-0.936716
-0.932915
3.47408
0.677632
11.1507
1.54662
0.709143
-0.0644359
1.09244
0.010063
-0.273876
2.74029
-0.547078
-5.49446
-1.23392
-0.214043
-0.609377
0.117726
0.135982
-0.295287
-0.784016
-0.976178
-11.3801
0.1589
-1.14967
-0.399108
0.0867466
0.189267
0.267059
0.140463
3.73022
0.418763
-0.578877
0.170939
-0.90434
28.1998
-2.24421
4.1316
-0.515567
0.235996
-2.1485
-0.0686174
-2.05228
6.96796
-1.81568
1.31585
0.710532
1.05167
5.17296
0.348645
-0.648789
-9.83692
0.0469924
-3.38515
-2.27647
19.2861
0.609817
0.860396
-0.85967
0.643206
1.11517
0.673694
-0.0718037
-0.802883
-48.1225
0.684564
-0.251661
2.55195
-0.799191
1.43196
-2.55967
-0.113767
-9.64085
-5.2846
0.476789
-0.105399
5.58865
0.495421
-10.6139
-1.99431
0.830879
-0.169689
0.599424
-2.34447
0.559643
-3.05724
0.847905
3.84162
3.03564
-0.420612
0.415168
-4.40682
51.1274
-0.122958
-0.781442
-0.306255
-1.70534
-0.0258048
1.74325
-0.50949
-0.323623
-0.556415
0.253471
-5.37344
-0.199571
-0.227069
0.801045
3.38821
-6.20561
-0.185663
0.375367
0.317947
0.814214
-0.649886
2.93676
-0.321828
-12.4269
0.788078
0.180076
-1.9683
0.298666
1.03118
0.264436
-1.66289
0.63654
-0.0174005
0.150415
-0.428902
0.925675
-19.2801
0.131601
0.47461
0.548652
-4.92528
0.167038
0.531521
1.90597
0.371728
0.555244
1.32835
-0.296485
-3.65204
-24.883
-1.84797
-2.20309
1.05546
28.9493
-1.33261
-0.538802
-0.641012
0.621413
-1.21127
-0.99606
-1.04638
-0.230549
-0.754043
0.148545
-0.00946637
0.559224
-0.873538
0.167472
1.92489
0.0167057
-0.868986
-1.26809
-1.14261
0.288696
2.31544
1.50962
-0.905422
2.21098
-0.139385
-0.578531
-1.34392
-1.34617
-3.14985
0.00897007
-0.0356157
-0.332134
0.631732
-0.414156
1.76457
-1.9431
-1.82021
0.327856
0.359125
-1.40829
1.46711
-0.582711
19.1659
-0.91447
1.00076
1.22746
0.212028
1.31565
1.27635
-0.821191
-0.521961
-2.41215
-0.161442
-0.119243
-3.43831
0.196447
-4.3451
-1.0819
-0.195304
-0.72705
28.2142
-0.38758
-0.489058
0.0546601
-12.5486
0.590328
1.32426
0.00169517
-1.40313
0.108148
-0.611611
8.57004
0.294517
-1.63558
-0.194439
-0.300639
-0.485054
-10.0892
0.716751
-2.29961
-3.97512
-1.68048
3.24435
-0.383698
-58.2544
0.683036
-0.257041
-0.421788
-2.7777
21.3921
2.93368
2.58973
-0.0960775
1.96632
-1.65639
-1.71179
1.6538
0.413008
0.251436
18.8822
0.202731
-0.0320465
272.521
0.592473
0.89531
1.84197
-1.27123
0.194639
0.478737
0.941936
-0.7366
6.19199
-8.70986
2.66691
-0.125582
1.05018
2.65341
-1.19571
-1.29648
-19.6602
0.61864
-8.87993
2.37318
-1.53371
-0.191918
0.256214
-7.38145
0.190479
-1.2777
0.122315
1.39436
0.514154
-1.16378
0.286776
-0.251775
1.30765
3.66447
-0.392154
-0.242304
-0.0882935
-5.02707
2.60918
-0.718386
-0.804449
-0.17291
-1.37765
-1.65202
-0.715557
-1.0462
7.86245
-0.228498
0.0156559
1.4143
0.329353
0.265393
1.59995
15.8625
0.472297
-1.20838
-3.48004
-0.294557
-1.16934
0.0495576
5.97227
-2.72881
0.67665
-0.030397
-0.243665
-1.81347
-8.07029
1.22413
-0.895421
0.58954
2.6476
0.766119
0.0240217
-0.200805
-0.0851555
1.00455
1.10307
0.504269
-1.14843
-1.93653
-0.807764
0.223365
0.00962377
0.28421
-1.44695
-8.31798
1.43459
-0.347668
-0.183092
0.541714
-0.744985
-0.350539
0.509479
1.10495
0.894917
-0.384556
2.59032
0.704428
0.561475
-0.562047
-6.61716
-2.67384
-1.08662
-1.06916
1.21297
-1.08736
-0.855211
-0.482095
-4.54152
0.179855
-0.77099
-1.15002
-2.79382
0.855378
0.279405
1.28269
1.24162
-0.69599
-0.295119
-1.22549
-0.0504179
-4.04781
-1.6651
0.495132
-0.725325
1.63388
1.51331
0.663791
-1.07515
1.67447
-1.61583
3.03062
-0.577156
0.315373
0.192974
1.22525
-1.15053
1.25409
-0.145438
0.800251
0.0553316
-3.1939
-0.27291
0.236177
-131.928
-0.398428
-0.159048
-1.56251
0.918993
-0.143532
1.71769
-11.1951
-11.5144
0.386441
-39.1363
-0.837614
-0.640968
1.31339
0.369803
3.16994
1.17656
2.68349
1.46472
0.809089
1.42403
1.46433
-1.12534
4.95234
-1.65866
1.05006
-0.447621
-3.81981
-0.804359
0.820734
1.02934
-0.106292
-0.0274111
0.421228
-0.520351
-0.0917595
-2.57001
2.87265
-2.09934
3.49192
0.566112
3.67203
-3.59766
-0.477598
0.748191
-0.258637
-0.210251
9.62364
1.68587
1.21655
0.768927
-2.95722
14.322
0.690702
1.32352
-0.478181
-8.57949
-0.428955
-2.77345
-3.19249
-1.36232
-1.3119
3.32982
1.55592
2.76595
-0.156933
0.207399
-2.18124
-26.9986
-1.19533
-1.49192
2.77451
1.46972
-0.62821
-1.32473
-1.15109
0.514805
-0.39235
-1.53652
-1.71581
-0.37665
0.163435
-0.523626
-7.50605
0.823894
2.56293
-0.907439
-1.39263
0.0172263
-1.44482
-7.09068
-0.476829
-8.53713
-1.07634
0.610776
-3.89736
-11.2709
-1.09461
1.00691
-0.354667
-4.35277
0.430052
1.07842
-4.49153
-0.360788
1.21661
-0.754592
-0.276988
-2.81922
0.457627
0.782936
9.73599
-0.395536
0.835
-1.9572
-0.247719
0.481075
1.43946
1.05554
23.8253
-0.8332
0.401075
0.076523
0.270262
0.21044
2.55644
-0.642898
123.927
-0.258869
-3.96043
-2.41487
-0.647403
1.5761
-0.435623
3.41484
-0.33425
-1.38156
-0.0484814
-0.56016
1.44284
1.09172
-1.59788
0.212242
60.6444
0.209748
2.13443
0.61608
-7.10918
-0.503188
8.11282
0.299165
-0.0433226
-0.457877
-0.197951
-0.613757
0.382463
33.3689
1.85831
62.4333
-1.19233
2.4066
-0.43809
0.843356
1.09269
-2.50448
121.482
0.384713
0.878468
-24.3848
0.128383
-3.79899
16.8999
-0.206913
0.926474
0.0306438
-4.91846
0.663914
-18.0625
84.611
45.089
1.79056
2.007
-12.6168
1.3084
-4.38476
0.671489
-0.792039
-2.82756
15.6687
-9.63435
0.710935
1.61142
1.33109
0.392533
-0.0158779
-2.86396
4.79526
0.731625
0.198519
-0.355094
-2.62703
-0.639318
2.19347
0.497853
1.21539
-11.0734
0.391386
0.578197
3.18104
1.60638
-3.60042
-5.98042
0.0818094
5.74927
2.89727
6.26336
1.77336
3.4359
1.37471
-0.34563
-0.669619
-0.520575
-1.25248
1.00653
-1.87257
3.10176
-0.0950545
-0.431702
1.6323
-1.61854
-0.856915
-2.31359
-1.26059
1.4375
-1.41165
-0.499231
-1.08503
1.76374
-19.5611
1.25843
-0.0573127
1.28974
-0.0664295
0.863653
11.8085
-4.58565
0.152564
3.17689
-0.949962
1.88363
-3.16433
-9.67115
0.779164
0.480606
0.287911
4.31696
4.11151
-0.225282
-1.29735
1.18816
-0.346015
0.775364
1.0738
-0.325496
-0.244351
-0.467047
-0.293998
-2.34272
-0.466568
-0.160277
0.835829
1.13816
1.741
0.455067
0.145387
-0.748873
-3.06844
-0.806308
-2.21072
-0.936077
-0.171481
2.27419
0.100395
4.35767
2.27509
0.192585
-1.6475
0.00994929
-0.422285
-0.748619
1.00434
-18.0054
-0.98273
-0.270478
4.29801
0.352221
-6.61498
-2.44509
0.610012
-1.34639
3.05905
-1.29897
0.375353
-3.4077
-0.642845
2.01601
0.900679
1.56675
-0.326227
-0.449321
-0.366102
-0.39881
159.463
-1.80681
-0.50057
-0.300671
1.43852
-1.23
-0.520845
0.0858988
-0.261872
-1.92858
0.281101
-0.9228
-2.48472
0.776218
-3.8241
1.94601
2.73206
-0.811283
-1.23033
2.70119
-0.755436
1.05158
-89.7905
-3.67075
-0.205039
0.317762
-3.51833
0.00543032
0.364808
-1.44363
2.64155
2.60641
0.258637
-1.06792
-1.19427
1.66736
0.832606
1.92795
3.67214
-0.753823
0.313598
-0.455807
-5.78798
-0.487076
-0.220936
0.0926753
-0.201313
-0.328368
-1.32095
-1.57531
-168.763
-4.83509
0.200664
0.15176
0.093369
0.444114
3.6983
0.381322
-1.90005
0.815148
0.249651
-0.518056
0.0982921
0.179905
-27.2508
-0.672067
1.09657
-0.301514
1.04337
1.58464
6.6646
0.0576702
0.115082
-0.349421
0.737688
1.07626
-0.443088
-5.59296
-5.25714
-0.300797
13.6152
-0.660938
-0.212613
2.47109
-8.4784
1.23276
-0.401608
-0.128873
1.06211
-1.59601
-0.396384
-0.571414
-0.835426
1.55403
-19.6059
-1.78888
-4.40891
-11.6381
-0.956656
-0.402897
-0.534568
-1.41502
0.729717
-2.49433
1.16193
-7.45177
4.54195
0.422909
-1.52897
-2.45807
0.698783
-0.0313247
0.313052
-4.90026
0.198407
14.1797
-27.4464
0.855418
0.322566
1.57351
0.656947
0.642872
-0.474581
0.367444
-0.611747
-0.865921
4.75652
-0.346713
0.221961
-0.0864822
-1.26819
0.121557
-2.15069
0.538764
-0.161705
-1.29394
1.00336
0.347105
-30.6801
-0.482913
2.79358
0.62833
0.840229
-32.2171
26.4128
-0.360186
1.65271
-1.06555
-0.183026
2.08307
0.887768
0.570825
-2.16551
2.98279
-0.0401507
0.332694
0.688018
-0.113872
-0.963803
-0.136919
4.96764
-0.934683
-4.8786
46.4578
1.52802
-1.36133
0.242466
-2.5629
0.457577
-0.190205
-0.628199
1.10581
-1.55163
9.26655
0.211076
1.07182
0.144366
0.631052
-6.80807
0.825487
-0.374748
0.118186
-0.150722
1.72919
-1.70723
1.94618
-0.115173
1.69121
-1.58351
10.5747
3.79377
2.78514
-2.25344
-0.373352
0.294087
0.0594034
-0.573446
0.728002
-0.463954
0.915128
0.956422
-3.19211
0.759346
0.736117
0.975863
0.414101
0.13893
0.0893377
33.8426
-4.33884
-1.66335
-0.149873
-0.573185
-2.28842
0.0997134
0.0130977
5.64228
1.23532
6.58964
-1.17092
-0.24186
1.1492
-0.35207
-2.71198
0.569616
-1.42099
-1.03188
2.41784
-1.18541
-0.0343235
1.19825
-0.76863
1.4795
-2.74821
-0.478558
0.0403181
0.427218
-0.898841
1.22744
0.0268433
-0.642359
-116.253
3.61865
-0.616653
0.632755
-7.83182
-0.940555
1.46163
-1.13791
-22.7221
-2.04528
-1.37603
1.54603
3.7218
2.03327
-0.195974
1.2354
-0.812877
0.19927
-1.08385
0.933903
-0.86162
0.0360886
-2.13443
-0.381669
-0.0936581
-0.299352
-0.301825
-1.87201
1.77501
-1.04842
-0.51307
0.06924
1.39504
1.75544
-2.61511
-0.937393
-15.4271
1.55093
0.50714
0.0710743
-0.462317
1.23377
-1.14974
0.988695
1.9687
-0.4231
-0.550723
-0.122083
-1.71694
-0.851838
-4.93323
3.1269
-0.0073719
0.0936856
1.10636
3.61817
8.19853
-0.347493
-0.0120877
1.43205
-2.38872
-0.483184
-3.99472
3.00495
-2.97053
7.35554
5.51504
0.106926
-0.399278
17.8947
-0.641653
-0.531022
1.12016
0.0875377
-1.99512
-1.85433
-1.51251
0.0911982
-0.164622
-0.0576892
1.42744
-0.601451
2.52396
-0.320279
0.414502
0.231767
8.49629
1.11179
4.2207
0.160313
1.64052
-16.0231
-2.15884
0.29363
0.286374
-1.04976
1.74157
-27.7802
0.926103
-5.49703
-0.72253
-3.40492
2.47339
0.681408
-3.61877
-1.48845
-8.27401
-0.714707
0.946001
-0.414899
-1.34395
0.111736
0.32673
-3.7868
0.216122
-4.44896
0.168467
-0.746924
-0.471494
23.3372
0.0304251
-0.643898
-2.91057
-0.0733866
0.778836
0.565752
-0.988247
-0.151828
-0.0578604
-1577.61
-0.762817
-1.66605
1.07758
0.637839
4.98432
2.39443
-1.06513
-17.0991
-0.671547
-0.210811
-2.85763
0.0266348
-0.421071
-365.74
-4.54523
1.3202
-0.875848
1.3806
-1.53164
-0.573346
-0.810427
-0.285366
-1.11045
0.292113
0.742422
0.927132
-6.6139
-0.789462
-1.37869
2.04491
-3.12243
-0.834013
-0.262927
-1.53736
0.190718
0.928321
0.699274
7.15462
2.51131
-9.46746
0.892912
0.859385
-5.0146
5.22953
-1.21274
-3.59658
1.42023
-0.518749
0.308669
1.61069
-0.241517
0.408126
-3.73659
0.459203
-0.132975
-0.207743
-0.378441
19.157
1.94107
0.369176
3.30093
-0.921479
2.60956
-6.54681
0.489484
-146.059
-0.438057
-2.58949
-4.05273
-0.560971
2.90016
-0.274271
-0.955503
-0.827236
-3.09348
-0.432804
-1.18719
0.175214
0.467746
0.636223
-7.6334
0.249969
0.78739
-0.545808
24.7566
0.349146
-0.0123469
-0.420137
-1.06308
-15.9469
1.77293
0.0506106
0.574976
0.498355
-0.1782
-0.695475
-0.0643183
-0.112794
0.300982
-29.4905
-0.794596
-0.161509
1.09726
-0.925292
-3.18624
3.10715
7.82469
1.24509
10.1466
1.50572
0.304806
0.69132
2.06797
3.68851
3.0606
0.880851
-1.55962
1.35782
0.0996716
0.957661
-1.14175
-1.57518
-1.07217
-3.43343
14.7592
0.357762
-1.36198
0.236358
0.508647
-0.414901
1.74593
-1.61214
-0.683636
5.47452
1.06715
0.669869
-9.15714
1.72755
-0.581677
-0.661717
1.13144
-0.255356
-0.288856
2.9735
0.657214
1.26677
0.682467
0.265358
-18.0265
1.13719
6.11379
1.74447
-1.34342
-1.18485
0.85036
-65.8671
-2.14576
0.363983
0.498668
-0.233303
1.18875
1.1008
0.945461
-9.60638
0.0420463
-0.177382
0.00157501
-0.47385
1.59181
-1.17424
0.5347
10.9982
8.92197
1.34959
1.39876
0.271122
0.576147
-0.965066
-0.634548
-5.26686
0.541722
17.8868
1.07904
0.0523488
0.442325
-0.43458
0.451568
-11.4697
7.76361
0.938967
-0.981867
-1.09457
-0.853367
-0.397591
-0.0693088
-1.33423
0.0928324
0.569133
-3.62692
1.21157
0.595825
2.78897
-1.80358
0.109527
1.00228
-0.656239
0.930083
1.5603
0.669605
-0.804269
-5.00939
-0.952756
0.16559
0.896837
0.169738
0.446169
0.415843
0.915544
-0.441029
-0.265595
1.74593
-0.704641
-0.760905
-0.619465
1.39169
-0.00545273
-4.41642
0.658256
-0.774728
-1.12801
0.428685
-0.486318
-0.56132
-8.37363
1.32651
-0.108247
-0.187824
-0.897678
-114.63
3.16278
-0.641639
3.8284
-5.64096
-0.818576
0.178709
2.24174
-0.663552
-0.311712
0.999236
0.704543
2.34844
0.145128
1.23575
1.00801
-3.10951
-1.82639
-0.0117411
-1.10304
0.754412
-0.051304
-0.0885546
-2.27503
2.97687
2.6259
0.275649
-1.44896
-0.0506186
4.331
-1.46432
1.49345
51.3786
-0.556725
-4.13631
-0.273567
-0.636151
1.70073
-0.506421
0.135842
1.4257
0.0793286
-0.547346
-0.584621
1.51447
-1.67543
-0.499098
-117.028
-5.57196
0.198186
-0.372139
0.416209
-0.238792
-7.09957
-1.46653
-0.0969931
3.05826
-1.75762
1.61688
-0.692131
6.36289
-0.644308
-0.571975
1.06675
-0.588768
1.14197
3.64792
-4.79622
-2.03609
2.07486
1.89313
-4.97621
2.26833
-0.0340568
1.97549
0.488688
0.371635
4.38637
-1.87283
-5.15082
2.54459
-0.593744
-0.72307
-1.17948
-1.12991
-0.630408
0.408312
0.585887
-0.380612
-0.461178
16.9999
-0.514686
-0.055248
5.37205
1.03602
0.730836
0.326832
0.031601
5.00578
0.894426
3.41783
0.251047
0.372486
1.7515
-0.235099
-0.167327
0.174007
-1.44574
-0.923466
-0.298918
-20.2024
0.770167
0.0733699
0.699846
1.487
-3.15491
-1.07998
0.019204
-0.667665
-0.302727
-0.496596
0.436087
19.7429
-0.695505
-0.158911
0.169001
0.104118
2.08041
-2.14074
-0.112367
3.29158
0.381253
-0.602141
2.4587
-0.0199742
-1.7552
-0.201692
-0.419142
-0.26282
-1.31224
0.158261
-0.158105
-1.15748
-2.15621
0.53344
0.656032
0.014668
12.3052
-0.453592
-2.92734
0.821325
-1.38747
-13.9729
-1.43138
-1.85612
1.95844
2.21219
5.58415
-0.101102
-0.58939
-0.113041
-10501.9
-0.295271
-0.325519
0.275868
-3.15605
-0.453817
-0.0397057
25.3337
-236.655
-3.77855
-0.0692468
0.288195
0.765818
-2.3768
-0.059601
0.341521
2.60327
-0.241882
-5.94804
2.59989
-14.2811
0.0348952
-0.518198
-1.51829
-0.918798
-0.349433
0.010386
-1.408
0.491053
-0.760961
2.4689
0.23032
-0.161254
12.4056
0.285656
-0.470344
-1.97254
-1.28847
-1.95946
-2.26615
-2.08726
-7.06719
-9.09987
0.343125
-0.334878
-3.27978
3.4697
0.590505
-1.51393
-2.47399
-0.0837339
1.2473
1.7483
1.19733
-1.30823
-1.62063
2.64851
0.238474
-0.202794
-2.5619
3.1168
0.109342
-1.91349
4.74355
1.23365
0.264672
16.2272
0.0560604
11.1788
0.19647
5.20189
-1.39308
-2.20626
0.11098
-0.0610392
-1.33775
0.588091
-16.0091
-0.0187903
-5.45093
-0.362632
7.871
-0.986906
2.37684
0.377515
7.63074
0.0292903
-2.61852
-0.0692354
-17.2079
-4.23517
9.33736
35.6591
-1.82113
-0.450901
1.36987
-1.4318
0.792328
-1.50097
-0.427422
0.313166
-0.583046
10.3096
-0.1097
-0.613276
-1.02471
0.00527029
0.0859876
-8.16246
-10.2153
-2.63637
-7.17034
0.18223
-1.38453
-3.28242
1.06881
1.75799
-3.10015
0.067959
1.34207
33.7991
0.901629
-4.71325
3.04635
-6.35195
0.667063
0.668361
-4.43252
-3.83892
0.0887721
1.17892
0.465929
-0.338752
-2.21325
0.848796
1.51185
0.395545
8.95724
11.6896
-0.165251
-30.4536
-2.86163
-5.76899
-1.53964
-0.72647
4.38403
0.641873
5.96368
1.11675
2.60914
-0.626496
247.025
0.0215267
0.405509
-2.42712
0.469862
1.48197
0.0791662
2.52766
0.996957
11.1798
3.74778
-0.892096
1.38998
-0.806789
-24.8571
-1.20407
3.14823
-0.394483
6.4718
0.804221
-2.92651
-0.972386
-0.870295
0.760358
-1.77557
1.5007
-3.1323
1.34132
2.5012
-0.573623
-0.707033
2.26765
-0.651942
5.16372
0.637314
-1.12383
1.05127
6.01867
0.0219148
1.15056
2.21802
48.9016
0.61842
1.20947
0.984577
1.65116
3.04292
0.118747
-0.972482
0.137418
-8.00864
11.6952
-0.514142
0.258968
-3.18921
2.51365
-0.235736
1.00699
-0.836254
-0.636197
-1.6092
-1.21044
0.550919
-0.572922
-0.866925
-7.9574
0.175671
1.79059
-1.93405
0.658496
0.670218
-0.291431
1.38772
-2.57799
-3.09853
0.16465
-0.46162
0.554734
-0.239789
-3.66189
0.269787
-0.0771095
-0.0580853
-10.6696
-0.226507
0.261321
1.48446
-0.424965
-0.0648552
0.708924
-0.895212
0.395437
0.220023
0.0283047
-0.136356
-3.11102
1.47792
0.065554
0.0482708
1.18612
-1.80303
-3.12855
-4.38128
-0.555104
1.64722
-1.84785
-0.555047
1.12919
0.151165
-7.76955
0.538852
1.49233
2.0759
2.19159
1.33491
-0.165432
0.0838444
1.60162
-0.188289
1.98229
7.57377
-0.841892
0.542771
-1.33897
-0.710808
11.4687
-0.535076
21.2505
1.38045
-1.62238
-0.708098
-1.15144
7.1033
0.503169
2.57494
0.120582
-11.1401
4.22582
0.550148
6.29648
5.39146
2.78298
0.185087
1.53034
-1.34855
1.10887
0.0990627
0.231551
1.10904
0.839477
-1.69526
-0.230494
1.38568
1.58895
-2.20285
1.29185
-1644.46
-0.512197
-3.71322
1.70337
-0.124665
-0.786511
0.982136
-0.195257
1.31428
1.41853
0.829121
-1.51457
-1.58079
-1.50855
3.87293
0.13538
-2.32815
0.539073
0.159637
-0.146716
-1.79676
2.2948
-4.56411
-2.15222
0.36802
-1.09979
-2.06987
0.0617512
0.278039
-8.51207
22.3853
-0.0578437
-1.72401
0.53413
5.59989
0.235647
0.575393
1.58631
1.62231
-0.355873
1.26884
-2.09677
-0.448231
0.722336
6.87627
15.8979
-0.189407
1.29717
2.11189
1.92312
0.567087
-0.803915
-1.97074
-0.383878
-0.808418
-0.160333
-2.59743
0.899202
2.08981
-2.20204
0.242884
0.552707
-2.47209
-2.91898
-19.5467
-5.17598
-4.80481
-2.10239
-0.536161
2.89287
2.08924
-0.150626
3.98813
-1.42544
-2.00243
0.584785
3.90244
-0.304537
8.04354
-1.26466
-0.639147
1.63494
3.75368
-0.809747
2.13084
7.96735
2.30004
-0.325168
3.29689
-0.180945
-1.95558
-0.526607
7.06584
-0.826542
-3.8994
-0.905114
0.353634
1.56639
-1.54076
-0.868299
-3.84478
14.0331
1.48587
-0.611908
0.0671692
-0.197052
2.19685
6.8666
-0.4049
-0.668293
-1.63549
30.2158
0.217645
2.60014
3.97348
0.451831
-1.45079
0.95939
-2.51801
0.667421
-1.35838
0.626192
0.880414
1.19185
10.3287
2.76935
-0.0649433
-0.131706
0.330612
0.218082
-0.230044
-4.77241
0.237842
-1.74897
-0.5244
1.46541
-3.36709
1.34696
-0.391893
-1.32568
-3.62754
275.441
3.0878
-0.201809
-6.34984
1.34027
-2.74547
-2.58283
-0.330548
1.50993
1.50855
-0.569205
17.3484
-3.66858
0.179454
-1.37711
-3.41639
0.035383
-0.12152
1.90822
-1.61852
1.01784
-1.56902
0.353582
0.0134887
-0.455542
-0.469282
1.47183
-1.78102
-0.459235
1.17923
0.545534
-0.73468
-0.520729
-0.623907
-0.141421
1.26184
-27.3508
-0.782064
-0.212052
-0.641608
-0.240723
1.36224
0.0707734
0.192801
0.0373025
-0.0222049
-0.223365
-0.299417
1.77466
0.0274397
-0.984208
-4.15089
-0.898485
-1.99895
-0.589909
15.5302
-0.943407
-3.57374
-1.23342
17.2255
-0.305913
0.565766
-1.12984
-138.47
0.399796
-21.7885
0.155078
2.56353
-0.0328579
14.0606
-1.15984
0.945865
-7.33923
0.603973
0.194689
4.10339
0.383215
-0.396166
-0.961754
-1.17879
-0.0806933
-1.59541
-0.260521
-1.09033
-0.679191
-0.875683
0.480943
-0.549432
0.0903502
26.6482
0.475698
-4.77297
0.633197
6.34242
0.349929
-1.77129
-0.238275
-1.70674
0.820212
-0.942055
-1.05376
0.429638
-0.00582716
-3.75572
0.168816
3.39754
-3.24817
-30.2175
0.306077
0.524774
0.520437
1.82525
0.400158
1.88073
0.487904
3.97356
-0.814317
0.668416
0.65461
1.20955
1.69298
0.567458
-0.91246
0.179396
2.39078
-0.213144
0.947818
-0.801401
-3.46711
-1.2681
-0.700117
0.125067
0.132495
1.02714
-43.1108
-0.294839
-17.8665
-0.109231
-0.617886
-0.976638
-2.96945
-0.563045
0.815119
-1.94934
-0.958096
-0.520486
1.07758
-6.66913
2.0596
1.06858
-0.139328
-0.823996
3.37378
0.229976
1.11199
-1.41435
0.266975
5.73229
0.360639
0.586446
-3.38356
1.98159
-0.35347
0.483555
1.49453
103.309
0.294974
-9.2718
1.28118
0.626249
-0.788009
-0.278585
0.363824
160.918
-0.181762
-1.26028
3.22422
-9.17421
2.07287
-0.633425
3.96864
2.79236
-0.662017
-1.17638
0.301375
0.475531
-5.67854
-1.53374
-4.70914
-0.0804671
-1.02893
-0.254662
-0.157855
0.413666
-0.993905
-1.10138
0.597707
-0.106086
59.6841
-0.516948
-0.131751
-1.72209
-0.52732
-2.28837
0.986674
0.498647
0.858884
-0.231697
-1.20673
1.55046
-0.665326
1.20952
-4.06602
1.43653
-1.40007
-7.40789
0.28104
-0.11041
9.47627
0.844861
3.78388
-1.16409
-0.898412
-1.36348
1.657
0.620279
2.24577
0.750908
-1.64661
-0.635081
-0.727784
1.80179
187.467
-1.59315
-0.466656
-3.72882
-1.25475
0.30118
-1.134
0.603684
-7.71523
-0.92671
3.1408
0.328632
-2.43763
3.04428
0.000246041
-28.4875
2.24072
0.156497
-0.63179
0.315167
-4.42888
-0.72346
-0.625132
0.63665
1.70189
0.645216
-0.329642
1.29072
0.143192
-0.427089
-1.48388
7.37012
4.30765
-0.05603
2.7027
0.251268
1.10887
1.26101
-0.725072
-0.197076
0.754154
1.0418
0.955293
1.10017
-2.03359
11.0586
6.2948
3.31803
-0.0371072
0.14988
2.81738
-2.24893
3.49025
148.345
2.25686
0.353856
-0.274499
-0.651456
1.85999
3.96647
-0.144357
-0.648547
-0.0331768
-0.218873
6.82003
-4.12043
-0.65725
-6.84555
0.277891
0.0488421
0.527768
2.45011
-1.25492
0.87637
0.98643
0.859814
0.263444
0.0385678
2.9842
-1.02718
0.966015
-17.9836
-0.512888
-1.9438
0.496846
0.548263
-0.229032
4.89524
-1.65848
-1.80316
-3.3937
2.40096
1.92326
0.510035
-2.05387
0.317283
-1.32184
-0.532932
0.238398
0.554954
-0.581258
-0.252848
17.1029
8.68031
-0.101899
0.424873
0.147153
0.995527
-0.780034
11.9447
2.10916
0.55545
0.956181
-0.328227
-1.46467
-13.6661
-0.45846
0.274102
0.423457
-2.46895
1.35747
-1.01399
-0.764482
-1.34271
-2.51055
-0.214392
1.98683
-1.87855
-0.183607
1.77227
3.94818
-0.130943
4.8226
0.478256
-0.31518
2.58179
0.108683
-0.442298
-0.000523958
1.56528
-0.538309
0.493053
6.70136
0.83172
-2.84166
1.77332
-8.67447
-1.55817
0.208425
-4.16028
-0.476848
0.0129548
0.025498
1.83864
33.817
3.45098
1.82137
-0.761552
0.732981
4.99055
-0.51502
-1.02399
-23.2076
0.665158
3.536
3.03137
1.38761
-0.161133
0.199757
-1.44054
5.54724
-0.557514
-0.213216
0.193819
-0.66489
2.3923
-1.41405
3.79874
-0.0431557
1.37771
4.00105
23.285
-2.71154
1.03608
-0.00233919
1.50635
-6.66846
-0.0310996
-11.2665
-2.85299
-1.19226
-2.04161
0.187011
-4.38311
-1.25129
0.915381
-1.42642
1.56004
-0.939348
-165.373
-2.5322
-0.436552
5.57448
0.174606
-1.9696
0.277669
0.238565
-1.41463
7.2286
2.78194
-2.63706
1.92563
-0.900586
1.73974
2.18782
-0.925094
-0.636641
1.52322
-0.843302
-0.520499
-2566.31
-0.234417
10.0116
0.923038
2.43506
0.363257
-5.26696
-4.20904
-0.341046
-3.3576
-0.264
0.0955793
0.293515
-7.47754
-1.16938
-0.323692
0.427864
-1.24685
-2.25447
-1.63059
-2.49423
-1.0196
0.230256
1.29608
0.206793
0.497949
19.8961
2.52459
-0.317823
0.176607
1.81415
0.0340567
0.94221
-0.82643
-0.739271
-4.32107
1.56284
0.325022
-0.465958
-0.462561
-0.785366
0.206754
0.176144
-0.320943
11.0169
0.0625108
-0.28739
-1.11072
0.726821
11.631
-4.27189
-0.199279
-2.09862
-0.509081
-1.01197
3.61466
0.787787
69.3834
1.02145
12.1041
-14.596
-0.178494
-5.29157
1.043
1.09106
5.17995
0.934945
-0.867505
0.0260216
0.174816
0.28025
0.866247
1.45042
0.248371
0.341286
-0.566335
3.03556
-1.00536
1.02217
-0.589183
0.523857
-2.25143
-0.410159
2.5522
-2.29558
-0.920213
-3.26998
-0.310664
-0.658846
-2.80617
0.24516
-1.02274
1.25378
-0.0174186
2.80331
0.031537
-1.40051
-11.3389
18.8982
-1.33776
0.132732
0.353298
3.3629
-2.96195
-0.296793
-0.368985
0.922273
-1.66474
-1.38661
-8.07174
0.251694
1.40602
2.15368
42.5176
4.56359
-2.54498
-0.193414
-0.218276
0.385931
-0.939944
1.09617
-1.30624
-0.269277
-0.18772
-0.16677
11.1446
-1.14684
-0.318519
-0.446189
-1.22227
-4.03493
1.13599
-0.152137
1.40508
-0.00625642
-28.1789
2.28147
2.18776
2.82032
-0.379118
-0.0443042
1.43009
-1.11459
1.43826
12.9435
-4.22239
4.61656
1.34977
17.1857
-45.1371
0.471371
2.52011
-2.19252
-0.135142
-0.411198
-4.87097
0.573645
0.984982
-0.251712
1.23635
26.1164
0.973835
0.395461
0.787011
0.254313
1.50587
-0.467056
-0.614248
-0.096762
0.678065
-0.682442
1.49846
3.27485
8.31162
-0.669483
0.00332054
0.252855
3.90345
4.91997
1.72186
-1.23273
-6.63634
0.2778
-2.68831
2.99084
11.8788
2.44945
-2.6629
-0.0456604
0.562556
1.67235
1.09952
-1.34792
-0.192187
-13.6484
0.161287
3.09725
1.47484
0.805599
61.1709
-0.211219
1.06387
-0.0763677
2.79272
-3.78713
1.42282
2.00935
0.32841
0.2019
-22.7596
-4.84407
1.1093
0.841849
-1.9073
-25.5502
-0.657057
-5.03462
0.376592
-1.87864
-3.31305
-0.134214
0.770094
0.164774
-1.53983
2.62572
-0.555396
10.1352
0.431302
10.8237
1.35895
7.39478
-0.129088
1.17677
-1.38662
0.140098
1.30403
0.796194
0.221732
-0.0678654
11.8139
1.07203
0.643032
0.486877
-7.35161
-0.142424
2.34902
0.619241
-0.494773
-7.14784
0.56586
0.01614
0.617267
-0.342757
-1.41948
0.183803
4.42679
0.701
-1.81058
-0.436166
-12.0773
-0.317471
-1.32551
-10.5472
-0.516336
-0.348042
-0.184537
0.692846
-0.525511
0.335533
4.20944
-1.41084
0.223547
-0.329248
0.29697
4.01485
-5.36215
4.64321
-0.89722
-1.57111
-0.393401
-14.5341
0.761188
-2.86651
4.37489
6.03696
1.6487
-2.1984
1.16405
-1.47928
-0.969297
-1.02635
1.17953
-5.25008
-1.43881
-2.88253
-0.141582
16.6693
-5.26178
-2.46137
-0.402334
-0.782472
-0.344217
1.82771
0.080395
-0.770127
0.689901
-1.34731
2.49145
0.82254
6.30465
-5.42121
-0.271566
-1.42053
1.1546
-2.60738
0.853581
0.151421
0.76502
-0.600073
-0.326709
-2.99939
7.13023
1.10403
0.154366
-4.53004
0.682828
-0.151558
2.08235
-2.36796
2.00546
113.588
0.226489
7.73901
-1.11297
-15.0279
-0.0976573
-11.88
0.11286
-0.0510548
0.512712
0.835588
-0.299252
3.9263
1.23362
3.62315
0.300472
0.291052
3.99337
-0.364416
3.40546
-9.1145
0.340778
1.9469
-1.24321
-0.521486
2.95564
-0.87986
-1.67481
-2.20514
-0.159816
-1.45375
-0.894131
-0.453334
-0.227084
1.23256
-0.727686
0.910039
1.02583
2.31241
-2.18117
0.182497
-0.125019
1.21519
0.96299
2.19112
-1.75343
-2.79068
8.28199
0.789577
0.130172
-0.0562806
0.859399
1.13067
-0.523868
4.26805
1.10402
-0.544565
-3.81701
2.19201
-1.05004
-2.09699
0.515024
1.09666
-0.669285
-2.62392
6.86553
1.00907
-5.2146
0.614477
-2.78587
0.565623
-14.726
-0.343302
-0.711933
-3.06846
2.01025
-0.72946
-0.230776
-1.25625
0.160455
0.176373
-0.520847
-0.271199
2.03187
-0.217397
-0.104467
4.04733
0.084856
-1.02907
-1.21352
1.35832
-21.922
-1.79348
-0.671653
-2.19773
-0.0787822
-0.0320254
0.0153358
1.95293
-4.75851
-0.690906
0.384498
1.59555
-4.70584
-0.35461
16.3137
0.481703
14.8715
2.52847
0.855139
-2.70481
-1.93311
-22.7865
-1.35058
-0.169278
0.441549
-1.59939
2.92618
2.11598
1.02423
0.361866
-0.776935
-36.4883
0.603777
1.45503
-0.232167
-6.69958
-1.24855
0.14812
2.16815
-0.949317
-0.175204
8.37899
7.78899
-6.26001
-4.23107
-0.688992
0.169709
1.35649
4.01542
546.548
-2.2212
-1.10005
-0.355375
0.51755
-1.92183
0.194235
-0.661426
0.694858
0.307818
-0.0327093
0.615156
1.04584
0.195958
-7.90181
-0.0864005
-3.24786
-0.631202
-7.08736
-1.14005
-5.15395
0.631598
-1.4233
0.49399
2.6285
4.8182
4.81409
6.63087
5.29925
0.167771
6.34776
0.346865
-0.824544
24.7291
-1.91882
-1.1795
-2.07279
-3.1001
1.04668
5.43475
-0.0718263
0.637902
-4.72071
-0.719786
0.398147
-2.01389
1.04764
-0.974462
-0.0158732
7.62111
-0.853479
0.166629
-1.12706
13.2844
0.00541736
5.63229
-0.218701
0.328274
-0.563652
0.255565
0.212729
-0.0710799
35.9572
-1.57124
0.913663
-0.794013
-0.00164841
-0.276254
12.1395
0.689505
-0.606483
1.27579
0.542376
-2.46317
2.01083
-1.25674
-0.233964
4.28357
-10.4879
0.0611374
-0.192516
1.09068
-0.735999
1.07925
1.23981
1.04683
-0.516974
1.63986
8.59397
-8.91167
3.23859
-0.127576
-1.25165
-0.328361
0.0460541
1.0512
0.252103
-0.761103
0.195248
-666.566
-0.215439
-0.465673
-1.09432
2.4451
2.35602
-2.49827
-0.676966
-0.35264
-1.09888
1.0749
1.84617
-0.196127
0.455864
0.570754
1.68552
0.604148
1.01086
-0.500752
-0.413957
0.806263
0.918884
1.56847
0.50773
1.40984
3.11829
0.34973
0.869215
4.39715
0.562341
2.60934
0.395289
0.408127
-16.936
20.7267
0.417779
0.246033
-1.91277
0.642784
-4.82221
0.208316
2.20322
1.36286
0.770778
-0.464728
-0.70772
-0.153932
3.8702
-1.067
-2.03908
-0.512419
-0.245448
-0.427333
-2.66471
17.6357
0.0105788
0.967784
1.92187
-1.74333
1.91767
3.63284
-0.105549
25.3014
-0.985147
-3.43764
0.434431
1.64806
0.0959747
-2.03289
-1.23982
4.17246
1.61061
1.2199
1.19211
0.328365
-7.22423
-1.46121
1.21109
-0.811595
0.449715
0.489204
-1.53573
-0.659674
0.357866
0.42992
0.663341
0.375863
-0.56793
2.24643
2.09757
-0.116401
-0.330194
-6.57839
-1.15665
1.00821
-2.43098
0.194283
0.36859
1.81661
66.4503
0.809459
2.11039
0.540685
-0.447116
-0.0384074
2.14661
0.546929
-11.666
-0.441701
-9.05038
0.0128639
0.584852
-0.577624
-5.05678
-0.293513
21.1518
-11.5923
-2.57106
1.82324
2.26582
0.794838
-0.498141
-0.497241
-0.675832
0.324451
0.227436
-0.547674
1.39798
-0.811912
-0.0476618
1.24586
0.239929
-0.174505
-0.178514
-0.275498
0.167177
1.47725
1.02903
-0.174829
0.261987
0.815636
2.18932
-0.401316
7.5601
0.871023
-23.1307
-0.187987
0.091951
0.463079
-0.00542812
0.334003
-3.00699
-2.87151
-22.6501
0.0407005
-1.80941
2.9851
1.32344
-0.870468
-1.01239
-0.116583
-0.543121
-3.52302
-0.397672
0.00862327
-3.51749
-1.77929
-2.50237
0.0769462
-0.608698
0.684978
-0.496329
-1.44582
-0.973089
0.471888
1.25458
-1.29665
-0.886484
-2.14661
-1.42916
1.78155
0.785938
-15.3711
-0.0753426
0.196453
1.03452
-0.0934411
-2.49741
1.97873
0.762888
1.19951
-2.78619
0.145684
1.11262
29.0737
0.762636
-7.06057
-0.996123
0.272145
4.63436
0.477809
0.443328
0.762087
-1.09774
1.00244
0.357629
-1.09673
-0.945632
-0.608647
0.0810534
-2.67874
-0.16768
-1.07728
-0.179877
0.50626
1.60845
1.29719
11.7295
-0.00221947
0.997928
0.0435236
0.429042
-72.8242
-0.324592
-1.49297
1.35399
-2.31285
-1.57777
0.909748
-4.32551
-1.08445
0.97402
0.110904
-0.768895
9.4306
67.4517
0.988339
-6.16749
-0.0438164
0.325672
0.28681
-0.00361674
18.0023
-25.0459
-0.411254
2.09724
-0.765265
16.5673
3.41229
-0.166361
8.36173
-5.45715
-3.08556
18.7511
-66.5472
2.9563
1.3346
-0.965524
0.358909
0.483057
1.09315
0.178708
-0.0730315
-0.279965
0.229987
-0.701391
-0.233927
2.74988
-1.49701
-0.179321
3.01012
-71.9708
1.32068
-1.00569
0.834341
0.158194
29.9373
3.91928
-0.957187
-0.0599641
-0.0116492
-0.497056
13.5839
-0.458689
0.132737
-1.2409
0.935705
-0.420111
-1.26267
0.524293
4.94315
1.37036
2.72889
-2.54794
-0.499801
-0.30419
2.16464
-0.131964
0.897468
0.0151139
1.07382
-0.658137
0.475885
0.240953
0.480286
-0.560989
16.7806
-1.11994
3.54398
0.167929
0.310551
-1.4037
1.63786
0.145245
-0.00367246
2.19398
3.69646
-2.6357
-0.844731
0.478396
0.260097
0.815738
-0.755592
-0.268637
-1.2589
0.262733
-2.62416
2.67456
-0.475367
0.839681
1.28951
-2.32854
-1.20984
-0.347406
0.403764
0.105826
-1.89176
-0.0660407
0.550622
-3.14603
-0.965824
-0.147103
0.811838
-2.56899
3.67157
-7.46751
-0.283862
0.998771
-2.87392
0.600903
2.05366
0.116312
0.262831
-2.26467
-10.5366
27.5948
0.147093
-458.95
0.671691
6.29907
-1.60551
-4.21941
0.522392
8.92641
-1.09503
2.9511
-0.0330821
4.74508
0.309963
2.79649
-0.627254
2.3128
-0.946299
-0.0732972
0.891753
-7.73064
0.804926
0.992388
-1.6086
-0.155552
-3.68154
0.306009
0.633165
3.74011
-0.816568
-0.877283
-1.13101
-10.3918
-2.71541
2.0035
-8.32447
-4.01565
-0.872133
0.749253
1.30085
1.23286
-0.0362101
-2070.32
0.347611
-3.64512
2.48789
-4.71102
0.789695
1.81588
-1.63419
2.19059
-3.92067
-1.03362
-4.09771
0.537278
-4.46412
0.703423
-0.516557
-0.310643
-0.272491
0.0563002
-1.18219
1.12272
-0.159004
-0.388168
-1.37524
2.19661
2.1403
0.640711
-0.0400981
-5.82307
-0.191655
1.23329
1.42383
-11.808
-17.5067
0.319955
1.11176
-0.909584
0.470703
-0.636621
3.58773
1.74827
-4.28667
0.691772
-0.929072
12.7932
-0.841984
-6.3363
1.31221
6.56415
1.76191
-3.51485
3.36873
1.25536
5.88665
0.0848997
-6.54405
-0.961765
-2.59213
0.426825
1.14357
1.39115
5.45402
-11.6408
-1.30902
-0.950523
-5.57266
0.0310386
0.850991
0.294624
-0.45356
0.244276
5.79395
-0.0514513
-11.8394
-1.05467
-4.24835
0.679159
-1.54981
1.03994
0.884785
-0.444515
-1.82011
6.07072
-0.989211
3.39548
-87.3644
-2.77238
-0.602226
0.463855
11.8372
5.42668
-3.8134
0.0604859
-1.60389
2.41046
1.34706
-0.426925
0.568662
-1.43687
-0.0216518
-13.2698
2.24957
0.081129
0.183309
0.679201
-0.571235
1.48871
-0.0738819
-0.00678574
-0.766156
-1.33053
0.527764
-0.356091
2.47133
0.169066
-1.45181
2.0084
-0.201449
0.259167
15.0867
-3.11211
-1.56683
0.0273102
-0.577058
-0.652065
0.999731
-1.43041
-4.34557
0.0584287
0.347454
0.426725
-2.61396
-5.74814
-0.583362
0.712839
-12.0224
26.8827
0.246037
-2.41276
-0.210451
-1.90254
2.82918
0.0303609
0.725216
5.68724
0.617968
0.254607
-0.775944
3.19069
-0.200955
-20.5705
-0.80689
1.38265
-0.577358
0.659745
0.594142
-0.792583
-0.428561
0.410707
0.749818
1.90092
0.383656
110.277
-2.15693
1.42754
7.71818
0.396353
-14.8472
-0.659121
3.10892
0.944932
2.39034
-0.20902
-0.374504
4.16115
0.950012
10.7275
5.32865
1.30076
-1.86817
2.26365
-0.245864
-9.30248
-1.22479
-4.34511
2.3704
1.93057
0.903279
0.0791093
-1.20515
-2.02553
-22.4957
-1.02177
1.39743
2.26087
6.86296
1.67456
-0.14729
-2.73851
0.463878
-0.000404935
0.239857
-11.2583
0.512459
1.63882
-0.648545
1.19359
-1.94288
-0.331439
-1.33462
4.2445
2.43148
-6.0305
0.237951
-11.4296
-4.70035
11.6207
3.99565
0.0210918
-1.4067
-2.14131
0.890835
0.0863549
-0.512087
-1.65266
0.882157
-0.396757
-2.64677
-8.63794
-1.05638
2.30829
0.425866
0.0532957
-0.395526
-0.545968
2.07386
-1.9201
0.945036
0.318739
30.0908
-2.45866
2.86847
13.055
-1.53391
-0.875065
-9.00142
0.983672
0.184428
0.242235
-1.60133
0.442107
-0.00171581
0.11443
-1.08445
-0.2644
2.60979
-2.09258
3.81312
0.393474
0.755551
-1.57231
0.741671
-0.063408
0.597998
0.752933
2.55788
4.35414
34.8729
-20.3297
-1.06421
0.167756
-2.33969
-0.136998
4.8206
-1.34284
-1.96157
-2.55469
2.51991
-0.0756344
6.18375
0.0700374
-0.284821
1.10676
-5.85996
1.05281
5.84745
0.0568373
-0.408199
4.20529
-0.00447906
-6.0385
-0.621042
-0.593957
0.719572
-2.59512
4.07935
-1.21631
-0.288856
-0.513568
13.4588
-1.28512
0.332429
0.948664
-1.20812
0.232225
-0.873093
-0.175402
-3.24246
-0.572354
0.485328
-4.00918
-1.89991
0.469938
-0.12702
-4.30045
-2.429
-2.98221
-27.9052
-0.12759
1.5394
-0.05138
1.01085
1.32109
-2.43728
-12.6584
-1.31958
0.0598619
-0.35118
-0.456794
0.31545
-0.0672531
-2.432
3.91773
-0.766224
2.57948
4.2541
35.8503
-1.27402
-4.15092
0.512034
0.265435
-1.05701
2.9313
0.542523
1.37862
-2.1291
1.60843
-0.0785327
-0.321266
2.65175
0.313635
0.820518
0.312735
-1.67533
1.33172
-1.27153
1.3675
-32.5818
-0.941765
-0.469171
2.03187
-0.251341
0.628288
0.156338
2.91937
0.541647
-0.247915
0.800891
-6.76965
1.11291
7.07959
76.0658
-0.294229
5.58877
1.45329
1.25442
-0.342366
0.794259
-1.02893
-0.285563
-1.43197
-4.62174
0.885388
-2.55304
1.74418
-0.562762
1.21856
-0.270353
0.628225
0.119735
-0.43517
0.885264
-1.40932
2.06002
-0.287715
1.64405
-1.07903
0.960453
0.0166751
-0.764909
2.42481
0.421645
6.47871
0.541533
4.68285
-2.81832
-1.09774
-1.29256
3.37268
-2.00513
0.876974
0.303657
-0.474624
-0.827581
0.892018
0.0140286
5.1643
1.20994
1.40599
2.17245
-3.28233
2.3756
-0.647419
-0.695218
-0.892993
0.188297
-0.66971
-5.05771
-1.40464
-21.6497
-0.271416
-1.00765
-1.9016
13.7431
0.835076
-0.302543
1.34317
-0.218329
1.7259
-1.95539
-1.3564
0.503721
1.16251
0.954423
-0.0461113
-0.244942
-0.99958
0.946634
-1.48252
-34.675
1.5225
-1.29427
1.19863
1.80715
27.5158
0.467871
-0.393661
0.0498407
31.4799
-2.68027
1.37105
-0.792597
-0.585382
-0.24879
0.410627
0.326294
6.7432
-18.1739
0.830104
-4.85579
-5.61604
0.338179
-0.283868
-0.337743
-2.73818
4.40662
2.39086
-2.47931
0.879824
0.30104
0.258116
-10.0186
39.4934
-2.1322
0.788825
1.28497
1.58193
0.53694
1.38926
-0.349006
-1.70545
2.37761
0.596335
4.02228
-0.535362
135.188
0.0939238
-1.00876
-0.274107
1.06243
-0.356812
1.17475
18.5688
0.593825
-3.12309
4.85409
1.47887
32.4925
5.07001
-0.596399
0.686016
0.155043
1.51912
0.633179
0.303048
-18.9927
3.97165
1.16235
0.331434
-0.605174
10.9014
1.6197
-0.680294
-0.373234
-5.98829
3.71428
-0.290025
-0.239829
0.219217
-18.8873
1.61006
0.336602
-0.934488
6.839
-0.986384
3.21618
0.513885
-0.921764
-1.90661
-1.47607
-0.768058
2.14131
-1.15499
-8.80173
2.14476
-7.67233
5.71074
0.43119
-7.99779
4.68528
1.179
-2.3917
2.66438
1.35212
22.1766
2.49006
0.451417
0.763619
1.51767
0.91238
-2.49746
1.5106
-2.19107
10.0371
2.12427
-0.864147
-0.746377
-1.55756
-18.2597
-592.991
-3.58607
0.173108
0.0339059
-1.13505
-0.0304906
-2.68391
0.423879
-0.220274
-0.917617
-0.940149
4.90569
-2.34825
5.07025
0.401034
-24.1538
0.83599
-0.824348
0.648023
-0.0809582
-5.47069
0.448163
-0.745448
2.38544
-0.159952
-0.0946379
-6.90671
0.730092
2.40976
5.45952
1.97764
0.022439
11.4154
-1.88999
-1.01502
-0.862546
-0.16353
5.35986
-0.918137
-3.91086
-6.70128
-0.777295
-3.31626
-0.359816
-0.137493
-1.56536
-0.755067
94.346
-1.95859
-0.278413
-0.0214295
1.68215
-2.00012
-5.21722
-27.0449
1.81484
-0.183941
3.28933
1.0605
-0.213667
-2.87435
0.759312
-0.911124
-8.18334
10.3626
2.69158
1.41177
-1.62111
0.486098
2.88228
0.436875
0.0741841
0.401644
-1.11534
-3.96262
-1.10079
0.0569906
-2.23174
-7.6968
-6.85955
-26.6974
0.348162
-1.19409
-6.28092
-4.20115
-1.27098
-8.09097
1.48566
-1.06324
-0.138432
-0.627018
-1.43536
0.109674
0.529222
-6.18184
-0.799341
0.645308
0.70976
0.919874
2.43628
-1.70805
0.0567512
0.596823
1.30467
-0.247633
-3.85846
-0.194627
2.67821
-0.105686
0.74953
-0.530114
1.94944
0.423111
0.49852
0.137756
0.0369005
2.32051
-1.62106
-0.140722
0.600196
10.6275
2.53388
-0.0728119
-1.16395
22.4229
-3.46055
0.0965655
-0.337869
0.424422
-1.88238
-1.22959
-0.166801
0.352272
-0.0247323
0.871819
1.20189
-1.66136
3.92366
-0.376456
-0.00243823
-2.49054
6.40001
-0.209023
-0.0284259
-1.58708
-1.14604
0.108504
0.814953
-0.342307
-0.249221
-0.392042
-0.438378
2.51275
-7.39486
-0.519741
-0.114342
-1.17828
0.550807
1.1125
-0.1117
-0.982809
-0.139522
0.733522
-1.64221
-0.421716
13.868
-1.53618
0.658839
0.337044
0.855762
0.0651981
2.9414
0.811666
-1.60135
1.18448
-1.21005
-0.872956
5.73538
0.394529
-9.93812
-2.72214
1.28765
-0.452451
0.507299
1.01034
0.817033
0.753106
3.25465
0.00497414
0.577746
-0.00377274
-2.39791
4.90767
0.386712
-0.122233
-1.61917
-2.72581
-1.57613
-1.02855
-1.62682
-0.405007
0.413835
0.81046
-0.524638
-0.601499
-90.0807
0.428713
0.0464289
-0.0441486
-30.0346
0.346587
-0.432162
-1.18098
-1.42649
-6.61427
-0.614717
-0.4739
1.01317
0.711289
6.63617
3.10398
-5.25978
0.436828
27.771
0.228007
-0.38794
0.431157
0.527833
-0.116813
-0.270973
-0.408261
0.255381
0.32846
-0.284594
1.00794
0.360987
2.25092
2.78189
-1.61035
0.290569
-0.294696
0.771094
0.447825
1.5094
-1.19908
3.06649
6.06302
-0.791504
2.38311
-0.3487
0.27719
-0.800785
0.882854
-0.564765
-4.86292
-1.11122
55.9743
0.266628
1.21095
7.27596
-3.9875
0.731726
0.855772
0.322339
-0.691026
4.6688
-0.501536
2.5499
1.39158
2.57073
0.514624
-1.38983
2.12289
-0.152381
0.279375
0.427381
-34.5551
2.58121
-1.89842
-4.3897
-5.62234
0.760898
-1.59405
-0.454095
-0.494546
16.8163
0.0653851
-3.17905
-1.04725
-0.205772
-2.54784
1.14577
-0.0251694
0.160714
0.538936
0.00275816
1.71078
-0.249907
-0.890421
-1.91431
0.262438
1.06679
-2.6575
29.4651
0.428366
0.693816
0.473825
-0.731316
2.11771
-6.34024
-0.299857
-0.305194
-11.798
-2.97964
2.6979
2.10034
-3.14991
-0.665849
-0.0462622
0.208195
0.18913
0.388996
-1.32237
-5.22877
0.789699
3.49889
-0.219849
-0.123819
7.55657
-0.623985
0.823195
-0.352514
1.30746
-0.786101
-2.78744
2.55338
-1.32451
-7.28717
-4.97092
-0.251493
0.335111
-0.217685
0.410507
-3.39645
-1.0053
-1.43111
0.255767
-0.367888
0.555361
-0.221898
-0.666755
-2.25929
-0.673985
0.251922
-0.297
-0.12193
-0.292992
0.177075
-0.935633
0.672825
1.51779
-1.60797
0.865458
1.53101
-0.52161
1.10313
0.16651
2.08655
1.19771
-0.985639
0.542494
0.745802
-1.4291
-2.52595
78.3843
-5.42424
-0.329235
8.37589
-0.871666
-0.618085
0.106042
4.18319
-0.027806
2.98417
-1.74023
-0.522354
3.63196
-0.131897
-1.48624
0.0912814
-7.48284
-1.66785
-5.88071
-0.688684
2.28146
-0.696051
1.90417
-0.468412
-0.335548
-2.20526
1.06265
2.34999
-0.156534
0.130678
0.378705
0.252108
-0.533161
3.78389
-0.290514
0.173093
-0.28533
7.7515
0.194603
-2.183
0.620115
1.06972
-0.627096
0.456162
-0.0670918
1.23493
-6.62327
0.302414
-1.08212
-3.00729
-0.119643
-0.459312
0.244547
-3.55383
4.81501
-1.89861
3.0956
0.0922581
17.6964
-0.935043
1.22486
-0.680762
2.73559
0.895011
0.48307
-0.341059
-1.2774
-0.449988
-0.732125
1.91168
-1.74619
4.26514
0.265117
4.08667
-4.0321
0.0194344
1.19863
1.06086
-0.507053
1.37232
1.3246
0.182762
4.54932
0.193662
1.17973
-0.0691024
-0.378454
-0.565367
-0.113355
2.33051
-0.042272
3.41312
0.477348
-0.644504
-0.729304
0.22256
-9.76487
-1.75286
-0.828746
-8.89741
-1.16228
3.39189
-0.0335826
-2.58135
-7.95759
2.37519
-1.77495
0.472308
1.09695
0.879112
-2.83093
15.3319
0.426568
0.814439
-1.54749
1.29341
1.27457
-6.25513
3.5334
0.889754
40.7368
-0.413193
2.94483
0.710811
0.666411
0.914192
14.8626
1.14036
14.8768
0.498866
-1.92059
-0.930633
0.428749
0.337632
0.5331
0.339374
-0.765006
2.65514
0.802161
-0.450635
0.0731028
0.344791
7.69075
-0.524046
0.486123
2.17677
-0.150758
-8.42949
1.95896
2.91594
0.616148
-0.312957
-0.653356
-11.1065
0.720123
10.9805
0.424853
2.78186
0.504243
552.834
2.67956
1.65002
-1.04969
0.468396
-1.59957
-13.1705
0.372319
0.264084
-0.606786
1.16381
2.86134
0.124265
-1.379
0.178763
-0.446455
-1.11639
-0.792584
-0.026561
1.93226
-3.07567
-0.0937527
-0.789126
-0.536608
0.360386
0.0877264
0.707611
-0.693867
-0.202919
0.58786
-1.08615
1.25054
-3.26517
-1.69645
0.436856
-8.81386
11.4988
3.15274
-0.022628
-6.52898
-0.622254
-6.48112
-0.565213
-3.95207
0.121226
12.5873
-3.36444
-0.190224
0.0942115
0.256308
0.348203
3.14667
0.152947
0.326647
-326.773
0.460006
-11.8566
-0.524651
-2.64915
1.38102
2.63174
-0.089143
0.768968
0.0303746
-2.80405
0.934058
19.9362
2.48486
2.42572
1.26426
0.476942
2.67779
-0.22823
2.71719
0.752441
-0.894347
-0.285113
0.424446
4.08805
-0.75101
1.46981
2.59259
1.20707
-4.52881
-0.272204
2.02032
-0.0991937
0.364416
-21.7415
-0.461363
1.27605
-3.92264
-2.07175
12.5023
-1.14025
2.94901
0.285866
-0.7576
3.58543
1.40736
-14.8427
-1.05369
-0.360795
2.03289
1.69853
7.07597
0.407077
0.0971752
-2.64877
-0.117308
2.63421
-0.214478
-0.754739
1.77582
-0.590528
0.234165
-6.80149
-0.64828
-0.688528
-0.786096
-5.34791
4.05076
-3.19039
-0.213173
1.29615
-0.343221
-0.746058
3.24067
-0.113608
-2.09818
0.967455
-1.13942
2.26881
-10.7944
1.90243
-0.0650373
-1.62199
1.18684
-3.0823
-12.1965
-11.9735
-4.3645
0.525359
-3.11193
0.193008
0.890545
-1.10276
0.702581
5.04888
-0.355611
-1.4722
5.43016
0.419598
4.82719
2.17152
-9.75703
3.06578
1.68124
34.3457
-0.388375
-0.835498
0.321062
1.19255
-1.23909
-0.796941
-3.61514
0.0621332
2.40361
0.156797
-0.0840272
-1.75042
-37.4455
2.39217
-1.52664
-0.616357
0.820146
4.95978
1.96615
3.75872
0.31198
-0.493318
1.43063
0.762711
-4.20769
8.7623
-0.512064
-1.13822
-0.0610085
-1.70291
0.752019
1.47849
0.178184
0.927083
-4.09982
-0.243405
1.61195
0.878882
-33.7411
-0.640741
2.25298
1.42085
1.09116
0.208329
0.706612
-0.494784
0.854266
-0.737604
-18.3591
2.71608
-0.221143
2.3395
-12.3834
-0.9129
-0.124087
0.415079
-1.29772
0.61655
0.905518
-1.60768
-0.480847
0.204592
-1.71143
-3.2584
-0.922918
-0.47925
-0.47518
-3.95144
-0.714846
-0.827849
0.197397
8.19589
-0.534676
1.00523
-0.535448
-0.655358
0.289585
5.57276
6.80033
0.551829
4.64726
0.852608
0.17921
-0.817809
0.16334
1.2933
-0.35284
-0.509758
1.33188
1.20581
-7.39145
0.870039
1.0372
1.19649
3.5953
-1.09927
-2.26636
-1.79171
-0.337199
-2.33616
0.71526
1.12818
-4.28694
1.9329
-3.43958
-2.10072
5.02436
2.84353
3.17569
-1.29952
-0.257171
0.147076
-0.0354421
3.78783
-1.43312
-2.56138
-1.45628
-0.205517
-0.112549
0.324966
0.106964
-0.0108613
0.182349
1.52811
0.0882693
-1.80801
33.383
-18.5666
9.23627
3.73612
0.365018
-0.66913
-0.260282
-52.8424
-0.011161
2.28892
0.826845
6.10419
1.08338
-1.16681
-30.1279
-0.375162
-2.81706
0.00769676
0.141602
-2.39306
0.304252
-6.77079
0.738881
1.86329
-0.126342
-1.73375
-0.877753
1.17973
8.11132
0.50252
-1.85528
0.465022
-1.05369
0.948727
0.359556
1.76124
6.19857
-0.545599
-1.98525
1.02769
0.631351
-4.0992
-1.82951
1.34004
-17.5672
1.01689
1.53292
17.2893
2.56984
870.582
0.191329
1.40486
-1.20467
0.832115
-0.555233
-0.903194
1.39495
1.48502
-4.50113
0.21138
0.78175
-0.0395089
1.27831
-0.331596
0.536807
3.18225
-0.974114
0.177795
-0.770586
5.18331
-1.96609
1.1997
-0.933626
0.488835
-0.359157
-0.963023
0.496214
-0.0411894
0.711452
2.52923
-5.55128
0.66931
-1.28017
-0.354763
-4.63114
3.47059
1.90904
-9.47607
0.723776
21.3268
0.482672
0.334748
16.3203
-0.32704
-1.2003
-0.00383801
-0.658674
0.0130651
-0.818826
-0.556455
0.904921
-0.0208169
-0.296374
0.039542
-0.930845
-2.87037
-2.06168
3.04593
-0.959214
4.85792
0.337148
12.7862
-1.812
-1.86991
0.941867
130.721
2.70947
2.21742
2.55722
-3.86264
-1.63617
0.227604
-1.75882
-0.744052
0.712987
0.345302
-0.825116
-8.52189
-0.256021
4.6197
0.991155
-7.85891
5.57062
0.141015
3.11062
2.12178
4.09295
-9.42999
0.0229923
0.648202
1.09117
-1.16483
-3.57662
0.709192
0.474717
1.27927
3.05115
16.7682
1.65571
17.2452
0.455151
24.0226
-0.0243571
-1.59243
-1.69506
0.583071
6.35878
7.83789
-1.35837
0.340862
0.000437256
-0.0299906
1.1725
1.13349
-0.198504
7.74734
0.872026
1.03879
1.24934
3.64269
0.132856
0.499083
-4.80224
-25.1987
0.713283
-1.18647
-6.06885
-0.468336
1.36148
1.88813
-1.83967
-1.64171
-0.430347
0.137814
15.4604
0.284114
-1.40469
-0.590223
22.6858
-0.772526
-28.2246
-0.499297
0.0073496
-13.5259
0.105329
-0.665592
-0.470957
-8.22975
0.405518
-0.103946
-1.26582
0.533215
-2.65325
0.337045
-0.368823
0.616613
1.7177
4.97437
6.69242
-1.94107
-0.666984
-0.801752
-9.11735
0.448828
10.4956
1.73104
1.69544
0.789792
-3.36727
-19.4482
-16.4953
-0.0462678
2.20995
-6.89878
5.74204
0.432124
-0.131478
-17.6505
-0.784105
-13.0023
2.04718
0.093116
-1.825
-2.56481
1.66999
0.740493
-0.57774
0.465739
-0.228676
0.655714
-0.191328
-0.702476
0.791592
1.94757
0.719499
-0.145958
-1.62876
-1.2074
2.58494
44.4267
-0.941199
0.08071
-1.34718
0.168483
1.1638
0.0450454
-1.24739
1.16007
0.487302
-1.40582
10.8756
-7.86761
0.414205
0.838095
3.64733
-19.102
43.5267
0.357858
-0.140935
-9.27923
-0.344764
-1.75312
-17.5506
-0.539707
0.368886
0.590602
0.41924
0.979311
-0.108545
-22.9697
3.89224
2.93596
4.25554
-0.170145
0.473018
0.735272
2.51907
-0.824642
0.484059
3.85769
-0.520348
-1.64218
-1.11895
0.00268021
22.9041
-0.0336925
0.43375
-1.11656
-1.62244
1.06254
-0.0546297
-1.33184
0.124096
0.41581
-2.60684
-1.55049
-0.776403
-1.41142
-1.40185
0.0612238
57.747
-2.63146
-5.62616
-0.0257067
1.06994
0.464541
-0.327987
-0.463794
-0.266004
2.45368
-0.325696
-0.346238
0.0214785
-0.0921509
-1.04753
-0.136275
0.0899396
0.663241
-0.234745
1.16559
-0.421689
5.90451
-0.558865
3.41412
0.216438
-0.0839116
0.70246
0.63573
-0.792102
0.820592
0.487782
-1.09325
-0.255885
-23.1688
0.9344
-0.197138
0.752132
77.6099
-2.29158
-0.726583
-6.74917
-0.305337
2.38868
40.5503
2.9827
-0.382887
-2.17656
-0.353954
-0.439266
2.18197
1.74906
-0.0650942
-1.26841
-0.534683
-0.949922
11.0167
0.17093
11.4264
1.7605
-0.753923
0.0823261
-3.66579
-0.115235
0.137019
0.691276
0.151858
1.02569
-1.39741
-0.720308
0.849032
-14.7268
2.15674
-0.832571
13.3815
-0.361642
4.49703
2.51248
1.09078
-0.622661
-2.83036
0.0761175
2.69812
3.38565
74.4877
-12.2931
-2.02316
-0.466209
-6.31757
0.160063
0.590826
-1.62328
7.88355
-0.468148
1.11734
1.26391
-0.267422
-1.69151
0.425302
0.79571
8.02471
0.12418
3.74493
0.0624475
1.0614
-1.3367
-0.668576
-0.598585
-1.22743
-0.480115
2.97903
0.882012
1.01965
-0.140785
3.47078
0.147119
0.485421
4.45691
-1.69269
-2.01071
-3.65214
1.68112
1.05812
1.00708
-0.287647
-0.583313
-1.07564
1.02506
-0.578072
1.82051
-3.9276
-0.0210335
36.0945
-18.2167
-0.217947
1.85275
0.000877561
0.805557
3.64942
0.516996
0.409926
-0.482761
0.0992228
-0.261111
0.105841
-0.824346
2.27413
1.86542
0.0240195
0.821383
4.09453
1.13874
2.28167
2.24173
-0.52729
0.54041
1.9369
-0.508278
-2.18843
-1.02551
3.29787
0.844132
0.999171
-0.157963
0.629286
-0.240467
-0.446069
-0.0576071
-0.000395669
-0.557296
2.61099
-0.58134
-1.07972
2.97867
-1.17405
-0.115815
0.833485
-0.741322
-5.80369
1.46744
2.6783
-6.90436
0.152125
1.71936
-0.13068
1.55258
1.32181
-3.29042
-0.558816
2.78609
-1.86681
-1.47733
0.41444
-14.1644
0.565199
0.891061
-1.15696
-1.2654
0.344528
-0.540131
-6.18818
-0.77101
-2.91111
-0.180128
4.76038
-5.66406
-0.715527
-0.656972
-1.31878
-0.517036
0.826564
0.025605
-8.32722
0.590668
0.257992
0.633265
-0.021972
-1.46108
0.278598
0.629875
-0.604951
1.49879
0.73791
0.731541
-1.59434
0.0258614
-7.28945
-3.22799
-1.48669
1.03938
-0.321592
-1.50081
10.0613
3.25676
-0.262665
3.39027
1.70833
-7.38493
3.96936
-0.523169
1.14506
4.85238
3.08316
0.279333
-0.331554
0.439956
-0.321884
7.24296
-0.13824
3.63089
0.309837
6.03685
0.687934
3.45636
0.435349
-0.260923
-1.60183
9.81523
1.96682
-0.358736
-0.451112
-0.369876
7.24462
0.60307
0.558886
-3.27248
-0.301265
-0.861167
2.08607
-0.750942
0.934463
13.1693
-0.469903
0.419471
0.426355
1.72683
1.5839
2.16245
0.334992
-0.638654
-3.08816
0.381053
-0.819551
0.326234
-0.380199
1.11475
-0.187085
44.2337
-1.2172
0.653656
-2.23053
30.2685
1.47031
1.10763
6.40488
-0.487579
0.654583
-0.254062
-0.471242
-2.14535
0.796215
0.53797
0.348309
-0.77698
-0.142931
0.455223
0.397245
-12.8019
-0.346091
-17.108
-0.0710176
0.049573
-2.38363
1.66238
0.691552
3.86146
-0.247597
-0.443919
0.913627
-0.77884
-0.984554
1.23822
0.810851
0.0124038
6.04137
-41.9454
11.8156
-4.26203
-0.114336
4.57649
105.421
-0.0108993
-1.91405
0.601519
-0.275586
0.0211305
-1.16136
2.6863
1.90057
-1.93711
-5.94909
8.85141
-0.00546631
0.26439
1.18834
-0.746804
0.0717778
1.32553
0.817626
-0.596964
1.28217
1.84748
-2.38749
0.695631
-0.974443
1.34395
0.890821
-1.24155
-0.498113
0.910743
-0.146153
-0.229265
0.289193
-4.13088
0.0554627
0.92838
0.284603
0.323762
3.47786
-134.317
-1.78863
-0.367076
-0.968585
-0.57514
0.889995
-0.323084
0.772515
2.79378
0.794017
2.35147
1.99029
-0.660821
11.5574
1.18334
-0.249572
15.8624
-0.563065
-0.321986
-1.95884
0.029849
0.553807
-1.66314
-0.60879
-0.731098
-0.245147
11.0071
3.01726
0.642747
-0.0623846
-1.24563
0.252467
0.192446
-3.51155
0.221221
-0.485837
0.072274
-4.75884
4.19592
-0.725045
0.300491
-0.236641
0.200506
-0.849288
19.7061
0.76393
-0.723904
-1.80684
1.26596
0.443004
0.410057
-0.0541483
-7.51982
0.0100544
1.12883
-1.04208
0.470011
1.30825
1.5142
4.47816
2.46904
3.88579
0.823833
-0.279184
0.217335
3.79241
-0.175879
-2.09551
0.269288
-0.203325
2.7193
0.557526
2.1122
1.39351
-0.0371066
-0.259405
-0.202905
0.0207842
-0.42098
0.0134976
-1.19965
-5.12312
3.25869
-0.141314
-0.386244
3.16177
26.998
0.252857
-0.213102
12.6449
-1.17354
0.438155
0.970468
-0.0451007
2.459
-2.09257
0.640856
0.740112
-5.74969
0.281146
0.70116
14.4338
8.17187
0.261397
0.0253591
0.705812
-0.759026
2.52413
0.719877
0.191032
0.449332
0.660024
-0.123187
-26.377
0.775899
-0.49964
-0.468316
0.0539502
0.16036
2.11803
-5.52155
0.159202
0.51761
0.806896
1.44342
-0.25936
-0.351945
6.01318
0.453067
2.23584
0.819475
-0.678369
0.305933
-12.363
-0.0700291
-0.182425
-2.78969
0.632927
-5.58656
-1.29047
-0.225547
0.437249
0.743861
-1.06712
-3.66249
0.526166
0.689398
-0.223158
1.69299
0.636037
-3.95366
-1.00343
0.440012
-0.56248
23.0483
0.333819
0.501104
-4.01314
-12.4682
5.34785
4.84523
0.706983
2.37164
-0.00191576
-0.590613
0.0665716
0.6161
0.812963
-0.308771
0.25496
-0.0203552
0.0817156
-1.12349
6.90294
1.06458
-1.37566
8.431
-0.49616
-0.553342
-0.188594
0.813586
-2.85142
-0.442873
-1.40429
-2.3798
0.526157
0.090947
0.439108
0.238979
-0.428842
-0.205125
1.45584
-0.9241
1.14131
0.340392
5.44746
1.49708
0.967331
0.0335816
-2.77957
0.180246
0.697406
-0.950348
-0.991369
2.10057
2.55326
-3.29721
-1.54993
-3.28081
2.33353
1.00417
-0.318522
-7.48075
-0.463138
-2.17045
0.328395
-4.22438
0.00779728
2.19889
3.84163
-0.0527567
-2.26215
-0.554802
1.13944
0.33322
0.66223
6.90752
1.13251
-0.32226
0.0893653
1.40097
-2.75761
24.8793
-0.532571
-0.41838
-1.18312
14.3336
-1.59554
-0.0673137
-0.161486
-6.98792
0.0206147
1.06811
-1.70614
5.27056
-0.629619
-0.967923
-0.292853
0.747056
-3.79516
-0.522741
-2.23278
1.53354
-8.95032
0.569015
18.9635
-1.92821
-0.0167573
-4.93824
-2.08473
0.429948
-1.43502
0.138346
-1.06958
-0.949981
0.506195
0.344862
-0.370614
1.06274
-8.02884
0.881384
-0.837272
-1.30546
0.356342
0.708041
-5.2689
-1.1335
0.2342
2.44088
1.08515
-0.940464
-0.71166
-1.41378
1.64309
-2.46233
0.999813
4.05551
1.32312
0.939713
-1.15706
2.13058
0.663957
0.262587
1.2202
-4.69627
-2.09765
2.81527
0.507046
0.661813
4.07329
-6.93327
-1.07668
-0.219951
-2.73751
1.29277
0.828681
-4.06275
-5.57124
-0.719277
4.21542
-1.07887
15.3852
0.1241
-2.17759
-0.191598
1.28747
4.58876
-0.0470647
1.37234
5.3319
-0.671395
-0.0571574
-10.0514
-0.980063
-0.306563
0.919605
-0.615457
0.381222
-1.41248
-0.144217
0.959204
0.13474
0.639113
-2.12857
0.666378
4.05463
-27.1472
4.32693
0.510967
1.81376
-0.652705
10.9647
1.22888
7.42285
-1.61488
-0.197526
0.0132648
0.606236
1.87204
6.74001
-1.2295
3.23084
-5.34038
0.0552153
-0.314959
1.16105
0.407281
-0.292321
1.35459
0.567806
1.28745
-1.14583
0.561024
4.52223
1.2149
0.801363
-14.1775
0.0869471
1.34651
1.6021
0.371036
-0.26092
1.61497
0.403453
30.344
0.829147
1.49928
0.421484
0.0788515
0.900578
-0.129887
1.4005
-0.567712
0.325907
0.115931
0.340289
-0.476229
-0.395113
1.09661
-1.07758
-2.72926
-2.83401
-1.20961
-31.0742
2.08252
0.823024
-2.67403
0.00530912
-0.765286
-0.755437
-0.160702
-0.721152
1.08043
-0.388388
0.616495
2.99585
0.0442658
4.09191
0.137671
0.765165
0.956772
2.1307
-3.77532
2.37595
28.2363
1.56833
2.62608
-2.94889
12.9434
3.35007
-0.593129
-0.536205
0.0965514
1.21344
1.25308
0.151767
-0.0369998
-2.56996
-0.0121741
1.26182
0.8963
0.290409
3.51043
-5.18606
6.08059
0.0695755
2.69446
0.836124
-21.6431
-2.64271
-2.71039
0.244491
0.386136
3.80111
2.01079
-0.359307
0.599039
-2.43052
1.8198
-0.0598805
1.0142
0.798985
0.780353
-0.578984
0.0569638
-2.96298
-0.169985
2.12473
-0.324607
0.144823
4.07561
272.299
-7.4494
-1.55405
1.48226
-3.12193
-0.718815
0.540367
1.15344
1.45371
1.09816
1.46047
1.25937
0.575083
0.942514
-0.506718
-2.53874
1.55613
-1.31284
1.5152
1.93534
1.05815
0.339746
3.17618
-0.828913
4.2917
0.778517
0.544425
7.79016
-3.16566
0.454978
-4.05352
1.11382
0.226146
-0.952393
-7.26235
1.76049
1.42176
1.38939
-1.24383
0.330253
-3.94561
-3.93632
-6.22928
-0.250718
0.0521623
-4.09081
-4.9373
-0.383559
-26.4274
-0.335137
-0.690852
-4.06208
-0.306498
1.19875
3.51717
0.747441
-0.783049
1.60378
2.17527
0.0344288
4.23938
0.537516
-0.482823
-0.0887395
-3.40888
0.968037
-0.873879
-0.941546
-34.1577
20.5957
-0.141021
-0.623269
0.00173753
-3.00453
1.11623
-0.299732
-14.4515
0.753981
-0.570905
0.527089
-0.403411
3.29532
-0.426994
-6.90378
-0.704743
-1.20812
0.315737
-0.985026
-1.72481
1.56206
75.4593
-1.94309
-4.71167
0.49436
1.77894
0.563136
-0.670022
-4.27709
0.203662
0.847269
-0.713828
0.8879
13.9315
0.527684
1.46857
-9.37759
0.520122
-3.09646
0.664676
-1.16868
0.255392
0.650369
-5.80678
0.132139
-4.99219
-0.614234
-0.308496
-6.67136
-0.984797
-0.117717
-2.23509
-0.0199589
4.69628
-0.0966007
-0.63295
-0.0168817
-1.71517
4.38673
5.63805
-1.09606
1.20093
0.807404
0.0417343
-0.205874
0.0885894
-0.776911
-0.0759195
-1.65326
0.31107
-2.36809
1.38048
0.493079
-0.578985
-0.185649
-0.207773
-0.231679
-1.01258
-0.260057
0.0310905
0.806137
8.9519
-2.72409
1.04501
-2.90327
1.98648
-3.57316
0.835131
7.46799
0.567657
-1.89246
1.01041
-0.553855
-0.747099
0.746282
-3.06121
1.00196
-0.412262
0.247825
-0.297106
-0.310553
9.24485
0.740544
4.50429
2.25402
1.10454
-0.165238
19.9285
0.186032
-0.0999161
-4.10571
-2.13945
-0.179454
4.47248
2.544
2.12903
43.5915
-1.28671
-4.66513
-10.6004
0.232034
8.36502
1.23692
2.53896
1.88885
-4.85758
-2.70702
0.0553766
0.876624
0.235422
2.10691
1.10888
-0.231926
1.35434
-0.929886
-17.7836
64.1628
-4.34721
0.597334
406.167
4.62254
1.15468
0.351602
0.455982
0.816468
-1.50617
-0.0974936
2.32039
0.781551
-1.79689
-0.111415
-0.375396
0.651413
0.536678
-0.734018
1.07749
1.64562
-0.0313942
0.910328
0.555128
-0.374575
-0.0376752
0.572546
-2.82159
0.65107
-5.31818
-0.55411
-1.60516
-0.439604
3.07893
-2.92182
0.346168
-2.2183
-0.140078
0.670368
-0.677488
24.0111
-0.568997
-0.046334
1.53805
1.01973
0.104393
-3.64724
-5.6823
0.192347
-0.858584
0.994307
1.71818
0.65451
0.438231
0.924736
2.05138
-0.428846
-4.51693
-0.113706
0.503394
-0.800797
-0.518714
-0.11778
-0.569987
-0.11982
0.987702
-0.874018
0.320313
0.94247
-1.0116
0.167256
0.0767717
-1.50239
2.296
3.01991
-0.140976
-0.695132
16.358
0.00221281
4.41421
1.89723
-0.497206
-0.00861471
45.5359
0.670869
-0.770425
1.18732
1.10426
-0.00442948
-1.08234
-1.1887
0.496232
4.91815
2.04557
-2.15653
-0.855644
0.991201
-0.384749
0.408592
4.99659
0.0839628
0.104958
0.600968
-3.65325
-12.7185
52.194
2.07197
0.710182
0.215761
0.328969
-0.786905
0.639395
4.59919
5.88012
0.669978
-0.580521
-0.417212
7.63202
0.213509
-1.47931
-0.202885
0.824951
3.53063
-1.5797
-1.43037
-0.735791
-0.592083
-0.00584736
-0.258449
3.83473
0.360816
10.2805
-1.13125
-0.210907
-1.18673
44.5612
-0.884903
-0.0513061
0.353127
-1.53654
0.0259128
0.355912
-0.382107
-0.848005
0.296769
-1.14503
-1.41233
0.169792
0.0581889
-2.59825
-0.029642
-17.7186
0.234901
-1.70668
-0.456218
-1.51157
2.94751
0.722761
-0.607523
1.0059
-0.168726
0.910321
-0.896759
1.01089
-0.426313
-0.780755
-0.900896
-0.340758
-7.44191
-0.875111
-0.0973189
0.938793
0.585703
0.177268
-6.99716
0.0163451
29.9717
-26.8656
-0.886793
0.102296
2.91431
0.741189
-1.15471
-0.897732
4.88474
-0.150895
-3.89993
-3.10495
-0.129147
0.0249884
0.085814
0.0789704
1.28009
-0.582168
1.02517
2.31263
4.30216
-4.84579
9.75143
-0.142543
0.44492
2.28879
-1.14057
-0.804568
0.811306
-0.456313
1.16578
-0.111531
-1.06766
0.851799
-0.888553
0.00602367
5.27008
2.03948
-1.51262
-6.13432
-0.569259
-0.702956
-0.692257
-0.957522
-0.677193
0.077076
-0.8223
0.916098
-3.53898
-0.133567
-1.45026
-42.6522
0.731004
2.22034
1.21967
-0.0129222
0.987752
-0.0839738
1.32919
-1.49531
-11.8473
-1.36081
-1.2109
-4.52331
0.0643783
-0.427708
-0.213534
3.83504
-1.55335
1.30035
0.201141
-0.911995
0.722509
-10.5901
1.64862
1.76771
3.06061
-0.304981
-0.270365
23.2688
5.50065
0.0249339
3.24211
0.177822
1.63907
0.0944077
-1.68395
-1.70577
-0.89274
-0.0409372
-0.396126
-2.29987
3.92891
-0.0973754
0.556006
-0.330144
-0.994496
-1.14574
-1.99482
-1.11622
0.534598
0.492103
0.434597
0.634864
-1.4198
-0.122485
13.6363
-1.57657
-1.70917
0.151712
-2.05442
1.38445
-0.21243
-4.2129
-0.351446
-1.3415
3.96701
-0.240005
-4.15615
-0.355767
-2.65749
0.186411
0.168019
-1.98205
0.135154
4.7641
0.586368
1.12322
0.369079
-0.71873
-1.60898
1.03414
-4.56425
-0.0675535
-1.87434
0.556554
-0.416403
-0.948042
-1.0714
1.41508
5.23938
0.0339638
-1.45205
-0.914905
-2.69489
-0.423285
0.0502363
0.664561
-0.294314
1.11809
10.0577
0.305352
2.69658
-0.00534436
0.739695
2.70927
-0.420618
0.257974
0.00266149
-0.326316
0.42976
3.6155
0.12055
-0.746918
0.276314
-1.15814
-1.05741
-1.22014
1.97845
-0.290934
0.0848869
-0.344978
-0.655879
-1.54587
1.33609
-27.7523
0.50176
13.9683
-1.23201
0.198737
-0.347926
2.47261
9.44306
-0.0491772
3.90548
1.20003
-0.953344
-0.159514
1.84823
-2.37208
-0.347405
3.66625
-1.09253
-0.0923884
-1.36134
-1.29675
355.71
-0.92014
-1.5679
-155.551
-9.36203
-4.6047
-0.0480297
-0.108637
0.324103
-2.26143
18.6612
30.6798
-0.534919
-0.0495548
0.994098
0.0935141
-1.36952
1.5985
5.08793
-1.68239
0.671144
1.71674
0.749079
3.13453
-1.35307
-2.97547
0.127016
1.55567
1.56927
1.55798
-0.199588
-0.884974
0.864538
-0.180688
6.32209
4.58285
59.4526
1.30945
-0.0516659
-0.0680419
2.34793
27.2784
9.85004
-0.253126
4.00181
-5.85451
-1.19824
-2.64747
-0.14369
-1.25766
6.91646
-0.366617
0.670029
0.21165
0.206292
-1.77442
-0.295393
-0.234438
-3.82401
-0.292376
-0.693684
3.93177
0.872209
26.1159
0.811615
0.382251
0.244348
-0.23551
-1.32377
0.961383
-0.537649
-6.93575
-14.6351
-3.13784
0.735059
1.09404
0.734905
-4.08337
73.1656
1.9438
0.649032
6.50957
-0.979682
-4.76802
0.429221
-2.76393
4.54506
-0.42823
-0.189345
3.75344
-7.70936
4.88177
-0.225954
-1.79949
-1.37709
-24.9628
-1.56324
1.19917
-0.0641991
0.627128
3.1852
-0.0252989
-0.547445
-0.77418
-5.51095
1.93497
0.579157
6.0155
4.77183
0.648429
-1.20468
-4.33577
1.52466
-2.32417
-18.4698
0.839515
-2.08744
0.258222
-1.92748
2.69295
0.0466961
-1.40451
2.75916
0.937114
-1.48144
-72.0949
-0.14047
-2.15223
-1.57005
-8.68055
-1.0889
3.79513
1.35911
4.5598
-0.443235
0.0835567
-6.39501
-1.11689
1.7422
2.30881
-1.00188
0.700687
-1.35604
0.0813943
2.40196
0.142443
8.38795
-1.99451
-0.16255
3.2439
0.275786
-1.55489
-0.0221992
0.230176
-0.674475
-1.45972
0.349019
0.614729
-0.835263
-0.233217
2.3115
1.35069
-1.73522
2.64043
-2.73514
0.252677
10.3906
24.0003
-0.442109
-6.82656
-0.92068
2.27462
-0.203174
-0.307277
-1.51381
0.242778
9.41138
1.94851
-9.09064
0.752488
-0.535941
-1.86078
-1.2983
0.640505
0.736533
-0.356184
-1.16032
0.0617018
-3.28779
-0.848643
-0.744127
-1.11017
0.533548
0.967922
3.33813
-0.27375
0.331734
0.802246
-0.23269
0.408614
-0.120698
-1.94215
-1.89818
-0.391338
-0.177493
-3.69944
-6.74592
3.66073
-1.76529
0.833151
0.181642
0.295089
0.935191
0.473668
0.324045
-0.637228
0.842582
-0.621864
0.923944
-0.960732
1.47577
29.5049
-0.306262
-2.41177
1.43322
3.31292
100.27
6.03835
1.98659
-2.6649
0.31064
2.22837
-0.976722
-3.24837
-0.214078
-4.45697
-1.67341
0.987701
1.71287
-1.03087
-1.3884
-1.81905
1.32949
0.642534
-1.59474
-2.11425
2.63158
-4.19262
0.388638
1.18297
1.11588
-2.02665
0.695029
8.76894
2.15564
0.60748
-1.01031
-0.216437
-25.3794
-0.332149
0.6114
-1.24531
-0.871339
0.617488
-29.33
-2.42514
-2.06025
-0.336311
0.343894
-325.684
-1.78177
-0.910192
-1.65783
-0.276582
-1.51541
1.98108
1.84488
0.821623
0.449594
1.62519
-1.41414
-6.20689
1.93156
0.244897
-2.97887
-3.1358
1.87297
0.747954
-0.399006
-4.82753
-2.04798
-2.72714
-26.7693
0.838386
1.21537
1.04464
0.25984
1.23932
1.65623
-2.91588
4.82085
-2.45537
0.0873378
-0.0793428
-0.550765
-0.481691
-0.26741
-1.71831
-0.769646
1.20439
-0.393401
-1.46997
0.705183
-1.18486
12.7859
1.11315
-21.4502
-1.93466
1.11147
-5.66451
2.56134
-0.340777
-0.312651
1.48468
0.0595029
2.61997
-2.08546
-0.0472045
1.52352
-4.4053
-0.391671
-0.713911
-0.421048
5.92593
0.0716478
-0.652162
-8.71296
1.4275
-0.663189
0.420962
11.9328
1.34953
-2.3093
0.733066
-13.8261
-0.086122
0.690808
2.62878
-2.11106
-0.259666
-58.4507
-1.23381
7.40347
-0.908105
-1.83621
-2.51248
-1.89379
0.673207
-1.1114
4.02515
-1.2017
-0.715847
2.06792
0.962127
-1.34548
-0.445666
-0.629002
1.13919
6.95148
-42.0472
18.0064
0.253359
1.00163
0.177964
-14.6919
1.8338
0.413251
-1.86755
1.11621
-1.13231
1.00583
0.827481
0.036221
1.374
6.28659
-1.39015
-6.51752
-0.0514152
0.560551
10.525
0.316809
-4.10587
0.100591
7.72565
0.791154
-23.2872
-0.72867
-6.44686
5.50002
-0.722065
0.11655
4.9224
2.18293
0.091319
0.31048
5.68089
-0.5046
3.78483
1.85306
35.0182
-0.467667
0.398871
0.196784
1.77744
-2.42591
-7.82114
2.53257
-9.18133
1.87614
0.205914
-1.81157
0.248666
0.838621
0.134689
0.405926
141.031
-0.383829
0.085217
0.673159
-1.05297
-4.07816
-0.442117
-0.304782
5.25154
-5.98943
-5.21743
-10.3923
-0.416024
-3.04783
-0.61237
0.0352472
3.39881
-0.000295483
3.49348
-0.829984
-0.52108
-0.652217
2.43482
-4.94444
-1.28977
-1.5336
-1.05365
1.01761
-1.58901
-0.790809
5.71921
-3.09323
-3.60318
12.3857
-1.38027
7.32529
-0.945077
0.244133
1.27149
0.11676
-0.817847
-3.22821
14.4724
-0.166098
0.238933
-1.70626
0.946324
-0.212828
-1.26048
-4.50827
3.93302
5.00751
-0.0855249
-1.87956
-3.43601
0.633749
0.826629
-0.0713852
-19.565
10.4897
-0.369806
-3.54642
2.27671
17.5339
-1.39735
-1.94379
-5.01516
-1.14314
-0.583253
0.661084
-0.879228
-2.06443
-3.03449
-1.28802
-0.347765
0.251897
0.564012
-0.353354
-1.60836
0.690651
-0.341862
3.08001
-0.51966
-12.1272
1.7269
0.433481
-0.504271
-4.31563
-1.36621
-0.276982
-0.14714
-0.227761
-0.0583549
-0.414275
-4.11886
-0.196738
-0.137377
1.31667
-3.42744
10.5848
-7.73414
2.95395
0.262988
4.09526
-1.6254
-5.17193
-0.162604
-0.2266
-3.82888
-0.28053
0.625205
2.37799
0.716806
0.243734
0.566842
-1.25347
-1.20894
0.237096
0.00140259
0.80657
0.025114
0.805003
0.747465
-2.26935
121.281
-1.12576
-0.410104
-0.84291
-0.262767
0.127519
-0.347174
-0.828087
0.513204
-0.117665
-1.2743
0.274054
-0.0515167
-0.288063
2.67807
-1.87926
-0.341856
-1.52619
-0.211153
1.55387
0.631655
-1.30232
-4.53707
-0.617078
12.1252
-0.937255
-1.25915
0.377246
-1.51433
-120.03
5.33513
-0.494545
-0.78308
-6.45954
-0.0883044
-0.921572
0.515337
-9.42839
-1.3874
0.18952
-0.164132
-1.5404
-4.26969
2.36498
-0.180795
1.55809
-0.627771
-1.82358
1.71451
7.13235
13.677
-1.20702
0.146196
-0.279617
0.333613
1.04557
2.46564
-1.04907
-2.23449
-25.3232
-0.658409
0.832751
1.5352
1.59974
1.09471
-0.253911
-5.12397
-2.015
2.36064
0.632862
1.90795
2.86127
-1.02684
-0.0183013
0.323485
0.00228935
0.00386638
-0.937117
-6.2796
-0.899528
-2.09555
-0.367553
1.4808
0.752992
0.371604
0.0906719
1.12089
18.4829
-0.283009
-0.0496934
0.0243042
2.30919
-12.1278
0.19291
7.44944
1.37652
-0.0352409
15.1552
0.965193
-0.830942
-0.93372
0.497694
-0.0403029
7.28003
-7.02511
1.65042
0.879643
0.253192
0.430775
-0.298283
0.0716615
-0.4478
0.7329
2.30953
-4.13641
-11.9226
-1.59911
0.691248
-9.58252
2.22611
1.82608
-0.588527
0.0350309
11.6297
1.24614
23.7078
-0.444085
-1.49519
0.392533
-0.318097
-1.2544
35.8402
1.00619
1.71521
-0.0920045
0.692705
0.520356
2.20861
0.819473
-0.364075
0.237821
1.52135
6.12649
-0.0865165
-6.34272
-4.36157
1.05085
-0.683911
-2.11391
3.15519
-0.104118
-0.163147
-285.611
14.9433
0.452422
0.781651
-3.41253
-1.50839
-0.585776
-9.22482
-2.49267
0.0301627
0.347162
0.324017
2.89278
-1.20591
0.216458
-0.833402
0.643854
5.46727
0.204423
11.4635
6.00943
25.7221
-1.62241
-0.601022
-0.208385
2.06006
-1.0609
3.27797
-728.224
-78.4988
5.95312
0.0290187
4.05336
-1.66617
0.232992
-3.58029
2.20289
-0.401009
0.39508
1.44101
-1.76311
2.40102
4.08394
-5.13166
-0.321314
0.806546
-1.00093
-1.47211
17.1649
-0.499537
2.5732
1.28994
0.0111639
-0.162279
0.104227
1.31806
-2.27452
-1.01482
-2.35704
1.46821
-1.95924
-0.0746407
-0.00315602
2.79779
0.795653
-0.736892
0.910557
2.31756
0.512523
-0.00600148
-2.78707
10.1688
-1.1252
-4.238
2.35947
0.118708
-1.44142
17.3937
1.96735
1.07669
-4.25147
-0.410475
0.491175
4.2188
2.24956
-0.840564
-0.559157
-0.457384
-0.298861
-4.14443
-1.58459
0.318494
-1.59828
29.7127
0.0226914
2.43981
-1.38249
-0.974258
-5.67098
-7.97785
-2.24351
1.97832
1.32061
-1.40295
0.739238
-65.4767
13.317
-0.148215
0.720328
0.999062
-1.89424
1.36278
1.7133
2.11618
-1.03514
-3.3576
1.2587
-0.227161
-0.71092
-0.791771
-0.0689584
-1.48801
-0.198995
-0.301703
0.337409
-5.59798
0.193621
0.087856
-0.670833
-2.76211
-0.500747
4.69629
1.27855
-2.60764
-9.68095
-0.637757
-1.81009
7.25563
-1.90249
1.81726
-1.1241
-1.78032
0.143534
20.1519
1.07441
0.776393
-1.53192
6.63779
-1.0331
0.753396
16.7778
-0.982108
-2.48445
-14.87
1.13577
13.7963
-0.693842
0.762371
-1.75781
0.217576
1.18681
1.08122
-0.121006
1.21931
-22.5472
-0.689318
-0.0571554
-0.401305
-2.83201
-6.89822
72.4728
0.395632
-0.0433177
0.621548
0.969505
-2.43686
4.34365
-1.46746
0.385297
-0.158431
0.418452
-3.38502
-0.680575
2.93644
0.232942
-7.55291
2.92028
-0.489713
-14.663
-0.0367078
-0.614436
-2.27519
-0.71285
-0.373943
-3.56747
0.826715
-0.475487
-2.06437
0.478051
-3.00561
1.60831
2.62898
0.0207493
0.388984
0.275314
0.665922
-2.79765
0.243677
-0.13415
0.659587
0.871512
0.437339
3.46893
-2.53637
0.774037
-0.0803433
1.612
-0.328243
-0.558068
-0.30106
-26.7364
0.914637
-3.20452
-0.491391
-1.47282
-0.119077
4.12188
1.73596
-2.66311
-385.609
-2.30364
0.816111
1.18901
-1.06548
-2.33861
1.97056
1.32082
0.799373
2.56843
-0.671533
11.4407
-4.61921
-1.15082
12.042
-0.551785
1.35546
3.96271
4.14822
-1.07788
-0.147915
0.665566
-0.56239
2.57184
0.211252
0.158182
-7.13394
1.32078
-0.543943
-0.660971
-0.521574
0.147816
-0.566867
0.789757
1.75598
1.02439
1.35022
-1.44615
1.01971
-40.5245
-0.391524
1.1286
0.134941
-2.14932
0.744117
-0.99576
0.711789
7.60392
-8.04874
0.551301
0.836394
-0.0188656
-1.14644
-0.968569
-0.968451
1.30795
0.0104183
1.23833
0.858063
0.39207
2.12236
10.243
0.191281
-0.556575
0.542221
-2.42778
70.3079
4.86248
-0.878785
18.5627
1.78733
0.0296074
-0.865974
-2.2816
0.048709
-5.69111
-0.454418
-0.321498
-1.82555
6.00971
-1.53629
0.2126
0.872466
0.227853
-0.0514575
-77.0922
-0.282047
-8.82503
-0.54966
1.60162
-0.113335
0.142528
0.664641
0.350869
0.974026
-0.867301
1.867
-1.29888
1.78313
-0.442972
0.295959
-0.80814
-1.74824
-0.958483
3.36134
-6.77318
-0.269358
1.57728
4.92849
0.382252
1.87555
-1.04486
0.13888
5.49341
-1.17259
-0.62009
-1.90075
-0.840972
-0.178832
-0.495228
-1.2507
1.78056
-2.6843
0.539819
-0.644761
-0.452839
-1.6683
-0.303233
-0.96508
-1.51408
0.0269198
-4.39425
-0.809001
0.242249
1.17206
-0.68512
1.59965
-0.0887642
-17.971
-1.39837
13.1907
-0.792296
1.58677
-2.60084
0.605286
-3.76052
-1.15262
1.39455
0.692802
-0.96394
-1.96128
-0.655481
-0.516196
0.204506
-0.409013
0.0981071
-2.90185
0.713407
-0.356382
-2.95289
0.929334
1.41028
3.67442
-0.312653
-3.79776
-0.68062
15.7934
3.76294
18.2477
0.0202554
16.5016
0.397973
7.11395
27.788
-1.51317
1.17709
0.877148
0.200852
3.27371
-0.267417
0.53342
-0.158718
1.20929
-0.157013
1.06247
-0.508604
-0.524143
2.42352
0.00175774
4.27179
0.0853509
0.351788
0.115273
-2.07018
0.315797
-0.0978239
-0.222037
1.52868
1.50016
2.75841
0.165681
2.79597
-0.726395
0.961231
0.77248
-1.14303
0.725874
-1.53357
-2.15197
1.45809
-1.69593
-0.0444264
2.78689
-2.91758
-0.181309
1.96084
-0.23243
-0.418405
-0.0138475
0.543651
-0.176717
0.171752
2.08732
0.425403
-1.54566
0.434466
-6.10569
-0.258813
-0.56658
-0.207585
0.593489
-7.19111
0.218894
0.639514
-0.230626
-0.75498
-3.95135
-2.6423
1.38102
-4.39497
-0.198298
2.81925
-0.409365
2.35427
0.384609
0.241512
-9.34759
2.02284
-0.352287
-0.323233
-1.61507
5.03252
0.542175
-1.99199
0.720877
0.0675787
-0.371325
-1.87067
-1.06996
-0.827229
-10.0642
7.80616
-0.0938823
2.46658
15.1479
-3.07456
17.9799
1.46361
-0.661545
-2.4307
-0.126967
6.28045
1.04973
1.05065
1.41735
0.572366
-0.569965
0.20083
-1.44222
3.22234
0.66738
0.691524
0.343852
-0.489641
2.53064
-6.19345
0.282706
0.217819
-0.353298
-0.776228
1.68193
-4.44397
-8.19039
-1.05786
-0.0938473
-1.06338
-2.60044
-1.17702
-1.61142
0.80913
0.213141
-0.428113
-0.329272
0.0158405
0.094071
-0.750511
16.2369
1.87863
-0.370487
-0.0250216
-0.200336
-0.91164
-0.694189
0.28552
0.201648
1.2383
0.063309
-0.910611
1.88587
1.03928
-0.305414
1.40519
-0.612228
-5.35158
-2.03483
-0.619108
16.7151
0.154568
8.04216
0.262254
1.62661
0.625752
0.0320932
3.56203
-0.00968719
-0.0823515
0.0348658
-41.5253
-4.12274
-0.692116
-4.88036
-2.4466
0.109186
3.35678
0.123745
1.33705
-0.525068
-0.427027
-0.707163
0.141732
2.93887
0.623328
-0.636844
0.0122458
-0.200845
-0.163485
-76.2838
1.22723
-0.482959
2.20073
-4.11806
-0.622379
0.441244
-0.28331
-0.403543
1.33034
-3.77965
1.5431
-0.0459742
-0.293512
0.704875
-4.73273
0.0956242
-5.9946
-0.134062
1.2715
0.310125
-0.778755
-0.200568
-1.15421
-5.70086
0.379263
-0.258752
0.674879
0.415885
-0.877086
4.9115
0.445442
1.50386
252.738
-0.261236
-0.133908
1.32556
-2.04709
-58.2582
0.0251145
0.376989
1.39943
1.32912
-2.08271
-195.066
-0.722052
-0.49078
0.723486
-2.12411
-1.17938
0.114389
-4.91581
0.0654388
0.31772
21.2143
0.098925
0.152982
-0.101316
-0.48645
-1.06296
0.80544
-0.298863
1.32717
-0.990013
9.39376
-0.449577
2.31496
0.869478
-3.23687
0.214751
0.428361
29.835
0.451794
-0.89037
1.12345
-3.49352
-1.33084
0.049837
-5.11152
-0.24663
0.509422
-0.565168
-9.18846
-0.760601
-2.9656
3.48178
0.445547
-3.16077
0.0809291
-2.84587
0.379885
2.72659
-0.109129
2.22499
-1.05719
-0.295531
3.10084
2.68184
0.443412
2.33021
0.0204686
0.15058
-0.179217
-0.666916
0.00445944
-2.81582
-0.401643
-3.37768
39.1644
1.03689
0.945138
0.110722
-0.103653
-1.29361
0.834329
-5.32944
26.2715
-0.385602
1.28107
-1.15552
3.17898
-70.2842
0.535957
-5.11017
-0.951258
-0.130673
0.654698
1.25782
0.349686
-1.58544
0.903919
-0.172375
-0.171949
2.30415
0.606241
-6.84137
-3.17374
0.430037
-0.774368
0.174755
2.13473
2.28789
2.97006
-2.92811
0.598943
2.72103
1.26294
0.243365
-1.48557
18.0948
-0.908162
0.381508
1.50612
-2.42943
-4.34922
1.06912
0.602399
6.27545
-6.80051
0.300331
1.17855
-0.069962
11.6754
0.154778
0.353236
-0.248176
-0.983106
-0.444481
3.43791
-0.0462374
-0.25078
0.952082
-1.3347
-0.686457
56.9615
-1.05741
-0.455393
0.359011
-0.746965
0.376768
1.28993
-0.905645
-11.8061
41.4466
0.204161
-0.573998
1.05708
1.0044
6.6463
-0.0981734
0.732512
1.93582
-0.417503
0.511943
1.64563
0.897382
1.05555
0.228728
1.57324
-3.60357
-0.0271304
-0.882587
-0.286994
-0.499891
3.75987
0.884536
-4.63532
1.99714
-0.371235
-0.203323
-6.33871
-9.13427
1.14081
0.38673
0.150549
1.07135
-0.735797
2.19984
-0.471078
-0.211895
0.207111
-0.608735
0.52598
-1.72105
-0.113915
0.497825
-7.61733
-0.167271
-0.774871
0.208208
-0.401443
1.21767
1.88915
-0.0391943
4.68367
2.74602
0.0526615
1.31372
-2.52122
0.408036
0.119303
-0.230687
1.03272
-0.0930872
-0.644358
-1.21406
-0.660205
-0.161076
-4.37228
0.2259
-0.472164
5.44341
12.739
-0.300499
-1.74813
2.34767
-1.61862
-1.14092
-2.12265
-7.33932
-1.25728
-0.507894
-13.8252
-1.48817
-1.44799
-19.6471
1.52411
-0.521712
0.508966
-37.1342
-1.07884
69.921
-1.20297
1.51089
1.85941
-0.38677
-16.0848
-0.95609
-1.18307
-2.55308
-0.33859
0.189888
-1.62634
-0.905415
0.128806
-0.482654
1.73057
-0.0726798
1.26211
-7.53827
6.85437
-0.792315
-1.4518
2.82313
0.195495
6.08441
-0.527582
-0.184499
-0.480968
0.810914
11.1149
1.52321
-1.18102
-0.541587
-1.24379
-2.63132
0.235684
-0.0812937
3.05294
-0.323332
12.4557
-0.528087
-1.3476
-2.06372
0.44379
-0.319458
2.33923
3.0295
-27.6631
-2.24435
5.73004
3.3387
-2.18175
-7.07783
-4.36529
8.44777
0.105339
1.39569
0.0484272
0.162283
-1.56133
-2.81183
-0.170745
-0.22628
-0.488112
0.927179
11.5251
-6.48895
-2.12068
-2.48902
109.192
1.98198
0.361502
-2.4437
0.430797
1.25531
-0.622216
-0.396146
-0.139563
0.643961
-0.194977
-1.09582
3.35489
-2.51483
0.400385
-8.27249
-7.61191
3.55012
6.81845
0.70835
-1.25234
-0.165286
-0.102746
0.520705
2.14597
1.20863
4.8863
0.251957
-0.528669
-237.786
-0.874983
-2.4474
0.743946
0.157196
-1.16647
3.80585
-0.115096
0.227243
0.691485
8.46015
-0.515063
-1.54432
2.70013
2.17783
-0.307859
2.03022
0.62411
0.340657
-0.123502
0.374464
-0.324867
3.20883
0.707068
-0.603551
-0.437437
-0.0226643
1.2085
0.150404
1.29532
0.0857659
1.42165
0.827503
0.0562672
7.43606
-1.61219
-1.55921
-0.21087
-1.64975
86.5011
-0.298053
1.08743
-0.331034
-2.58107
-1.89061
2.23419
-0.896066
1.81535
0.0153682
-0.273871
4.31521
-12.7618
-5.73298
-1.81831
0.398164
-0.489147
0.502889
0.193548
-0.2493
-3.99827
0.0607015
0.487292
0.847074
-0.425919
-1.52304
0.422187
-0.769748
1.06058
0.569989
9.69757
-0.483213
0.209949
5.42703
-0.58792
-0.275668
0.541564
0.301389
0.224688
0.992061
-1.71291
-1.40544
-1.06152
0.542311
-2.38576
-0.579382
2.52486
3.73958
6.4001
0.312173
0.315333
2.99469
-0.0938262
0.0681306
-0.326964
-1.17507
0.233256
0.36078
-0.398976
-0.72661
-1.00113
2.2999
4.48513
0.439701
0.639121
-0.355837
-1.07032
2.17585
1.4853
0.282219
0.0432775
0.214249
-0.33877
0.422912
1.14036
0.270304
0.14613
1.92057
-3.02269
1.03907
-47.2786
-0.103867
-1.88159
-2.0635
1.59513
2.493
1.74117
0.989966
0.962954
-1.08983
1.29975
1.54376
0.94806
-0.656565
-0.285846
0.0107726
-0.0596035
-0.531459
0.834665
1.04816
4.6957
-2.89377
-0.620727
-0.93375
-0.367695
-9.39874
-0.888967
-3.04351
-436.925
1.56777
-0.0744256
-0.0163301
-0.492037
-0.964489
1.50096
-0.0165992
-0.540209
-0.782542
-2.30938
0.901945
1.82513
0.390627
-1.86188
-2.79711
1.93943
1.61144
4.60822
-0.331652
34.7634
0.355909
1.08742
0.23237
0.117646
-0.625539
0.557461
9.61207
2.0068
-4.94241
0.140576
-0.608568
2.37323
0.658713
2.08004
-2.26998
1.8624
5.55494
0.82607
0.797665
1.8626
-0.489513
-0.212456
-0.14215
-1.6436
-0.736027
0.730798
-0.656035
0.448628
0.0682468
0.0460617
-0.607628
0.607194
2.62795
2.60762
3.10986
4.78365
0.711643
-5.66569
3.56862
-0.127108
-0.787116
-3.28884
1.4943
-1.37587
3.29893
-21.86
-0.58021
0.64391
-0.41279
0.322198
0.938189
-1.91468
-6.24558
-1.30012
-4.0422
-0.83234
-0.625971
0.507816
-0.110884
-0.500462
2.93166
0.652529
0.133255
0.147997
-8.39396
0.21876
-0.131764
1.24599
3.45969
2.27842
2.44484
-2.35064
-0.363612
-0.916954
-0.733761
1.56435
2.63446
1.0081
3.24738
1.97563
22.4387
0.296764
14.2543
0.33479
-5.73591
-0.0145069
0.786122
-0.565604
0.0252002
8.76396
-1.62264
29.778
1.87823
-1.57369
0.732404
-0.751445
-2.31299
-0.395119
1.02319
5.06686
-0.447734
-1.05674
1.58222
6.81872
-4.42559
-1.80919
2.0244
-63.8053
-5.15426
-44.6893
-1.10094
-14.714
1.41954
-1.37348
-3.24231
0.0772675
-0.381855
-1.48366
-0.997505
-0.360056
-0.463511
-0.887283
-4.6748
1.20981
0.689806
24.6721
-0.349115
-5.49335
-3.95001
0.981498
-1.35714
8.20533
3.56589
-0.6221
0.172473
-0.641452
-1.84373
1.17821
-0.497632
0.294482
-0.56484
-0.267065
1.16726
-0.83546
3.19639
-0.406343
-34.1512
-2.03123
0.918396
0.57338
-0.825821
-12.7738
0.556259
-0.522325
-1.58373
-0.239554
-1.21079
-0.518956
1.93952
-0.38647
1.37066
-0.905518
-0.865119
-0.177026
-1.53006
-1.51407
1.20523
-0.922726
-0.633712
-7.06014
1.27185
105.674
-1.18577
0.445432
0.27134
0.896006
-0.119511
-9.63273
-1.72855
3.51599
0.271594
-0.0819972
-0.771178
1.04714
1.6248
9.18268
0.889724
0.295056
0.382533
-0.251376
4.57734
-7.16315
52.1549
0.154928
0.892229
0.0852463
-1.10138
-0.720237
1.08491
0.164869
0.259159
0.752588
0.269612
-1.05674
0.361627
-0.397697
1.09638
0.479864
4.80288
-2.56662
0.142929
1.23623
-0.64905
-241.152
-0.802865
-0.545983
-0.964377
-2.98238
-1.19321
0.280386
-4.86963
-0.393272
0.318951
-6.95097
0.108264
-1.45707
0.166816
2.08222
0.507754
-11.2521
-1.19649
6.07501
1.23808
-0.485789
-0.614002
-1.26768
-1.56843
0.0803062
0.977468
318.726
-0.314951
-1.93969
0.704392
-0.912024
-0.990803
1.05438
-0.0606159
-3.02789
1.42133
-0.161991
1.2961
4.53948
3.74589
1.40733
-1.26864
16.1545
-1.75532
0.547475
-0.311801
1.4572
-2.73932
-1.33027
-0.413592
-2.95636
-0.733822
-0.0680143
-1.08768
-0.229355
1.09778
2.61214
-0.0759844
0.0383197
-1.89464
-0.0452318
12.9572
-0.76329
-1.13249
-4.21345
1.83416
-0.578655
-3.96395
0.0236503
1.26313
40.1362
-2.06011
3.67536
0.792793
0.515978
1.14109
1.89661
1.85942
-2.2014
-1.12732
0.833793
0.584933
1.9764
0.156482
4.97537
-0.488161
5.40157
-18.8803
-22.5097
0.566758
-0.0553729
1.02496
0.446967
-0.614129
-7.3222
-3.80941
-0.836484
-0.634611
0.443417
-0.71089
-0.290327
-1.09408
1.5605
1.33873
-0.337829
-4.5253
-1.70091
-0.435722
-0.116939
0.712007
-1.03138
-3.88259
2.74783
-17.0426
-32.2507
1.87422
-2.21044
1.93064
0.151511
0.313548
-0.784423
-3.65236
-3.0183
-2.3283
-1.67029
0.665992
0.925541
3.02543
2.06075
-0.727608
0.897881
-363.693
2.76193
-0.995209
0.184225
-0.272018
-1.06797
0.521417
3.14132
0.498905
0.578315
0.380378
0.941598
-1.13746
-0.0393133
0.912676
-0.448274
-1.66456
-0.626327
0.278892
1.20286
0.378109
-0.213945
-46.6067
0.470822
-0.730529
1.89471
-0.228641
-0.0850006
0.316719
-1.72261
0.312029
1.49574
-0.151586
1.65963
-0.540348
-0.830106
0.444227
-5.32939
1.97398
2.93356
4.80263
-1.73107
-1.78826
0.162331
0.403999
8.7523
0.0990615
5.5618
-1.50012
-0.147303
0.208434
-0.728581
-3.31287
-0.0493783
1.97518
-0.479624
0.0724711
0.736436
1.47294
0.868054
-1.06108
-7.58543
0.0132243
-0.533653
4.18734
6.42242
15.7315
2.39022
0.554756
-5.6837
-5.71158
-5.11895
-0.146229
9.64824
0.0977393
3.22527
-1.39646
-10.7301
0.543024
-2.01906
-32.1838
3.72833
-2.34409
0.910511
-5.64861
0.796875
-0.937839
0.52318
-2.60595
-4.54171
-1.04979
-12.8617
2.45153
-0.209614
-0.215115
-0.575176
0.368768
6.93803
-2.25525
-0.130538
0.864094
-16.8066
-1.52911
-1.50381
2.10258
-0.128369
0.491332
2.9143
-2.8297
1.27311
2.00946
0.239063
0.7969
-0.680291
0.111095
-0.750516
17.9977
0.0419268
1.55191
-10.4227
-0.434704
0.115656
-0.025706
0.0972254
-0.311683
1.41596
2.16078
-1.51068
4.4034
-0.975099
-0.355465
2.38567
-0.331159
0.510097
4.26962
0.387427
-0.858924
0.140071
-0.281787
0.174999
0.32978
0.600144
-0.185873
0.0976271
2.30258
-1.17207
-1.02261
-0.362124
-0.24548
-0.360687
1.75114
-4.28429
0.608605
9.17408
-0.0346431
2.20827
-2.13261
-0.45431
0.739017
60.6209
-0.748652
2.4262
-3.10144
-0.195316
-1.15462
-1.5862
2.31574
-0.400185
-0.263753
-0.223636
7.27484
-1.17112
1.99574
11.4908
-0.0310476
-0.262428
109.78
-2.29648
0.0548958
-1.15577
2.48505
-0.458047
-1.12073
0.689733
1.37562
0.559008
-0.116074
-2.38717
-1.10479
-0.311406
-8.75218
-0.396549
-2.62351
-0.374032
-27.329
0.405503
-1.35117
-0.268042
-1.3087
0.524178
1.26714
-0.0219033
-1.72049
2.45421
0.469951
0.310976
0.108878
1.583
0.194419
2.0645
1.80744
-0.804626
0.129027
4.52362
0.0780908
-3.40981
-1.99861
0.938086
0.0860593
0.660475
2.18517
-3.21076
-1.05281
-0.933939
14.7498
0.108341
-1.08782
0.735583
-2.26258
3.69046
-0.743817
-1.37797
0.639775
2.47034
0.676957
-25.2917
3.23463
-2.99882
1.06482
1.18113
-0.457286
-0.0418797
6.72687
-11.7607
-1.07351
-0.297684
-23.079
0.449532
0.148213
-1.98635
1.53873
3.21521
1.82943
0.757592
0.120639
-0.952632
1.3384
2.62222
-2.70188
5.88473
-17.034
5.99541
-0.965791
-2.68202
0.399238
3.47582
0.593006
-7.32059
-0.94935
-1.048
-1.20859
-0.702952
0.294445
15.2725
2.16532
0.612838
-0.297356
-1.24295
-0.390004
-0.61217
0.24677
10.9262
0.62628
1.61388
-1.69729
3.83125
-1.68871
1.37005
-5.81574
10.3767
0.418876
-4.03147
2.10068
-0.207743
0.748021
0.379247
-5.1674
1.09015
-1.03478
0.490161
0.15021
-1.59073
-1.27081
0.418033
1.16544
2.6724
-4.46527
-0.816755
-3.76084
-1.6232
2.52806
-0.941476
0.710572
-0.776844
-0.114249
-0.299428
-0.496237
1.35507
0.406678
-0.0792596
2.33995
0.182165
-6.47525
-0.018565
-0.9956
1.53193
0.646911
0.364532
1.17103
1.96324
-0.107001
-6.11011
-0.0990754
-880.44
2.33019
0.505904
3.81673
0.674814
0.205462
-0.132602
0.997114
1.01754
2.33183
0.26266
4.00485
-0.198568
-1.15517
0.397125
-1.25298
-2.69548
16.9956
1.34325
-0.425313
0.0404363
-0.397169
-1.49548
-0.127261
2.96764
4.13735
0.129184
-2.66514
0.979065
-4.4151
-2.56796
0.00832388
2.33505
-0.837361
1.19327
-0.85529
0.374057
1.58866
7.95196
0.479178
-0.414073
-1.79162
-0.252017
0.299863
0.625428
-1.22977
-4.73493
-0.302154
-0.354657
3.21351
-0.0689891
-0.548221
0.463898
-1.09559
4.70664
-0.195926
-2.92595
0.980324
0.852408
-0.0243932
1.13482
0.16851
4.6518
9.78003
0.846248
-0.164425
-0.706012
0.632402
-1.99541
-5.72977
1.75972
2.70804
0.571071
-1.53957
-7.3118
-0.956778
-15.9457
6.4655
-61.2488
0.375957
0.185135
1.40583
-1.43843
-0.803674
0.0106723
2.55658
9.31116
0.429037
1.50364
-0.308508
1.01017
1.57906
0.871469
-3.23307
-8.68659
0.653522
0.433898
2.04203
0.0977895
4.80317
1.48128
41.0811
1.47258
-1.06736
-1.47003
0.18314
0.3297
0.458477
0.409269
-1.12789
-0.52622
-10.7572
0.272255
9.20678
0.583699
-1.22428
-6.73386
0.112145
0.201629
-0.259036
0.901612
0.56831
2.1149
-1.73023
-0.587476
-0.283849
-1.19992
-0.885292
-1.47091
0.10381
-1.99691
16.9575
-0.789511
-1.71769
0.573779
1.30976
-13.1842
-1.57082
5.48934
-1.15157
0.642629
-0.231131
-1.68334
0.686839
2.36776
-14.9663
1.01357
-1.07669
-7.58876
0.0857341
-81.902
0.0573657
0.404095
2.44948
0.584276
-2.57572
-0.676037
2.33504
0.703998
1.19212
-0.670509
0.587626
0.792231
1.74855
-2.14865
1.52227
0.413222
10.7357
0.3493
0.0895475
2.07667
42.9727
0.672472
0.416685
0.207525
-0.0103856
1.66153
1.78594
-0.0435464
4.90596
0.744474
0.16675
0.487139
0.0620803
3.05768
-0.418267
-1.03637
0.398567
-2.98674
0.679639
0.187879
-0.60088
0.943851
-0.244543
-2.40278
1.00687
-1.74308
8.66247
-1.43814
-0.12218
3.22648
6.9136
-0.0408492
12.3728
-0.120379
-2.71312
-2.07158
-3.82656
14.5004
-0.247146
0.265249
-4.15203
0.192273
-3.68868
-0.937443
1.78971
-0.838899
-0.800098
2.27144
-0.549441
2.48298
0.753266
0.673438
0.605624
1.77224
1.2599
6.34877
1.34512
-2.80226
-2.30556
0.438017
-0.833608
-2.63966
-0.543389
2.10185
-0.0974775
0.00870301
-9.50786
-3.33831
-0.107359
-5.729
0.0486205
-1.68116
-0.387924
-10.4398
0.212483
27.565
0.0614067
-0.127237
1.16162
-2.49749
0.966975
1.26631
-1.61717
29.0162
0.555421
0.464434
-0.645722
2.40265
-0.679692
-3.47497
10.2094
-1.1307
0.970894
-0.0819491
-0.536929
1.79647
2.53294
0.693801
1.06339
-1.25594
1.38047
-1.05554
3.55508
0.26885
0.00093136
-60.471
0.731917
-0.267074
6.77061
1.68259
1.26599
0.0949335
0.715751
6.77819
-0.159036
0.800777
0.782093
-0.257234
-2.10602
-3.71526
4.64531
-0.198546
-0.131688
-0.936892
0.445237
0.0133291
-2.44243
11.5687
1.48514
-0.141778
25.4149
-0.0308391
-0.0833098
-20.4155
1.03788
1.46477
-0.614083
0.569822
1.06049
1.17517
2.70989
0.644958
0.882253
-3.6942
-0.261474
-0.332833
-1.66351
-0.926221
0.587854
-2.68387
1.95147
2.15836
-0.207729
0.20553
4.38985
4.11332
0.407817
-0.768284
3.9754
2.5761
-1.80005
-0.775547
0.756433
3.38738
-186.05
1.16874
0.721514
0.184841
1.16166
-1.2818
0.117891
1.09962
3.29394
-1.71575
-0.0468002
-0.236411
-1.93396
0.378181
3.30484
0.202422
14.9768
-0.156554
-0.352447
1.71559
4.51489
1.58536
-2.91712
2.80253
6.94396
-0.770613
0.200659
0.797579
1.21925
0.286662
0.887023
1.38516
-14.444
5.58731
-0.725601
-0.146288
1.3479
1.02684
-2.40341
-0.590655
0.506099
0.318833
1.90717
-4.41978
-17.1042
1.30822
-2.96287
-3.16864
1.4849
-1.9808
0.396454
-1.531
-5.09539
0.95134
-0.590383
-1.22593
0.573707
-2.85208
31.6365
-2.28568
-0.954162
-9.74735
-1.91597
-12.4041
-0.153442
0.0393047
-1.69123
-0.143999
-2.56235
0.0413895
-0.0864593
0.189977
0.372554
3.99573
-0.320907
-0.559667
0.708087
0.165983
-0.0943432
-2.3642
1.90403
-0.970314
-0.513843
0.269943
-0.491234
-0.543158
0.444547
3.41683
-0.8289
0.419979
-0.538262
-0.25667
-1.80821
-1.49337
-3.07401
0.0692598
-0.108353
0.388304
0.563167
0.697091
1.18673
11.2823
0.286317
-0.27571
-0.638234
0.250658
0.133871
2.28404
0.456099
0.785917
-0.0446005
0.624291
0.793014
-1.2781
1.14821
0.0783479
-0.659438
0.285429
-2.71043
-0.907792
5.09106
1.90619
-0.169671
-0.766361
-1.8791
-1.14112
-0.0265819
-9.77723
0.630042
2.05738
-1.63522
0.200773
0.301329
-3.62708
-0.281867
-0.434985
0.680459
-10.1324
4.43539
-0.154408
-5.60354
0.0822582
-3.34999
0.332071
0.2025
11.5828
2.19458
-9.65983
1.40421
3.46035
14.9716
-0.706127
0.167707
0.124392
0.488164
3.66561
-0.105298
-1.91202
-1.30664
1.38132
0.118351
4.0148
0.0520429
15.5555
-1.8268
2.1774
-1.24733
-4.50224
0.242094
0.37537
0.000830844
4.95662
-1.38203
1.71888
5.98042
1.56055
-1.30534
-0.0841907
0.807306
-0.975333
-2.72738
-1.48839
1.99188
0.0974765
0.0283892
-3.31121
-1.65512
7.16462
0.676542
2.03631
-1.10164
0.955621
-1.8456
1.59821
0.0632402
-1.04158
-3.99103
-12.4051
-0.420394
5.23834
-0.452356
1.48957
-1.52982
2.878
1.73288
1.07276
2.4067
-0.0962546
27.2564
-7.08072
0.170376
-0.53956
-0.985703
1.12524
0.0555839
0.470072
0.261869
0.266102
2.07022
1.57434
2.50563
1.50336
-6.66309
-0.179737
-0.853627
1.65681
-0.83023
6.60591
-1.3803
2.5966
-0.247114
1.01728
-0.036509
2.58623
-2.18197
0.110102
-1.10506
1.19296
0.0682393
0.483335
-0.0959097
4.23511
-1.81775
0.974733
0.653008
-0.192587
1.42606
0.332892
-0.249211
2.62126
-0.198153
0.303178
-10.7039
-1.74356
1.88297
-1.06455
4.33003
0.734329
0.653209
-2.65495
-0.263434
4.06819
-0.807065
7.52505
4.53921
0.204242
0.837493
0.452683
-0.0199582
-0.153804
7.15461
-0.856857
2.01093
0.561456
-8.2065
0.581878
-0.504735
-29.3881
-1.69609
-0.603713
-0.0734535
0.407114
-1.13085
-0.906914
-4.78469
-0.374404
0.257905
-5.36193
0.88906
0.167634
2.28004
8.11287
0.616683
0.923329
-2.69137
-0.414729
1.14698
-0.264382
-1.45522
1.09489
-0.222626
-0.576302
2.78335
-1.87277
-0.1341
-0.196021
0.0544892
-0.304221
-0.387926
0.537645
7.87725
0.31892
-4.92722
2.68933
1.70202
0.679968
3.96788
-0.0869836
0.073294
-0.444159
1.29834
4.76352
2.12612
-2.62756
0.034066
-0.10979
-2.22876
-0.592858
1.23295
-2.96613
11.5607
9.58483
0.262516
-1.52488
7.87005
-1.35204
0.28848
1.3705
-0.410848
-19.8475
1.49329
-1.15861
0.216702
1.12917
11.1798
-0.798857
-2.38304
-0.580992
-1.28934
0.227202
0.0962786
-0.575785
-0.275798
3.0476
3.43295
-0.892367
0.102461
-0.259542
-5.21373
-2.37699
-0.232996
-0.591671
1.61445
1.49707
0.341592
3.79256
0.594885
-1.03597
-0.484669
-0.679936
-2.85512
1.28276
-0.96896
-9.75851
1.20455
0.397512
-2.29544
-0.400386
0.552342
0.733269
2.90886
2.5923
-0.0196073
-0.103993
8.59936
1.31415
0.893229
-1.15012
0.126447
2.56245
2.6979
-0.889922
0.523501
-0.372865
-23.5007
1.27943
0.17453
-0.848575
-0.287032
0.585719
0.0892403
-3.87264
-0.907595
-3.04707
-1.05348
1.03253
-59.9423
0.924782
-0.598362
-2.04916
5.94336
1.04676
-0.160128
1.94562
0.0228534
-1.24645
54.2171
-0.389407
-0.119323
0.964726
-1.1433
0.251439
-2.60738
0.324377
-0.365183
2.10363
-7.03591
3.34884
0.476233
-0.150024
-1.8505
0.784951
-1.47262
-0.0335871
0.661394
-0.952172
8.98872
-0.556957
-1.98106
-1.4655
1.96805
-2.72481
1.14805
0.226243
12.9505
1.31847
5.38264
0.844482
0.2804
-1.64124
-0.900505
-2.11114
-163.635
-0.304745
-0.533743
1.16671
2.03873
0.801226
1.20449
1.32947
1.68742
-1.091
-0.0645662
-4.0583
-0.370661
0.843204
-0.300439
1.13596
1.69402
-10.4079
0.435848
-3.21339
-0.751642
1.81629
-3.35099
-0.0390895
1.18275
0.429512
3.40985
2.37678
-0.778168
-1.85733
-0.506222
0.54449
0.396082
1.5672
1.99717
-0.720379
-0.5824
-0.391437
0.784605
-2.4687
0.350341
-0.402278
0.759365
-1.54448
2.11758
0.182028
-0.0997263
2.6992
-0.407063
2.01284
2.61158
-0.653792
-4.98949
-0.642939
34.6475
1.3168
-0.031979
-0.770684
55.8712
-7.00679
47.1357
-1.37344
-0.776016
0.463707
0.37991
-0.663183
-0.0763107
-0.455883
12.5745
1.87947
-0.701073
5.00238
3.15907
-0.634489
0.222088
5.7314
3.57943
6.13106
-0.425785
1.19809
-0.25377
-1.72457
2.28834
-3.60983
74.6533
0.877419
-1.02167
1.97063
-6.57762
1.6124
1.164
-0.0237218
2.70343
-0.929216
-2.00384
-1.10882
-4.048
-0.988325
-6.07346
-2.70669
0.986302
2.01767
60.5861
-2.49485
-1.90512
2.30296
-1.99124
-2.96804
0.0531819
2.84146
-0.966154
-0.420426
-0.120726
2.49142
-4.75791
3.80326
-1.31088
0.913017
-2.4737
0.826197
-0.755884
-3.07532
0.70458
2.68739
0.0085762
0.0562506
-5.7231
-0.9843
0.715218
-1.33739
0.209375
-16.2724
1.96699
-0.253263
0.177073
-0.924887
-3.88803
0.35279
-1.12668
1.47729
0.954763
790.003
1.00336
-5.83305
-0.0226879
-1.71856
-0.292401
-0.673064
-0.250973
-3.42635
-0.0429759
0.14088
0.634678
-0.320508
0.623996
-1.3002
-3.15471
2.17031
1.81144
-0.230334
0.0950443
1.46862
1.22631
0.803947
2.26193
-0.982931
0.458054
4.0213
0.112051
10.4447
-10.3511
-0.167502
1.91573
1.57301
0.241718
7.79104
-3.30391
4.86935
0.0679067
-3.49441
1.47605
0.13905
-0.0194278
0.103071
-2.45526
0.301825
-1.37034
3.48288
2.92875
-0.749008
-21.3746
0.222341
-0.680463
-8.11743
0.604856
-0.683786
0.503568
0.629401
-0.21302
-0.77833
39.0608
3.12813
-0.997265
16.3743
2.81655
1.68856
3.62303
0.273522
-0.425866
3.75314
-0.146884
0.658555
0.852693
0.206919
-0.0977949
1.67888
0.976572
-3.98877
-3.65079
1.91107
-0.00116754
1.87401
