0.114505
-4.64392
1.25481
0.94627
0.418886
1.97347
2.54158
-0.931873
1.53049
1.30841
11.5199
-1.95872
-2.11395
1.42089
0.0733432
-0.0525153
-9.0975
0.188217
1.56851
-4.56144
0.895567
-5.67949
0.141636
0.060819
-38.1654
-6.89792
5.61704
0.450572
2.41465
2.96089
-0.285677
-0.846264
-0.800266
-8.64574
0.117859
-2.17428
0.290277
0.178163
-2.03766
-2.40833
0.383287
-3.59857
-0.567255
-24.3587
-2.01081
-0.536689
337.408
0.820158
-5.64501
-2.53613
1.03164
0.595844
-1.95766
1.63836
1.74932
2.11402
-3.67308
0.0988712
-10.4045
2.81579
0.241851
-0.067851
-1.46998
-2.74014
-0.0293973
0.495982
-0.25877
-0.630045
-0.981324
1.78937
0.353006
-1.04509
-0.658964
-0.512285
1.6567
0.620544
-0.332126
-0.692462
0.703752
1.46791
-13.6319
-0.693638
-0.131415
-2.21943
0.846182
1.59395
-0.255986
-0.274631
-0.904476
2.54523
-0.777105
-3.39725
1.9308
2.4223
0.527804
0.362897
-0.0276588
-1.25403
1.07186
0.00456315
-2.8632
1.89305
-0.0822912
-1.58227
-0.220031
-0.437726
5.9226
-39.4428
-0.00961879
-1.28661
0.404382
1.60007
-0.177861
0.576317
1.46726
0.556694
-7.87066
-1.85652
-0.200942
26.6899
0.170077
4.21136
1.31749
-0.307679
-0.498736
2.85248
-0.397709
-0.0644623
-1.05362
4.3362
-0.538508
3.0556
4.92352
0.0948023
-1.67716
-0.167117
1.22208
0.751636
-50.4488
0.213713
-0.299105
0.0450225
-0.582694
0.516868
-3.42331
-0.0788765
-1.37821
0.950457
-3.1464
2.61554
-0.612611
-1.35055
0.625196
-0.207474
-1.57938
-0.213595
-0.645322
-2.0524
-0.861224
0.657088
-1.12656
-1.02238
0.622225
0.210256
0.442896
0.13011
1.4682
0.28512
0.391377
-2.12212
-11.3755
0.554494
-0.155848
-1.74239
0.204546
-0.301566
-0.437236
10.2556
-0.275542
0.701248
5.16894
0.0733873
-0.211064
-2.52852
-3.02139
-3.35007
-0.791868
-0.789361
1.68998
-0.44016
-41.9264
1.1998
0.0707716
-108.452
0.0823857
0.187928
0.982225
-0.621952
1.33283
1.92684
1.15344
0.436976
0.600414
0.240816
1.34408
0.552888
-0.449809
0.879368
-0.415725
-2.54411
85.8491
0.458861
1.36689
1.10973
1.00861
0.332048
-0.725828
-0.855667
-13.7388
-4.79087
-8.70148
-2.08641
5.58027
-0.359047
3.54839
0.269023
-2.14842
1.86724
9.27826
-13.2569
-0.175472
-0.536676
2.60339
-1.02524
-8.85989
0.626658
-0.0894932
0.40698
-42.5596
1.09666
-4.04651
-14.6081
-0.806221
-2.14143
-0.196773
2.018
-4.90387
-0.13624
2.70431
-0.877665
-1.09316
4.22475
-0.0875839
1.2423
0.102213
-0.420588
5.62997
-73.5309
3.19398
0.78832
-20.6698
-0.25183
21.1612
0.387358
-1.2388
-0.881387
0.0833008
1.04567
1.41048
0.233482
-0.118209
0.201383
-5.79647
22.7482
-0.0837486
-0.843874
-0.980609
-0.07089
-2.04032
0.943671
0.213159
-1.4211
-4.62733
7.16019
0.0742411
0.574
1.42072
2.28512
1.94748
1.50912
-0.0507307
-0.805835
1.02193
-0.535004
-17.3912
0.839116
-0.649942
-0.75219
1.19437
0.0469851
1.7324
-4.64694
-3.22993
4.56995
2.46638
1.16864
1.64992
-4.77526
-1.51068
1.18534
-0.204227
-0.225181
2.72938
0.133326
-12.4196
-0.120083
0.0294645
0.142374
1.42887
0.173896
-3.66036
0.605782
0.0988168
0.136117
-1.09072
0.55064
-0.743295
0.652253
-0.307112
-0.0614047
-4.87337
3.05716
-1.50915
-0.747444
-183.714
-1.83139
-2.02093
-0.934872
0.528593
0.147612
-5.95363
0.357675
0.837462
-21.7545
0.0374176
-4.44852
-8.87821
-5.7981
-1.43635
-2.81776
1.09271
2.60853
-1.11124
31.4107
0.303319
5.72798
-0.177973
-16.609
0.273981
-0.562756
0.161619
3.80108
6.05045
15.4819
-0.890041
-0.0737487
-1.52567
27.2123
0.633971
1.35086
2.57974
-6.02546
-0.280459
13.5684
0.895655
-0.599092
3.66651
-0.241204
-0.323979
0.342478
1.05558
1.56745
-1.1398
-3.02672
-0.295027
2.27311
2.13556
-0.0441531
9.91527
-0.0101871
-1.33591
-2.30403
0.0220253
-1.77484
-1.11015
-0.6554
4.45469
0.808327
4.69299
-0.22818
-1.41337
0.527252
-1.99646
-0.946883
-0.0474984
0.565284
5.6801
-0.261687
-3.55875
2.12156
1.98554
2.36159
1.81949
-2.85127
0.194261
-1.61713
0.566728
-0.99941
-1.75693
3.63464
-8.72724
1.06681
-0.892994
-4.05191
-0.845724
0.0683404
0.52046
-0.484847
0.831818
-0.358795
-25.6852
1.73185
-0.867375
-1.84326
-2.43639
4.05269
-0.384603
-0.103684
1.54582
-6.76067
-0.786738
0.272735
-0.103946
-1.30061
-0.817947
-0.657972
0.535619
-1.29415
1.25094
1.85299
-0.674058
1.61233
-1.0776
-1.59099
9.27602
-0.26164
0.154058
0.449635
8.70803
0.463208
-0.63195
0.384557
0.044185
-15.8241
0.157077
-0.539956
-1.80101
-0.513652
-5.26422
0.700134
-0.968829
-6.80626
0.0985308
0.897486
-0.685124
-0.447346
18.6509
-0.208655
2.15488
-1.62915
-1.96521
-2.3088
6.01815
1.25818
1.27771
0.337886
-0.0941722
1.95384
-0.624565
0.709063
0.119287
4.32966
0.253837
-0.635672
0.445056
1.66802
0.269498
0.524687
-2.01018
-0.481997
14.66
0.284749
0.928853
-0.505884
0.546297
0.412645
-2.87968
-3.29729
1.82255
-1.51227
1.13587
0.884592
0.248393
-0.303386
0.374441
-1.24135
0.0893563
-1.83968
0.314597
0.534082
0.0961885
-1.78794
0.602866
0.955988
-0.470035
-0.892828
1.56382
-25.4249
-1.09027
-0.0050546
-1.75473
0.800919
1.94311
0.217153
0.997814
0.36293
-0.192463
-0.59618
7.10407
-0.967405
-1.44882
-2.43356
1.78061
1.1491
1.72987
0.415137
0.82983
-3.13489
0.699704
-0.0129087
7.01586
-0.315101
0.0444629
0.0648562
1.23621
-2.5136
-1.36882
-0.859273
-0.752884
-0.379666
20.0506
0.328526
-1.34804
-0.251746
0.748542
0.900283
-0.12467
0.345538
-4.13667
3.94296
-432.983
-0.904477
-0.456225
2.48158
0.302843
-1.26522
-0.0460589
3.50486
-0.85044
-0.834137
3.26948
19.0141
-1.46828
1.70234
6.22328
1.58431
-0.38087
-0.855918
-1.95903
0.488343
-19.5464
1.11014
-0.513483
0.265999
-0.00495704
-0.943424
1.0954
-1.90016
1.85756
-0.302785
0.727416
0.514483
-0.25901
-0.224885
-0.873742
-0.440623
0.131926
-2.58479
-3.61627
1.88689
-2.35504
-2.1346
-8.99883
0.687682
-1.84489
-0.206915
-2.73157
0.355576
-1.00041
96.0013
-1.08613
-1.55951
-0.658
-0.325438
-9.01164
0.575946
-0.227047
-57.4909
-0.423222
-0.678695
-3.93535
1.45007
1.12236
-0.426329
0.262801
0.194137
-0.855321
-0.749842
0.161891
-0.427171
-2.10633
-3.28194
-10.4974
-0.932859
0.0926096
0.11497
-13.3276
0.127757
-0.950004
0.61983
-1.03057
-1.17986
-0.0405576
1.24202
10.4765
-0.187134
0.258887
0.286409
-2.82167
-0.122001
0.159441
-2.71874
-1.21413
0.0395714
3.78909
-19.779
-0.290422
5.4309
-7.24894
0.306956
-0.245257
-2.0032
0.240962
-1.43574
1.93997
-0.857869
-1.29832
5.46714
3.12776
0.28903
-0.608652
-13.1405
0.022988
1.19227
1.30984
0.0362051
-1.00583
0.462763
-1.65265
-17.8005
-0.441756
7.70045
2.8178
0.62324
-0.241985
-0.878322
-4.19187
0.0111172
2.92673
1.27754
0.209411
67.7336
-2.92314
0.843142
2.75043
-10.6366
-0.98156
-0.0423435
-7.77581
-0.10852
2.07419
-0.0340854
0.15642
1.22421
0.348954
-1.66917
3.69838
1.3763
0.0356043
-0.698469
1.8801
-1.45352
1.98737
0.305168
0.270583
0.840842
-0.82653
-0.854255
0.148204
0.227275
0.267162
-1.70951
-27.8088
5.43787
0.376283
24.9015
0.779938
-7.3257
-0.665962
-0.0625417
5.09532
0.823366
-39.3225
1.85499
-0.295706
0.209271
3.83538
-0.787009
0.25107
1.53955
0.378413
-0.253736
0.701033
-14.4116
-2.56416
-0.413588
0.355673
33.2583
-1.59054
14.0254
-0.297825
-0.242676
2.99316
0.150348
0.26063
-0.47422
4.22555
8.97973
1.05528
0.0593297
-0.609829
-1.30308
1.32869
-0.531435
0.863457
0.411356
-0.362407
-0.710048
0.460871
-1.47951
-0.325922
-2.25474
0.438276
-105.759
-0.503767
-1.62729
0.451148
6.4787
1.38321
0.639112
-2.37679
1.52997
5.9937
2.27507
-0.142202
0.341138
-2.50273
-1.32955
0.907833
-2.42948
4.33087
0.0951082
0.114283
-1.15759
3.48997
1.69534
-2.31076
2.73558
-0.77441
-3.4542
-1.78975
-0.379302
0.832607
5.36598
-0.295283
4.76726
-0.792954
1.75649
-0.385971
1.89444
0.0497315
8.90813
3.0051
-1.95966
0.0654378
3.32956
-0.231126
0.987771
-0.819323
0.707035
-3.07476
-3.0763
1.55703
-0.341787
-0.248748
-0.56989
-0.461837
-0.897978
13.8242
-0.304824
0.296466
-1.30745
0.452211
-0.535948
-0.824892
0.150475
-4.82574
-16.9896
1.84555
4.5538
-0.502764
2.42104
0.81013
6.97069
1.99747
-1.28419
3.28725
3.88996
-0.229037
0.868607
0.838146
-0.373713
-1.10253
6.84239
-0.208175
19.8287
-2.03538
10.6554
0.353407
3.07682
0.700832
1.85176
-0.430054
2.70649
6.90718
1.8462
0.0198791
0.766062
1.60627
-1.32035
7.05005
-0.148781
-0.0229434
0.280159
-1.17244
-2.13576
-0.458946
0.199941
-0.390101
2.31043
2.52731
0.289422
-0.83252
-8.42809
-6.58381
0.547156
-1.69263
12.9314
-0.0587786
0.58931
8.70367
-0.0115509
5.56838
-0.950808
-0.0434841
-2.97376
21.655
-0.583449
1.09776
-2.66461
-5.20799
0.506162
0.719027
-1.48344
1.04809
0.142739
2.35307
-6.46374
0.0102649
-2.37226
-29.1031
-0.244457
4.42511
-0.328504
0.282984
-0.0715246
-1.29789
3.02483
-5.584
0.263334
-1.49878
0.365803
6.19747
-0.622313
1.00511
1.65619
8.18903
-7.95746
0.664682
-0.263349
0.0888699
0.737299
0.809935
-0.243949
0.297208
-0.523904
2.02062
0.548422
-0.207128
1.46472
0.954208
-0.301483
-3.66214
1.6416
-0.644637
-0.0235859
1.01129
0.774054
1.38156
0.548845
-0.932004
-1.39134
2.32924
2.21694
2.65405
-0.280959
-0.484069
-0.53509
-0.288072
2.54843
0.396933
-1.3387
-1.46768
48.989
-0.620477
0.376286
-1.25521
0.190099
-3.91853
7.41382
2.90231
0.544352
-1.77355
1.10824
-0.631767
-1.35793
-1.94938
0.257154
-0.731349
-2.79173
0.170774
1.146
-0.103243
0.759189
-5.97403
0.499324
0.216207
-0.649058
-1.02558
-1.4216
7.20365
0.352693
-0.95172
0.0946415
0.377115
-0.309905
-1.92773
-0.802478
0.733827
0.103399
0.78668
0.772517
0.121857
-0.458573
-1.7348
9.45475
-0.104116
1.53778
1.23071
-2.15935
-0.0543221
0.93372
0.587693
0.494465
-0.260298
-45.2042
-6.96266
1.55666
4.25832
0.0381073
0.131242
2.16319
-23.286
-3.49087
2.10195
-1.87128
10.5253
-0.695016
-3.57743
-0.508336
1.41017
-0.961558
2.42235
0.901973
0.474367
-1.85335
0.0981957
-0.15359
1.20883
-0.0294547
-0.394285
2.33667
-0.232111
-12.5316
2.36195
-13.4107
-0.171852
1.55049
0.456855
-2.48183
-1.11014
-2.45838
0.399557
0.0484207
-1.26819
-46.2659
-0.687089
-0.60015
0.122151
4.51526
0.430417
-1.00836
2.94906
-4.59592
1.68884
-0.330982
-25.4538
2.19599
-0.508193
2.48728
-0.302078
0.595843
0.0229424
13.1137
-0.133555
-0.400206
0.775575
-0.181077
3.2612
4.43177
-1.01131
2.15038
-3.10977
-1.89429
0.616809
0.32144
-56.0084
-0.413965
2.98608
1.66185
-0.751568
-0.0618968
0.0916396
0.534315
-0.654608
0.0100039
-2.45007
-0.060805
0.346566
1.30842
-0.297796
0.600743
0.284149
-0.066004
-2.4289
-0.0245035
-5.27401
-0.754819
-0.25727
-3.8179
3.25729
-0.849587
0.174026
0.407371
1.71698
-0.480882
-1.2587
4.63159
-2.42957
1.17625
0.662202
-0.660782
-1.012
-1.00832
-1.63961
-0.115611
-0.80632
-0.626755
-2.86522
0.871112
0.536697
-2.16779
-2.7709
-0.417015
-0.077388
61.6088
-0.276494
-2.82453
-3.50105
2.19354
-1.37265
-0.388411
5.03686
-0.547895
-4.16228
0.137054
-7.11335
-1.12646
-1.60293
63.9937
-0.799717
-0.0736109
-3.18332
-0.599416
0.439286
0.195736
-0.000970144
0.83168
-0.399794
37.174
-1.67468
-0.500569
13.2627
-0.732468
0.224062
0.0923203
8.8894
0.632799
-0.430118
0.304704
0.752647
0.32047
1.56739
3.15557
4.95395
0.999432
-3.69242
7.46255
0.986554
-0.464966
-16.0629
-0.903563
0.614954
0.800087
0.880184
0.87063
-0.40336
0.253795
-0.901723
-0.00567624
-1.6561
0.990116
-0.903326
-0.191677
-0.245716
0.800197
-0.252731
-0.280967
18.6585
3.65775
-2.25906
-2.21694
1.71536
3.96931
-0.678283
-0.452285
-0.602845
-0.304794
-3.3523
-0.668113
1.34162
0.338728
-2.58543
3.80205
4.31974
0.237364
-0.628794
-0.437958
46.7525
2.03354
-0.60822
1.59868
1.27622
-2.09164
0.36242
0.385599
1.84615
1.15995
-2.04926
2.20729
4.37006
0.0245619
-7.04271
-1.29666
35.6746
5.42438
-0.147767
0.130695
-0.259563
-0.696027
-0.347501
0.588948
-1.11432
-2.71194
-1.91836
1.65583
-3.20183
3.05041
-3.25845
-3.55429
38.9859
4.07321
34.8369
-6.90075
0.703439
0.0709465
-0.683617
0.686894
1.29991
1.75137
0.238057
1.14978
4.17739
0.508677
0.310712
-1.84732
-5.63727
-4.15145
1.00888
1.65892
-8.41073
5.62816
-0.203923
-0.296043
2.3749
0.0663473
1.84069
1.6318
0.178956
-0.689657
-0.150836
-2.20985
-176.931
0.750385
0.0226199
-0.0223682
0.393396
-0.439381
-0.0832823
-0.573711
1.19491
0.640396
0.585682
3.17939
1.22826
0.170063
-2.13338
0.76324
-1.01283
-0.509398
0.509014
1.4724
-0.804817
-16.9944
1.07533
-0.603658
-0.125529
-0.0135061
0.152179
-0.875436
0.224126
-0.965796
3.05301
-0.0419141
-5.84469
1.40217
0.0499946
-43.031
-4.5988
-14.1678
2.24218
-4.82143
1.55061
-1.00807
-3.80131
-0.272583
-0.639066
9.69109
-0.703702
-0.388499
5.45796
0.772712
4.41269
-10.851
-1.32932
-0.63552
-0.318775
-4.01213
0.130797
-0.756804
-11.6967
6.62983
-0.763044
0.216449
0.222787
0.338069
0.503541
-0.446126
1.53105
4.65318
-0.679124
-1.40068
0.072772
-1.52402
0.887915
-4.41378
-1.76247
2.87654
-0.321362
17.0086
0.18939
-0.652149
-0.102776
12.7824
3.92758
-0.658997
0.48303
-2.19733
2.3051
0.108234
0.347332
5.68525
-52.5174
-4.75054
-0.743746
-1.00654
0.396908
-0.101338
-0.0780153
-0.500229
1.70451
-139.939
0.26011
-1.61309
-1.04872
-0.835676
0.468477
-1.37389
0.391963
-5.70288
0.524579
0.151211
-0.788116
0.135698
0.0142992
-0.297437
-0.417443
-0.429001
9.70535
-2.05592
-38.3092
-1.17162
-0.792689
-1.40874
-13.3492
-1.21842
-0.568504
0.0983281
-0.0842375
4.73383
-14.2986
-0.099136
39.1359
0.450416
0.0307013
-1.53992
0.713984
-3.41199
0.00297708
0.230495
0.969224
-0.295103
-9.18462
0.431225
2.47203
-0.631473
-0.995381
0.109953
0.789213
2.11822
9.8592
3.60376
-0.511102
14.3692
0.156876
0.117813
-0.00570087
3.25963
-0.493324
1.13184
6.02686
-0.0896603
2.45524
0.0742418
0.272813
0.1307
-0.76764
0.216407
0.28622
3.4604
0.371048
-0.51645
-2.07165
-0.42822
-50.1144
-1.94906
0.448307
-0.403559
0.11948
0.299148
-0.524042
0.893478
-0.696812
0.200272
-2.43631
-9.40981
-0.423029
-0.332494
-0.408718
-2.04963
-0.710374
4.58212
-0.250023
1.28361
-8.56257
-0.238844
0.0555804
0.581869
0.591144
2.47582
0.372026
1.43231
-0.418851
0.302744
2.70659
0.338368
-0.28513
0.654814
0.883394
-10.6633
0.175681
4.51386
-3.97271
-0.63801
-0.120682
0.701385
-0.22912
-1.67452
0.182295
1.0656
-1.16654
3.11539
0.146346
-3.6257
1.94583
-0.967836
-0.651638
-0.184325
0.153029
-3.50673
-0.830512
-0.411952
0.604554
-0.387469
-5.06979
-66.352
0.881788
-0.543195
-1.21319
4.66592
-1.5763
3.42372
2.44263
0.352339
-0.690641
-6.19933
-0.958978
0.712988
-1.18347
18.2146
0.682687
-1.55657
0.380473
-0.22741
-7.69861
0.0629879
0.954421
1.18383
0.775131
-1.42451
-0.590294
8.46731
-0.890191
1.50763
0.0900427
-0.663304
-0.0938338
0.359081
1.99736
-1.36844
0.191991
-1.45756
-4.22258
3.06919
-3.43299
2.33317
-0.443458
4.18404
-1.58013
2.6572
1.49244
-0.213616
-1.50108
-1.10811
-0.786161
-2.3337
5.5892
0.124133
10.1113
-0.455774
-2.99363
-0.442586
-0.647066
0.387456
-0.97051
-4.95145
0.146201
-9.83278
-1.61192
2.69751
-0.109217
-2.71701
0.952964
0.788498
-0.961758
0.121588
16.1027
7.39086
-1.48872
0.461928
3.46435
-0.479062
-4.0125
-2.27287
-0.574249
-0.21094
-0.0899835
0.60051
-1.48389
-2.08329
2.20504
0.0926023
5.88423
-1.83962
0.119498
1.77987
0.871702
-0.351043
-4.56119
-2.95673
0.176944
-0.743159
-14.2431
-0.610302
-3.00292
0.552055
-0.279917
-1.00073
2.65344
-0.437447
2.13762
-6.90061
-5.92066
-0.154213
0.401825
0.317279
-1.22245
17.9475
-1.60387
-1.82364
-0.177397
-0.522502
-2.34301
2.91796
-0.295004
19.914
1.28468
-3.13534
0.596932
2.95946
-20.9486
0.0578675
-0.141106
0.356632
0.379659
-0.454842
-0.110859
5.88549
-2.78366
-1.06616
-0.6606
4.20982
0.556917
-0.0351265
3.45928
-0.654036
-40.5756
1.01814
-0.12988
0.361456
1.2586
0.347234
1.51761
-1.60866
0.90669
-0.343113
-2.07875
-0.357388
4.56548
-1.0764
1.19643
5.84589
-1.66242
-0.692455
-6.21972
0.017676
2.09736
2.23318
0.624532
-0.318996
-0.31199
-0.169079
-1.11703
3.16128
0.479998
-6.73428
2.71773
-0.105544
1.51041
-0.182888
-0.559802
-0.567272
-0.356627
8.42148
28.7839
4.65768
0.125319
0.298999
-0.0568272
10.6261
-0.485648
-0.334148
-0.137522
3.35833
-0.00630662
0.500877
-10.8128
0.0600543
1.17739
0.436934
-1.02612
-0.261462
0.134702
0.450156
0.0451111
0.429945
-1.75117
1.26781
-2.37048
0.333945
-0.899054
0.391184
0.18831
-0.543112
-0.482912
1.68271
-4.79189
-0.465025
1.4411
0.567986
0.287542
0.484085
-2.68454
0.241576
-0.586797
-6.70593
0.127743
-1.18525
-15.8408
-0.925978
1.18449
-0.987128
6.43907
-7.55406
-17.4121
-3.92709
-0.749513
-0.584359
1.02938
-87.9282
0.433963
0.580221
1.57272
-1.32228
-2.43539
0.309645
9.64127
-0.547523
-0.655629
-11.5238
-3.01916
-0.513656
2.33723
1.57326
1.18934
1.396
1.16513
0.839225
1.47608
-1.74751
3.54465
-2.56364
-0.500536
7.68101
-0.150863
-0.727736
-0.899544
3.27639
-4.85986
-4.73847
-1.81608
28.9469
0.923408
-3.45764
0.583658
-471.896
-0.646963
-0.692028
0.656423
0.972155
-2.12307
-0.298251
-6.06739
-0.100553
-1.30245
0.199561
0.254462
-1.37651
0.0165078
0.765254
-12.1099
-328.229
0.220169
0.0877739
0.994573
0.148711
3.29208
1.37765
1.18675
1.30529
-1.73142
0.868506
-0.554117
0.952319
-0.333676
1.53769
0.248919
1.14018
0.132505
-0.0708744
0.728968
7.81958
-8.43656
-0.555916
-0.137869
-2.82064
-0.68371
2.33564
3.59774
-0.632107
-1.97453
-0.856622
-0.237313
3.7602
-0.0500624
-0.0896064
-4.43029
0.998196
-17.9432
2.75357
-0.314338
0.209513
-0.242972
-0.337025
-1.15003
-0.485089
-0.00685567
1.27479
1.36087
1.56825
-0.405546
-680.058
-1.31268
0.742253
-1.74235
0.454467
3.79573
0.0605906
-2.2672
1.19147
-2.35912
-2.0307
-0.449054
-3.21333
-1.73541
0.0301227
-2.06575
-0.752637
2.06662
52.7271
-1.27803
4.01244
1.62716
-5.86825
0.966643
0.614649
0.96289
2.02686
0.866176
-33.1758
-5.64944
1.48122
0.559905
-3.01522
2.89778
0.337748
-10.9861
-4.0491
2.87452
1.20824
23.589
6.03807
-0.848045
-0.205977
0.38115
1.36805
0.00437777
184.151
0.299427
25.9335
-0.101202
0.278094
-0.108697
88.7706
0.513732
0.15423
-0.331282
-1.65134
1.63585
0.926834
0.12747
0.481777
1.21186
-1.80952
-0.706959
-2.52701
1.74871
-0.359264
-0.723773
6.33364
-0.071111
13.8656
-1.0637
-0.906852
16.3993
-3.05773
-0.442323
6.63837
0.0230614
5.04479
-1.31548
0.664224
4.14994
0.577843
0.0338844
0.418609
-0.684143
0.72046
0.0831059
-0.350013
0.0384536
-0.458778
0.135417
3.23358
1.80258
-0.50114
-2.88536
0.165568
-107.544
7.46856
-1.97098
169.707
8.12349
-0.29731
7.85759
-0.625071
19.9571
-0.923558
-5.2773
-1.64656
0.546715
0.896895
1.12171
-1.95842
2.96366
-17.1064
-0.39728
0.359181
2.0968
-0.262541
7.01192
-1.2245
0.203761
-4.33839
-25.6108
1.04485
-0.72875
-0.348703
0.865749
-0.137466
-0.0964478
-0.518325
0.501955
0.412348
1.97038
-1.66287
0.784363
-0.819788
0.463659
0.76823
0.318717
-7.18749
1.03096
1.59847
-0.260319
-1.12142
22.6691
2.88983
1.41119
-5.11333
2.20644
8.34387
-0.48165
-2.26818
1.02587
13.8473
-0.326308
1.57247
-0.801574
-0.318052
0.668092
2.76217
-0.008049
-2.11203
2.68107
2.97673
-2.14269
-2.01124
2.60197
5.6361
-0.25274
-0.94651
0.141357
-0.279809
0.641242
3.68467
-1.18327
-0.214092
0.699205
2.4701
9.38225
-0.135213
0.235133
4.25211
2.69416
8.70945
-2.75681
1.2235
0.226328
-1.68309
0.186159
0.565718
-0.135882
7.25163
-0.15252
1.39811
11.0305
0.73853
-2.17613
-1.50414
-8.87206
-1.54626
0.268214
35.8031
0.762119
-3.83454
-3.98373
1.39213
0.193105
-1.96069
3.25009
0.733225
0.492336
1.6419
-3.66161
-11.8478
-2.33749
-221.039
-0.274561
-1.50858
0.521309
1.05683
1.60311
0.331053
-0.132581
8.4064
-0.860373
1.22393
11.5522
-0.265964
-0.0116102
0.2436
0.0289088
-0.320967
-0.585497
-9.93215
-1.97401
0.254301
8.74364
0.228802
-0.0274123
0.528541
1.31343
-1.63032
0.36645
-0.626003
-34.0124
3.58649
0.229457
1.81354
0.338366
-1.75322
0.54418
5.5969
1.39798
0.447832
-0.0979447
0.365951
-5.93889
1.0233
0.978914
2.97879
-0.789653
-27.2052
-0.515634
0.141103
0.261318
0.265763
2.55166
-4.87563
-1.51945
-1.25934
3.01001
-0.18122
0.787464
-0.11361
-0.360126
1.81655
0.876836
-3.88256
-1.67509
-1.10322
-1.22438
2.28749
2.10715
-1.00263
0.112307
22.7302
0.0423055
1.98215
-0.217863
-0.179462
-6.5947
0.46394
-3.35976
1.11687
-1.60272
-0.140924
-0.344835
0.0811693
-2.29404
0.495288
-0.400477
-0.955923
0.686131
-2.45728
-3.18193
-0.350032
-5.26726
-0.850744
-0.367383
-0.320448
1.55111
2.71747
1.42392
-2.99723
-0.0799989
2.56778
-0.00529543
0.0354544
2.28209
-6.13152
-1.28908
5.88427
-2.74402
-1.85102
-0.161113
0.709984
-3.8857
-6.38151
5.62227
-1.77376
-3.81309
2.06883
-2.67886
-3.23756
2.90754
-0.0239885
0.136109
1.13956
-1.18891
-1.25009
3.01996
-0.810532
9.20403
1.10087
-0.43794
0.218724
-3.06995
-1.48865
9.79928
-1.12391
1.68131
-1.65894
1.85236
-10.4053
-2.59757
0.810522
1.0005
46.2928
0.646081
0.728439
-1.06588
0.709281
0.433208
-3.36143
0.370075
0.570547
1.53428
4.82906
99.4423
4.2509
0.285782
-9.26029
-1.5949
0.0457924
-0.427113
0.236108
-1.30099
0.474454
0.819324
0.269101
0.3583
-2.57392
-9.02024
-0.753379
-1.00355
-0.774129
-2.12787
-13.6463
-4.85555
-0.108797
-0.459652
7.23864
-2.42913
-2.20068
-2.70957
0.617264
-1.10988
6.41624
0.159091
-1.67464
4.96488
0.242556
0.0388547
-0.216464
-0.771838
1.16682
-1.54137
0.525144
0.23067
-0.819693
-0.259513
0.886622
0.257191
0.19998
-0.889064
-17.5057
-0.943877
-3.96561
-0.144335
3.17767
4.88612
1.49221
-3.69472
1.23
-3.04163
4.27719
-4.97228
-1.69808
-12.4717
17.9562
-1.09917
4.47849
0.612595
4.63704
2.53153
0.549809
1.97604
-28.9612
-0.538256
-2.05069
0.249732
0.868165
0.659452
-18.7949
0.406399
7.76376
0.972388
-1.96139
18.0107
-56.6001
1.65933
0.720382
1.35042
156.307
-1.25357
0.994874
-3.02271
-0.0496646
-0.853972
-1.23809
-2.11594
3.92298
-1.75148
-1.45938
0.702562
3.00023
-0.783391
1.07838
-1.08143
-0.811098
-5.10059
-0.793044
-1.15571
2.37153
-2.56229
-0.961527
0.260046
-0.292356
0.428333
-0.511728
3.82325
0.855854
-0.262396
0.344046
-2.36935
-1.96657
-0.214374
1.54957
0.14105
1.66098
-5.85996
-2.21455
-8.94315
0.161741
-0.523671
-42.7767
0.115011
1.55191
-2.735
-0.299931
-9.10717
-7.65419
1.34763
0.701028
0.174911
0.0544571
-134.774
15.3495
-1.90699
-0.946465
1.58844
23.1923
1.50022
0.777458
2.14041
-0.543352
-0.218296
-0.401275
-0.16844
-1.25828
0.48322
-0.0528432
-1.92861
-0.637403
-0.124797
-0.135282
1.04378
-1.0756
0.563906
-2.89033
1.92191
-0.445398
2.3494
-0.764
-0.199566
0.657782
6.59886
0.412373
0.143424
1.90493
-0.0820314
0.512002
-21.7287
4.40568
-0.287334
0.0842988
1.65764
2.10058
-6.77282
-1.21247
0.994577
-45.3309
0.14728
0.682992
-0.146745
-4.88722
-1.07803
2.16953
1.49912
-1.59862
0.0259387
1.45671
1.91969
-3.36152
5.89488
0.562654
0.769495
0.897023
-2.16537
0.180814
-4.48379
0.0880496
0.0267588
6.41086
-0.773836
-24.8991
-2.04899
1.91729
2.57409
0.0495362
0.248294
1.4743
1.36277
0.35348
0.35004
1.27802
-19.09
1.8328
-0.169054
-3.96707
-0.935215
-0.323092
1.07525
-0.564878
-5.91442
-4.90208
1.08692
3.37981
-0.367921
-0.453057
-0.056965
-0.559444
0.199656
-0.89965
-1.59778
12.6078
-0.654064
0.315793
12.0272
7.3081
-1.05092
-4.96197
0.355458
2.39656
0.0625875
5.3584
-4.68613
0.142836
-20.3995
-2.17746
-1.57437
0.46595
0.753489
0.141178
1.31027
0.109024
0.54888
-4.50125
-3.83312
1.33475
7.76165
-0.101787
0.241846
3.53604
7.82631
-0.602676
-0.0868223
8.04788
2.61046
0.852293
-0.551162
9.75956
0.175303
1.11069
-1.48408
1.62512
-0.291541
-2.35309
1.52998
-1.59646
0.860998
0.441048
-0.198684
-1.09666
-0.984383
-11.6164
-0.345478
-1.27402
0.758911
-1.97302
-0.358157
-0.358859
-0.414428
1.76619
-0.611911
2.06972
17.4471
4.64901
1.09214
-0.0153332
9.66307
-0.282283
-0.517627
-5.74496
0.0220185
1.09509
0.566089
0.0820601
13.4268
-0.043142
2.51114
0.988197
-0.0217948
0.693291
-8.28612
-1.02483
-0.551388
0.448709
-0.438929
0.612668
0.98032
0.212078
-1.557
-0.505802
-0.224659
1.64801
0.527201
-0.035049
-0.630626
-0.918534
-0.367792
-9.48496
-0.770747
3.54521
0.848501
-2.93495
0.333159
-1.31734
0.53803
1376.72
0.720695
-0.616622
-0.755939
-1.29792
-2.03398
-0.244121
-0.050207
-0.40297
-1.06649
0.268094
0.74637
-0.620081
0.955197
-0.711218
-1.01793
2.21554
-7.06467
-0.862842
1.40314
0.0881724
7.71461
-0.331907
-0.124779
0.719254
-1.03033
0.107719
-2.26336
2.25064
-4.04693
0.538785
5.46387
-0.633458
0.0306997
-35.612
-0.419712
-1.43294
0.333838
-0.10579
-3.0364
-1.05385
2.76562
1.97658
0.332842
-0.200355
-0.0405369
1.79941
-0.545643
-1.38809
-1.1746
0.720806
0.976821
-0.400112
0.675906
-0.191471
-0.0304345
2.07798
4.70563
-0.0547328
2.53799
-3.15205
2.87328
-2.09581
13.9034
0.440137
1.07414
1.49839
-1.91927
-0.392676
-1.13827
-9.10155
-0.577992
-1.18527
0.527301
-1.74545
-1.73429
0.573016
-1.24355
-5.14043
-2.44681
0.641064
-0.163378
-0.265121
-6.23763
-1.10935
0.783276
-3.56294
-1.86694
0.678043
-1.18823
-1.71348
-2.14916
-0.658538
-1.63501
-4.15384
2.36726
-1.54376
-0.113791
1.19759
-0.409601
3.31523
-0.566652
-5.22941
-1.72326
1.26772
-0.125812
0.137127
1.2087
0.164037
1.87361
-0.0937715
-0.571595
69.3766
-1.13702
0.445929
4.09326
-0.376247
-1.50651
-10.6966
-324.888
-1.06744
0.255288
0.674546
0.217784
-3.23459
-0.28282
0.342649
-1.00421
-82.5798
0.374814
-1.11885
-5.24036
-1.02261
7.69695
-0.00287146
2.26119
0.137415
-0.493495
0.232121
0.107269
-0.54026
-2.68362
-2.47469
-1.09335
-4.39595
-1.6188
-0.387988
-0.227881
0.874089
2.95396
2.84392
13.2315
-0.137575
-2.37997
23.5817
-0.509204
2.98312
3.5699
-1.45222
1.54091
0.890706
1.77023
1.22434
-1.34053
0.602809
-0.911453
4.81309
0.0709712
1.27272
-22.4322
2.0799
-1.83434
0.291729
-0.21825
-1.4778
0.0292102
0.69652
-15.7325
1.8596
1.177
2.23243
7.08863
0.174595
-0.431472
-0.519473
0.205126
-2.85587
0.991087
0.411807
-0.578019
-0.663136
-1.22676
-316.369
0.260934
0.294437
-13.7624
1.73598
-7.28863
-5.39381
1.93554
-2.72201
0.703398
0.00805363
0.594402
0.105827
1.09718
-0.580194
0.781763
3.28898
0.5289
-2.10319
-0.680072
2.02833
0.0647914
-7.35628
0.559897
0.684472
0.743716
0.649162
-15.8728
0.677166
-0.114127
-0.785736
0.889202
-0.0413281
-0.837671
1.18677
-0.959737
1.30274
-1.37452
-1.81624
-1.46675
0.261345
-0.280681
-0.0838364
1.5684
-0.968648
6.18972
0.561488
-4.44981
162.53
4.74772
-2.22418
0.43862
-0.256917
-0.689403
9.90641
-1.39823
-0.397155
-0.458306
-3.0024
1.76441
7.62917
-0.298766
0.30447
4.71523
-1.79577
-0.389996
1.24661
2.08351
-0.494913
-0.157795
-0.340915
-1.3083
8.66744
-5.58337
-0.286761
-0.322236
0.466751
0.731471
0.931242
-0.627171
0.85582
1.31052
3.35031
-0.513331
2.30638
0.932529
-5.37962
-1.16052
-0.2114
1.09804
7.77683
-0.646713
0.803299
-5.48724
-0.267136
1.44382
-1.23806
0.247241
4.24408
-0.816079
1.11618
-7.62323
0.136569
-0.582254
-1.15096
-0.0757234
0.0634614
0.118483
7.38038
-1.09755
2.37069
0.79404
-2.88623
1.58612
-1.99342
-3.06967
-1.69669
-0.0810613
1.03948
8.96718
-0.152019
0.292518
0.0695222
-3.19726
-0.921351
0.0097297
-1.11448
0.141252
-0.363244
-0.311921
-2.8149
-0.890397
-2.44978
-0.0406305
1.01468
0.528745
-1.08292
-0.936936
-0.211491
2.07643
-3.18181
0.251924
1.58007
-0.817984
-0.389001
-2.01789
0.10366
-0.839051
0.354975
0.387714
0.923415
3.37436
-0.344723
-2.59567
-5.08833
-0.714319
2.37346
0.111678
-0.01256
-236.638
-0.394379
1.34684
-0.304798
-0.921498
0.612555
2.64229
0.0139583
-1.50109
0.238005
216.424
5.71587
-11.4468
-1.30922
6.87196
0.678386
0.304358
-0.585697
1.22006
-11.1776
3.84038
-2.17755
3.13166
-0.0236419
-14.8249
2.80688
0.618225
42.3694
-0.23699
0.505078
-0.876945
0.232561
-0.145482
-0.606334
0.943173
-1.04934
0.011688
-1.799
0.027699
0.788177
67.4835
-0.117766
1.4072
-12.6402
-16.6076
2.82734
0.366088
-0.127114
-0.254426
0.922477
-0.354479
0.137616
-2.42502
-0.348192
0.672034
0.388599
-15.362
0.0451013
-0.480069
-1.93558
8.90693
0.431491
0.0693674
-0.563635
0.158084
0.286001
-0.711587
3.00523
2.12129
2.03778
0.457741
4.99556
0.16649
-2.69844
3.01812
0.8167
0.515838
0.481092
-1.06705
-2.5867
1.41734
-6.57285
-4.21553
-0.110394
0.650966
-4.29338
2.13209
-0.210035
8.70205
-0.654728
-1.24415
-1.48541
1.63351
-0.175127
0.704083
0.182451
-0.0284175
-0.699576
4.30778
-3.23336
-12.7793
0.767517
0.723011
1.92677
-157.604
3.77803
-0.545422
1.19949
0.282869
-0.786029
4.27444
-2.84575
-0.0676573
0.886107
-0.738197
0.712381
-1.6066
-2.38455
-2.59367
1.79003
0.381462
0.0222518
0.797513
20.2943
1.1873
1.31555
0.785851
53.7051
0.175278
0.393097
-7.16839
-1.99339
-2.03916
1.27687
-0.420091
-0.6647
0.992582
1.97036
0.895964
0.352757
-1.01856
7.20733
7.13994
-4.5498
2.25452
0.583294
0.54931
-0.96257
-3.25791
0.476375
-0.275137
0.164866
-0.738985
-1.41993
-0.261153
0.115256
-0.300757
0.109281
-0.999436
-0.604984
0.777943
-0.703608
0.891066
1.60096
-1.27832
-0.809781
0.617889
0.293375
-0.576163
-1.22164
1.13184
1.26131
-8.54
-0.0463977
9.43374
-1.88342
9.77465
-3.60479
-0.880069
1.05243
2.29193
0.0311471
0.1518
-0.147639
-1.17118
-19.8541
2.58688
-1.35191
0.168157
-1.31025
-2.03511
-9.82749
4.14095
-0.283585
-0.480378
0.0084316
0.643199
-1.19238
-0.313711
-1.09546
-4.59202
-0.564918
-4.21254
0.0298598
-0.0279666
-0.276211
-0.562445
4.07728
-7.96003
-0.803001
-3.32208
-0.970124
4.16667
2.04703
0.992211
-3.88962
1.10978
-2.66563
0.426191
0.119193
-7.84845
-0.893107
0.396267
5.33382
1.86337
0.788886
-1.21093
-4.30404
146
-36.6693
1.35246
-0.138944
-1.31215
-1.3414
0.343796
0.794463
-0.499103
-1.71758
-0.243215
2.30436
0.732701
-6.6677
0.164405
-2.72791
1.00191
17.393
0.0822713
-0.128792
4.31629
-0.242506
0.501453
3.61896
0.136784
-0.206871
0.386153
-0.0253473
61.0351
1.22684
43.4085
-1.96314
-2.26673
0.0786354
0.583893
0.664146
12.0116
-0.179989
0.339204
0.0902492
-0.158592
-0.372587
1.36149
75.3609
-0.294254
-0.269464
-0.485332
0.740818
-1.46265
-3.0925
-2.51817
-1.28747
-0.442354
-3.30807
1.98418
0.476976
-3.74835
-2.89485
-1.49403
-0.112343
0.368018
-0.250691
-0.256321
3.25347
5.52769
10.8747
-0.230623
0.234913
-2.34493
1.89483
0.244306
2.39095
3.13266
-0.294096
0.440708
-0.259157
-1.39951
0.805713
0.367686
-0.0393244
-0.531075
1.23842
-1.96099
1.44086
0.947662
-0.510601
-0.899857
1.2647
-0.154815
-2.01559
1.43256
-0.296079
1.43732
-80.298
1.47555
-4.0801
-1.60966
1.27056
2.05767
0.327819
0.388408
-0.110426
0.0301137
-0.26193
-2.99135
-0.499244
0.00127198
-0.129048
-2.80786
0.256777
0.402255
-3.19591
1.183
7.94453
2.5397
-3.36571
8.80812
-0.706366
-0.608034
0.723714
-31.5087
-0.975154
-0.409505
15.0379
0.992565
1.23331
-9.9112
1.9877
0.520682
1.21652
0.865806
2.04808
0.0985891
-5.87948
4.09505
4.79371
-0.133849
1.21564
-0.235936
0.0299107
-0.496112
0.637487
1.51012
-2.05878
1.83637
0.779505
0.219199
1.30687
-0.609379
0.17032
-19.3895
0.444773
-0.692053
2.85413
1.49284
2.3465
19.7898
0.428324
-3.70923
-1.31255
-0.503633
3.08108
-1.56085
22.9814
0.0275533
-1.05134
-1.02941
0.0188818
-5.92735
4.14521
-1.25215
-1.40889
-0.949796
-0.358702
-0.163628
-0.07747
0.856183
3.30811
1.17067
0.884417
0.360135
0.249913
0.97733
-0.0761106
-0.970867
-1.39135
0.547407
-0.182017
2.58631
-29.375
0.225632
0.548737
0.322567
-1.30156
1.43268
-0.650075
-1.39487
-0.136174
0.174068
0.374072
2.32335
-2.54921
-2.74469
9.0692
-0.030503
2.30622
10.5813
-67.9508
-3.78437
-2.60137
0.29385
-0.253541
-0.566774
1.39436
2.91064
0.204877
0.138036
0.56826
-64.8801
-34.3445
1.82464
-7.26287
-1.78181
-3.42515
3.57826
-0.195411
0.615939
0.964606
-0.837879
2.32784
-2.54056
0.853459
1.05164
10.9604
-1.76494
1.03183
4.12737
-10.6832
-0.697233
1.26033
-0.0506884
1.11421
0.186209
-0.128785
-0.0145028
-0.97283
0.466471
-2.41352
-0.285522
0.687982
1.2397
0.287384
-1.07842
-0.934593
-0.310565
0.630036
0.148902
-0.482857
13.6327
-2.6515
-0.170747
1.20125
10.5812
0.552761
5.45277
2.22075
-0.165178
-0.109609
-0.548484
0.361022
0.178575
10.0069
-0.345225
11.2191
25.3145
1.61635
0.543174
1.45387
2.94636
-0.187097
2.06056
0.858177
1.16296
0.489319
-10.9646
-0.215746
1.10533
-1.42336
-0.790444
0.463307
-0.0745688
0.571482
0.665338
0.883616
0.753668
-0.582435
-4.24901
-0.74896
-3.201
-1.78659
2.31169
-2.48481
0.868343
2.8343
1.22583
0.525735
-0.545119
-2.25475
-2.04776
2.37458
-0.648918
0.853934
-5.14446
4.80012
-1.12965
-0.693608
-0.102563
-7.02161
5.58735
-0.513606
-0.238927
-0.692134
-1.29155
0.900949
0.503465
3.16268
0.645544
-14.1342
3.39891
0.265898
0.506805
0.810855
-0.824176
1.06499
0.700732
0.54541
-3.53548
-3.99144
-0.564158
2.87007
1.16296
-0.060719
0.352182
-0.325344
-1.63852
0.476448
-2.12313
-0.512733
1.91767
0.620572
3.07797
-1.5867
-0.660428
-7.22536
0.436439
-17.6483
1.22908
0.780091
56.3032
-0.956002
-6.67685
2.2788
0.543945
1.73383
-3.24917
-0.0958665
7.75075
0.138771
-0.143686
-0.80986
0.265391
1.8334
-2.97297
0.111921
-0.144975
4.23768
89.5715
-1.30788
-2.05799
0.67308
-1.05597
-0.115094
-0.827746
34.9306
-8.1607
0.399269
-1.89583
-0.0997681
0.732782
-1.92751
-59.4074
-0.510447
0.0366923
0.167731
3028.09
1.54546
-1.19691
-0.279189
-0.00272588
0.464817
2.22536
0.821727
5.18879
-0.313563
0.0940215
-2.45691
-0.779384
0.566578
-2.63052
-2.33098
-0.701459
2.18798
2.82993
-0.375594
1.22136
1.36628
-2.98796
-0.422741
-0.418472
0.478866
-0.336775
-0.531447
2.0175
-2.35104
4.98307
0.188987
33.5555
5.96816
-1.63546
3.24013
-0.597667
-0.882456
3.00448
-1.06306
2.37072
-1.00976
-3.99539
-3.21747
0.395238
1.82617
14.3467
3.38164
-7.31872
0.725298
1.52877
6.01576
-2.9052
-0.192975
2.26807
2.25669
1.18429
-0.987928
1.51888
-1.26427
-7.45792
-0.348407
-0.146328
2.1686
6.5671
0.56109
12.2327
-0.883202
-1.74329
-0.444655
-0.0821396
-0.358056
1.96746
-0.776993
-1.53282
-2.42474
0.0697019
2.15293
1.03184
0.795849
-0.476496
0.229615
-4.95712
-0.0978812
0.768075
0.175109
-1.48741
-0.919985
-0.391056
1.78904
0.0953605
0.88294
-2.47507
-1.86162
-3.6423
0.126452
-0.769729
-0.53836
-0.597717
6.18107
9.51049
5.10193
0.0141756
-2.2414
-0.585759
-0.20128
0.172664
-1.00367
5.14388
-2.24621
0.985066
2.11293
1.40095
-2.03244
-3.95548
0.799916
-0.761369
2.70486
-0.564113
-0.216918
-36.4471
0.117898
-3.62249
-0.41134
0.924969
-0.245673
-1.06878
0.720709
-22.3487
-0.816009
1.02664
0.185659
-0.804817
1.31496
0.237113
0.273405
0.738751
-9.27137
-18.9354
-0.292576
-1.46559
-22.741
2.44494
-1.03574
-0.795693
-2.85002
0.734186
0.990199
3.62068
0.0847591
18.5132
0.264082
-3.74311
-4.29423
0.270143
-0.0257589
5.01328
-22.4788
-0.162403
18.2516
1.54397
-7.28936
0.261621
-1.54046
-0.537842
-53.739
-1.62853
-0.456334
-0.680803
0.967385
-0.673996
-0.240598
-0.87337
2.75379
1.18759
0.115868
-1.05936
1.64214
-0.46259
-2.56918
-0.387933
0.207151
-0.265445
1.0113
0.0982361
-0.623173
-0.0424702
1.79973
0.205861
0.871111
1.23921
0.197344
-3.29357
-0.456074
-0.16665
-0.867506
1.72095
1.00216
-0.975332
0.270925
-4.14161
5.56319
-48.7579
3.47417
5.53238
-0.363297
0.253323
1.38015
10.2529
-0.508413
-1.15683
-0.252546
-0.263803
-2.08975
-0.349732
-112.748
0.869617
0.249046
0.0850961
210.134
3.83492
2.41388
-0.423485
-3.38446
0.309617
-0.581545
-0.235952
-6.23085
0.429906
0.812255
-0.715241
0.254717
-0.47016
-1.60622
0.551592
1010.57
-20.1209
10.19
0.149027
-40.5381
-8.42759
7.69351
0.403836
-0.902224
-1.0997
0.743535
0.544473
-0.0397569
2.35433
-0.950299
1.98666
7.4912
-1.03543
-4.25084
0.146405
10.2042
-1.84803
-1.40195
-0.0251404
1.51911
-4.29917
-2.05646
-1.50394
1.30747
1.46235
-1.84305
-25.1703
0.28499
2.68653
-7.17711
3.7702
-171.673
-3.23982
0.357123
1.18325
-1.07725
-2.64033
-1.15497
1.06024
0.678529
21.3496
-1.26273
-12.7334
-0.360281
-0.0236376
1.20856
-458.514
-1.20428
-1.21264
-2.80891
-0.349516
-12.1437
2.10211
1.84259
29.6359
0.52448
-1.34845
-19.3674
0.433644
0.398305
0.166841
0.0535817
-3.54252
-0.248491
2.55722
3.19367
-1.19897
5.42301
1.27527
181.193
-0.0801166
-0.328955
-1.10102
-1.01778
-2.39592
-0.282671
-10.3694
-0.83329
-0.676528
-0.642333
2.32676
0.24635
0.286064
-0.106154
-1.12751
11.1127
-0.786287
2.62366
2.63659
-4.80989
1.64955
-12.8745
0.665383
0.0620669
-1.39382
-3.13281
0.396578
0.835007
3.01365
-2.73863
1.15303
-0.617787
-0.0895157
-0.294481
2.22054
11.1578
-15.6883
-2.83067
1.25116
-1.05405
-0.700166
-0.536074
-2.11713
2.14666
-4.64674
-5.36409
-3.21674
38.3561
1.11501
-11.6021
1.47985
-2.06836
11.5246
-0.032375
-1.10801
0.684352
-12.7306
1.24502
0.668466
-0.196
0.680335
-2.38207
-0.488702
0.00448739
-9.02888
7.293
-0.588358
0.152698
-0.531801
-2.65935
-1.32504
-4.45733
-0.609077
-0.48158
-0.209171
-0.27553
0.431103
-0.774352
-2.55644
-0.628764
-0.362765
0.170014
1.35261
0.610375
3.67424
-23.8335
-1.06213
-0.608468
0.93774
0.261665
0.647575
-4.73665
-0.0756229
0.419408
3.78574
1.38876
-5.97108
0.922916
9.56489
0.318585
1.35453
2.4741
0.825441
-0.181303
-0.302259
1.05218
0.678835
-1.34528
0.791112
-0.192838
-0.764875
5.9275
23.3156
12.9906
-0.694987
1.68492
-0.298772
1.34478
-0.255457
-3.08477
-6.23654
1.93896
-0.745347
-1.3834
0.9907
0.20292
-0.106665
-3.70733
-0.0438707
-1.07837
33.1451
-1.85491
-0.303456
10.9712
0.074493
0.0473222
0.268223
-0.637593
4.70908
-0.212308
1.08951
0.224548
-2.1433
-1.4122
0.00437659
0.679169
0.0331054
-0.30947
2.48342
-4.16395
1.54089
-1.28869
-0.614878
-10.9681
3.42185
-1.12
0.765445
0.957097
-0.00937317
2.68698
-1.33134
-0.923679
-1.3151
1.82805
0.782286
-0.813834
-1.04412
0.395625
-0.393757
-0.375598
0.129601
-0.421475
0.366576
-2.00302
12.4142
-0.756133
-1.41697
0.52144
0.436869
3.06166
-0.932089
-0.0233196
-1.69825
3.72546
-0.728243
1.80222
-0.229486
-3.85652
-2.18064
-0.99389
2.1309
-3.39648
0.114059
-1.94195
6.89885
2.22295
-1.86575
-7.0643
-0.341155
4.27673
-0.250607
0.0929223
-0.182071
0.236972
0.55201
-1.57733
-0.563501
-1.35389
-2.83684
1.02951
0.920028
3.93726
-3.42007
-0.535278
2.81602
3.29925
-90.7901
23.7251
-0.600748
-0.45719
1.21823
-0.371298
-2.52624
-22.6064
0.695642
-2.13813
-1.1633
2.06468
21.3433
-0.573532
0.834542
-1.55475
8.65894
3.41729
-1.63261
0.968267
0.322269
-0.5132
0.0717769
4.88
0.674167
-8.67516
-0.407059
-1.16082
-1.73566
-0.0303095
16.7074
-0.434715
-0.857447
0.948429
-6.50394
-4.09793
3.74946
1.06401
-1.4494
0.7952
0.939048
-1.46745
-0.301924
0.805275
1.99613
-2.18548
0.654409
-0.40887
-1.55643
-0.482682
12.7946
4.36815
-9.28654
0.79515
1.10306
1.5513
7.32699
1.1047
-1.74199
-1.36388
-0.131699
-1.82002
0.976339
-1.22013
0.656435
-0.427853
0.609843
0.294259
2.00699
1.31757
0.283087
-1.28707
-0.184461
0.098318
0.677493
3.8714
90.1765
-0.331675
-0.0397923
-0.338862
1.29984
-0.968339
-0.00929369
5.72945
0.954365
-61.4254
-1.02707
-5.13255
-0.00236931
-1.07966
0.440935
-0.259445
0.165522
0.222936
-0.0782935
-2.28067
0.657252
0.632391
-2.02501
-7.26267
-0.194883
-9.97287
25.3798
-1.51145
-0.115927
0.479228
-2.88033
-2.8255
-0.110516
2.34044
-299.917
0.805967
-0.180751
0.25256
-1.55199
-7.96214
1.7029
-2.68491
0.424377
-0.0620775
-4.55935
2.20243
-0.504478
-0.144025
-0.751088
5.18132
0.725861
-0.817197
-0.720123
-1.58284
-0.353266
1.76225
-0.299135
-6.69574
-0.513557
-2.68108
3.71188
1.26928
133.662
1.97483
8.30038
-1.57667
0.0131916
-1.6474
2.41923
-1.17982
7.86401
-0.642301
1.85527
-4.14201
-0.625402
9.10717
6.70722
-0.0221229
0.191614
-1.69981
-23.2768
-1.34545
2.50829
0.418151
-0.497749
-0.357849
-1.13049
0.169492
-0.117993
-0.110635
-0.557389
0.245193
-5.76998
-2.07034
0.471068
-0.536984
1.14275
-1.55518
0.655732
-0.923206
0.914135
-1.1535
2.49246
-0.267901
0.263189
-1.36783
-0.15971
-1.02836
3.4008
-0.838394
0.26648
-1.38802
1.54124
0.976359
1.19771
-3.86372
-12.2506
-1.1455
1.17722
0.122726
27.393
-0.885935
0.918381
3.03623
-2.53875
-0.60555
0.312324
0.214976
-1.08821
-1.41438
-0.617768
1.56108
22.5129
-0.358121
-10.079
48.1446
13.5066
-1.07239
-1.02899
-1.39682
-6.38971
-0.974971
-0.595922
8.35185
-20.6271
0.420513
-0.242101
0.955706
0.867911
-0.221964
-0.635838
0.00727894
0.783167
-1.21735
-0.149305
-6.82119
3.20832
-0.637727
0.0468276
0.568941
2.70641
0.258264
0.250326
-0.176868
0.991658
-1.1938
0.536915
1.38921
-1.97695
-3.73888
1.49826
-1.37637
0.134859
-0.891167
-0.544356
0.401757
-2.7022
0.428944
114.394
3.508
-3.21502
3.97151
1.14676
2.28211
-0.464517
1.47803
-0.0205993
-2.44967
2.14903
-0.855855
0.018597
0.63732
-1.20876
1.54716
0.301125
5.5753
-0.977416
-1.57897
0.580532
-0.831418
0.0737793
0.752756
-1.69697
1.64531
-3.09908
1.33826
0.543793
1.22393
0.610607
0.430955
4.67225
1.11351
-0.419518
2.21514
-0.217943
-10.4823
0.433329
-1.32721
-4.67099
0.602781
-0.209041
0.292535
-0.0972775
-0.15875
1.17488
-0.438358
0.418568
1.88692
1.71142
-1.56417
-0.129572
-5.90749
1.1503
1.36978
-0.565661
-2.28187
-0.610681
-4.0081
7.35842
13.6381
2.18776
-1.99093
-2.33543
1.44921
-0.660216
-0.281064
1.68729
-0.532231
0.990956
-0.28746
-1.63218
0.371539
-0.897589
-0.832884
-1.46961
-0.0787085
-0.175894
2.20723
1.27036
5.36576
0.603616
0.326373
1.91203
-0.3281
-0.25934
0.699021
1.97296
-0.715705
-2.92038
-1.88825
0.00147144
-1.13443
1.09161
1.32309
0.137043
50.5948
-0.240645
-0.82182
0.122023
-0.405603
-0.419216
6.7124
0.876885
0.849506
-0.0524693
2.36682
1.62784
0.403518
34.2839
1.61998
-0.450198
0.339588
0.516461
-4.27453
0.586185
1.27713
0.80387
1.02674
7.56788
3.45681
-0.719697
9.90187
-2.04244
-0.124445
52.4451
-4.33644
10.1211
1.28537
0.148609
-0.107681
-1.02992
10.4067
-3.37824
-2.88755
-1.33051
0.667202
0.771249
-4.08758
2.29368
0.331599
1.21595
0.316308
-1.2463
-1.20266
-0.624547
0.11583
-2.78002
0.793264
1.68889
-15.4056
1.43016
-0.51574
-3.02791
0.194276
-2.8157
-16.0044
-3.12853
23.8161
1.40563
-4.48889
-0.231123
-2.10662
0.198959
-0.158594
0.411182
0.469426
3.37756
-0.301223
-0.999922
-0.944034
0.414859
-3.57058
-1.23751
-1.01071
1.53859
-0.0612761
-4.96114
-0.0876561
-0.382264
-0.0452385
-2.07181
85.1741
-10.6762
1.76842
0.481268
-1.03028
4.10982
0.622702
4.81155
0.255529
1.14886
0.668631
0.502912
0.375635
-2.99908
-1.74615
-1.38016
-0.510321
-0.903492
4.20025
1.83865
0.135976
1.05244
-0.943795
0.63811
5.34988
-0.514764
-2.60565
-2.45767
-0.669072
119.55
2.75339
-0.332643
-0.688213
-0.0980912
-1.66039
-0.846083
-0.513016
0.232343
2.80504
-2.38382
1.30609
0.133706
0.0608939
-1.28967
0.711665
-0.551512
-0.823158
-1.94607
-0.4292
0.533922
0.344175
-0.242596
-0.291023
1.64749
-1.35123
1.57654
-0.692459
-1.49658
-2.78941
-1.93313
1.2047
0.899609
0.592742
1.46092
0.381063
0.638476
3.02923
-2.9041
-1.34076
0.827287
0.201427
0.422336
0.492014
-0.722986
3.37479
10.2825
1.61265
-0.736194
2.08576
4.80983
4.14492
-0.847527
-1.20717
0.00491778
1.20917
-1.38483
1.1187
1.87449
1.66164
1.08311
4.20234
0.486645
-0.479737
-1.72849
-0.875605
0.683287
0.172821
1.87527
2.04862
2.59021
-3.62619
-7.41968
3.24588
-1.75062
-1.02222
-5.56614
2.08461
0.0615968
0.685025
2.20088
-1.05092
-1.03258
-0.815368
-4.76776
-0.171024
0.691988
2.31631
-0.219282
0.20929
-0.912436
-1.48511
-16.8519
-0.0126091
-2.72078
-8.28423
1.43269
-0.146169
5.9583
1.56803
1.30108
0.911935
2.31976
43.7682
-0.613172
4.03187
-1.11778
43.9579
0.496471
-0.0237309
-0.769479
-0.79087
0.665574
-0.283372
0.048367
-2.75198
-1.43485
-10.967
-0.11242
0.124235
0.503821
2.39487
-1.27713
2.30486
-0.15905
12.993
2.09499
-6.08603
-0.0687852
-3.82362
1.23123
-0.44137
1.26223
5.86504
2.22391
12.7239
2.16556
0.0796332
2.06161
0.946268
-0.819882
0.188844
-0.437883
13.4548
1.49775
0.398391
0.942119
-0.0827887
0.32521
-0.271843
2.43819
1.0679
-4.31412
-0.899418
0.567057
-0.52969
0.495165
0.598506
-1.60419
-2.37139
-0.571105
0.66171
-2.95722
-0.290996
-0.0230274
1.58737
6.01093
-0.018362
-1.20182
5.31642
-0.996382
-1.90637
-78.0272
8.93243
-0.0277018
0.196546
-1.1325
-0.669839
46.4013
1.52625
0.250665
-0.28737
-0.344912
-0.642852
3.31365
-0.201507
-1.10324
0.845532
1.5981
-2.1398
-0.223837
-0.974832
0.988884
1.0169
0.214105
0.653043
1.45382
0.331741
2.4882
15.6333
8.07933
1.39453
-1.0151
-1.50607
-0.799438
-1.31785
0.839499
-1.63676
-5.79795
2.51633
0.197898
-0.802875
7.13269
-0.0784551
0.248996
0.0839578
-0.903058
0.261029
-0.845871
-4.62296
0.7126
1.25986
-0.173251
-1.23042
0.336653
24.8452
2.43255
1.34556
2.11819
1.29803
2.6077
0.203343
1.86441
-0.660568
0.281427
2.1958
-0.0159026
-0.0159819
-1.67851
3.37404
-1.46497
14.4931
-0.68307
0.0296303
0.127094
1.86617
3.20799
6.49997
8.90767
-3.29137
0.130337
0.197131
-1.53545
-2.94727
-1.65972
0.611574
-3.34175
-1.79076
-0.408565
0.114174
-2.8331
-0.942441
1.28054
-1.48237
-3.01593
0.379462
-0.248251
-3.53864
-0.338968
1.6724
0.619403
0.565888
-1.81515
0.356789
0.866483
-0.413646
-0.243338
-1.27524
20.9905
1.68704
-2.57222
0.155525
0.709424
0.0915615
-0.233227
-1.28957
-24.1992
1.56108
-5.66115
1.9193
1.23831
-0.213117
-1.11787
53.8865
6.42297
-0.632615
33.4389
0.396742
0.550254
0.413783
1.4092
0.17266
-0.438614
18.5593
2.81921
-0.594217
-2.39715
-16.8747
-0.147858
-0.789816
0.248921
0.624135
2.86316
46.2467
1.63068
1.90232
-4.30491
1.19433
9.41574
-0.363249
-4.66365
3.2615
-0.0573644
-2.31905
0.968563
-0.0540503
2.0645
-0.428477
0.0366783
-0.279386
-0.845069
-3.82197
-0.757249
0.387081
6.55515
14.1181
-2.86007
0.215713
0.323179
-4.16245
0.111889
0.0694216
-3.33857
0.39583
-0.811808
0.469548
-0.0325875
0.631381
-0.799542
1.20256
-0.124131
0.497276
0.0602296
-72.0707
2.49195
-0.0140684
-1.27375
-0.0406064
0.337461
1.30923
-10.6311
-1.15361
1.76213
1.44145
0.887081
-0.468924
-11.05
-0.732655
0.153442
-1.35739
-2.96731
-0.32769
2.13632
1.12643
-0.159045
-64.2494
2.62631
1.15454
0.908432
-2.30324
-1.62327
-0.708783
-3.27199
-0.588519
0.78543
0.49706
1.46076
-1.80667
0.252671
-0.233213
0.560017
-0.533349
-2.16635
0.892282
0.252013
-3.6985
1.2698
-0.420658
0.384125
2.56103
-0.644226
-0.244674
7.06434
-1.39296
1.43993
-1.04003
-1.21381
-1.37626
-3.30721
73.8692
-0.00124779
-1.00671
1.14239
0.861905
2.56342
-2.5548
-1.10741
5.09062
4.6212
-5.04858
0.452241
-0.257362
6.44208
-19.8656
9371.62
-0.348042
0.0242679
2.79791
5.04307
-3.318
-1.10218
-0.38013
-1.30471
-0.202566
-0.786388
-0.717792
6.47756
0.624656
0.888247
1.72997
2.48737
-2.44549
-0.0172988
5.96774
2.92834
0.0887051
-0.330592
-0.303041
-0.152939
0.233912
5.4946
-10.7383
0.00538151
-2.77254
0.0956426
-2.45285
-2.1232
2.21772
-0.196665
-1.55916
0.198479
-22.6338
0.0315426
-0.635063
-4.41411
-0.862157
1.27597
-0.610058
-1.82427
10.5548
0.0971454
-0.471383
1.57077
-1.27351
0.0749329
-1.02433
3.92404
-0.0192927
0.906283
2.7565
-11.3874
0.137417
0.37631
2.30973
151.28
-3.38373
-2.13776
-3.30611
5.23379
-0.666746
-3.39095
0.615279
-0.912192
9.4935
-0.227799
-0.206801
0.771671
2.17677
1.44599
-54.2353
-1.95799
-1.56173
0.747106
0.857616
2.33829
1.07857
-0.385892
4.20187
6.20307
4.50195
-0.573723
-3.43353
1.50241
0.964075
-4.42841
0.192069
5.19154
-0.636139
-1.84471
1.0054
0.0835483
0.083912
-0.0521948
-212.974
4.52545
18.4239
-0.27534
-7.69578
-0.315868
1.13765
-7.23597
1.09404
0.505418
0.00689659
1.00063
0.4988
0.0756692
0.0747553
0.299265
1.27462
27.1903
2.21356
-0.342802
7.60176
0.095352
-0.030894
-11.3642
-3.83801
1.62588
6.10654
-1.25509
-0.963221
3.84877
-0.895202
0.246371
0.862817
0.445715
1.15779
-1.15991
11.6895
-0.782382
0.474109
4.9966
-0.258914
7.21378
0.4761
-2.09863
-2.24109
-1.60326
0.234334
3.89357
-0.552187
-2.23988
2.31992
0.55611
19.3646
-4.09328
-12.3355
0.0379167
1.18941
0.431522
7.31133
1.16507
-0.81533
2.78926
0.356706
0.143297
-0.132944
1.13168
1.07774
-1.01352
0.0715246
3.07739
-0.0600258
-1.0328
-3.62141
0.26144
-0.506775
-0.0501442
0.146016
-9.49186
-3.68402
0.341001
5.96387
-0.547795
0.260583
10.0237
1.01657
-0.348358
-0.256583
-0.39739
-0.147472
0.947775
-1.93823
2.5223
-0.253232
4.63581
-0.53253
-0.0322116
0.17358
0.427381
24.505
-1.47124
2.04129
0.0806113
0.367034
1.0392
0.33799
-0.0325165
0.346508
-0.875664
-0.843183
-0.394859
-0.443737
0.562938
1.40536
0.347221
0.852129
-0.461391
1.36763
-31.1207
-0.181505
4.39825
-0.351947
0.96488
-1.26913
0.016044
0.309198
-0.426098
1.25589
-0.724549
-0.547942
1.57332
2.32636
-1.32013
1.28924
-4.06839
-1.76657
2.6737
-1.17331
0.519857
-34.8508
-1.74211
0.577107
-0.377376
-1.3423
0.365685
4.22354
1.24019
-0.753577
-8.45098
0.167404
-0.0117037
0.258423
0.363795
-0.195239
-2.0098
-9.04933
0.395184
0.137074
-1.76278
-0.204925
-1.72561
0.88701
1.02329
3.82763
-0.279731
-2.33746
0.487626
0.93757
-1.41299
1.6757
-1.4107
0.588715
-1.2506
0.60089
2.31406
-0.697161
-2.45164
1.22958
2.19434
4.72103
0.242206
-1.55262
-0.0037271
0.607605
-0.433986
1.04765
11.842
-2.85185
-1.2223
0.434231
-0.313261
3.51838
-13.3361
0.878777
0.221724
31.0306
27.0891
5.94384
2.06108
1.0607
52.2435
-0.0980637
-1.72411
5.77718
-0.891998
-0.912098
0.457188
2.38685
-1.26623
-0.80194
-0.38142
0.469334
0.379292
4.7741
-0.0303714
3.90103
-16.26
-1.40814
0.994729
0.163149
0.522027
-10.0877
0.274634
11.7179
-1.09258
2.87088
0.385842
-0.236865
-6.05182
-0.633617
-9.88192
-1.89216
-1.54716
1.07633
0.218562
-0.408206
-8.05737
0.714956
-3.74522
-0.216599
2.89184
0.116668
-0.0531646
0.797352
0.480613
2.43381
0.469505
0.66193
0.841538
-0.787357
11.6843
-5.44348
-0.0843236
2.19727
1.18223
-0.495253
-7.3053
0.854491
0.558614
-3.3547
-1.25146
-0.540072
16.9867
3.05183
0.830716
2.47465
-0.255461
1.38724
-8.76893
0.206247
-6.30621
-4.98912
1.34593
-0.788301
-1.1497
-0.317087
-0.0640615
0.433626
4.01283
2.31949
13.432
0.126961
0.187634
-0.134473
1.49638
-2.13534
1.42625
5.41311
1.66045
-0.736885
1.73313
4.22851
0.292275
1.97887
-1.08098
-0.0838927
-1.10856
-0.718099
1.08712
5.26203
5.7005
-1.00223
-0.745357
-7.02604
-0.42339
-0.136039
0.11403
-6.66039
0.548212
0.295612
2.01627
-0.681524
-0.673369
0.357821
-0.377449
-0.632073
1.03717
1.60363
0.0137688
-0.186241
-1.24729
-1.66846
0.901084
0.809191
1.28243
2.10542
0.124941
0.180861
0.309447
-0.43961
5.11333
-0.0197558
-30.2953
2.87065
-2.51371
-0.260253
-0.580906
-1.65815
3.01907
-3.32021
-0.346953
-1.40025
-1.14461
-1.21213
0.616772
-4.04962
-0.182312
-0.158425
-0.080272
-0.254962
-1.3559
0.674547
1.12032
1.65169
0.174679
-0.424729
0.729873
1.19039
0.364504
0.615646
1.81546
-1.28133
-0.870072
1.38939
-0.0983218
0.0494369
0.981669
-4.00835
0.930054
-1.65148
4.60393
-0.284815
0.291685
-1.40184
-0.249132
-16.8061
-1.03222
-2.7319
0.128285
-0.265178
9.97113
-0.347941
0.365603
1.55401
1.81995
-0.348947
0.749168
-0.687765
-0.454117
-0.531785
-2.61937
-0.104787
-7.42926
-0.900382
7.29681
0.120942
-0.132732
4.0105
-1.14006
0.319326
3.63928
-0.0145785
-0.0379357
0.46611
5.29441
-3.06018
0.0918405
1.26946
0.274846
2.41364
-0.583937
0.529458
1.09173
0.413489
-0.552796
-128.161
-2.25575
0.360759
0.614916
1.52459
3.83703
0.433356
2.10204
10.1632
-0.0999219
0.515574
-0.86086
-17.9276
0.0244972
-0.785952
-0.892312
-0.803164
0.219055
-8.01465
-3.58441
-0.655487
-10.1681
1.48346
0.305445
1537.27
2.31873
-2.84564
-26.779
0.98189
1.12617
-0.0814006
3.24403
-1.0295
1.38377
-13.9687
-3.98444
-0.21756
-0.0179153
1.55071
0.872346
-0.960489
-7.05606
6.95854
-0.915169
1.5061
1.5604
-7.44449
5.97872
1.79059
-8.62518
0.20349
0.434082
-0.631543
-2.111
-2.57725
-1.7791
-0.22651
1.43213
5.60263
-0.872995
0.840914
-0.0143083
-0.0754354
-2.38051
-0.800062
1.19712
3.3905
0.639283
-9.45566
-0.116645
0.692154
-1.16446
-0.751874
0.989882
-4.47937
-2.21415
-0.0230755
0.93838
0.191466
0.783322
0.182115
-0.109694
-3.41797
-18.9
-0.374802
-3.05443
-0.717478
-0.288911
-1.55649
-0.207113
-0.307427
591.475
-0.762131
0.805387
-1.46085
-2.77605
1.9761
3.13444
0.474081
0.182441
-190.733
-1.3047
-12.9718
1.14222
1.54813
-0.179474
1.98032
-0.670415
-0.633885
-1.58056
0.474818
-1.85283
-1.78589
0.881813
-2.13937
-3.74943
-2.04913
16.8358
8.00842
-6.5942
1.39358
-15.2556
-1.80394
-0.63016
16.5304
-0.571197
-13.9521
0.416566
-1.33361
0.71632
-2.24639
-0.0511805
0.168829
0.600674
7.08204
-0.525384
-0.445552
0.231026
0.0670035
-1.10712
-14.3152
-0.902067
-5.70126
-1.47536
1.79324
-0.514166
3.87056
0.736975
2.79455
0.771724
-6.67977
-1.12958
1.26146
0.435838
-3.74824
0.581036
-30.0166
-1.87915
0.0554815
-0.0286409
16.3519
81.1037
-2.35534
-1.2763
-7.90322
3.45441
1.45077
-0.204301
0.493909
-0.2929
-0.0960829
-1.02551
0.230137
4.70472
-0.581292
-3.82142
0.937243
-4.36765
0.547966
9.43156
-1.66706
-3.71738
-1.19929
-0.483069
3.11503
-0.238085
-2.03306
-2.55206
-1.81252
0.0993668
-0.087889
0.744229
-0.354083
-0.278448
7.13387
0.905331
-0.00289089
11.731
-0.594612
-2.00573
-0.124734
-7.50454
1.49009
1.39112
0.707109
-0.730642
-0.704103
-5.12936
13.0464
1.25002
-5.78818
0.990412
-0.0922554
1.08055
-0.440802
2.24794
3.33264
-1.20001
-0.427287
-6.92623
0.314342
-0.210181
1.82575
11.1108
-1.97863
-0.0766029
0.23688
0.827835
9.45279
-2.05315
-0.191897
2.02136
1.57133
-3.93581
-1.28528
0.517411
0.167445
-1.08629
-0.567761
-0.248142
1.89044
-0.751235
0.785057
0.880733
-1.19613
-0.247858
3.66542
-0.428978
0.489741
-0.201318
0.798245
0.143811
0.125242
1.4008
2.29383
-0.969211
0.862679
-0.866175
-5.11855
1.15282
0.911827
0.743902
0.621858
17.5429
1.14263
-0.223852
1.13785
-0.763502
1.47161
0.24747
-216.978
-2.0256
-3.734
0.222542
1.41725
-13.0997
2.90243
-1.27673
1.09917
-2.30481
-1.10789
0.694892
-0.691853
-0.0341
-1.03895
-1.19481
0.113883
0.262478
0.105269
15.7747
-0.827105
1.06804
0.759644
-14.9155
19.3692
-0.206429
0.440472
-0.989188
-1.32074
-0.711942
-0.698251
-0.464928
-0.602772
0.0398699
-0.846897
2.72913
1.0003
0.152889
18.0866
1.21183
-3.70352
-1.82539
-1.56543
-0.303162
0.718916
-0.206181
0.446999
0.17943
3.63188
-0.438032
-0.520848
0.0138865
0.914152
0.671274
0.884227
0.903883
-0.226427
0.344569
-3.13325
0.00428962
0.262392
4.8544
-0.331743
-0.747923
0.353941
0.353067
-0.143515
0.382308
-1.10872
-3.99462
-3.17323
-7.47768
0.0985989
5.12859
-5.56475
0.517183
-0.483889
5.26081
-2.7563
0.544655
-0.480372
-5.38502
-1.0149
1.86974
0.137507
-0.282578
-1.39192
-0.322487
0.0330884
0.907496
-1.66356
-2.01434
1.05942
0.915346
-0.457244
1.02133
0.92032
-3.5448
-2.77068
-0.269089
-0.00633045
0.393567
-0.63205
-2.90198
0.71911
-6.18913
1.94506
1.80823
0.758407
-12.9672
-0.237248
-0.33722
-1.71701
-0.411347
0.105309
0.690183
-0.286393
0.471463
-5.68494
-3.85706
1.0944
-5.66889
-0.198421
-0.0464934
0.161667
-0.270878
-1.02165
0.479957
-1.15213
-0.670078
0.461088
-1.22216
-0.296421
-0.887876
-0.00734915
0.160117
-1.61266
0.468885
-0.470827
-0.25239
0.480939
0.0420255
7.13401
0.295064
-2.0741
1.2582
-0.184946
0.815953
-12.7226
-1.32475
1.534
-2.50916
-0.701307
-0.221571
1.83241
-1.4583
-1.98466
1.62
-1.14954
0.98785
0.824555
-1.66261
1.92098
1.28057
6.8741
0.0463821
4.09565
-0.0915272
-0.12726
1.11022
0.6227
-0.183437
1.08018
-0.278567
-1.14636
-1.0761
-0.461195
0.182147
7.18094
0.217374
0.709176
-1.10747
-3.93272
8.06807
-0.96045
-2.21144
-2.36974
7.44822
-1.84113
-0.935252
0.308648
5.8539
0.582994
-0.851451
1.25079
0.257138
2.19334
-0.180953
3.32115
-9.46288
-0.710643
-7.16034
-123.344
1.69853
-21.9946
16.6933
1.25982
0.285968
1.33616
-1.14011
0.69677
0.384827
0.0428728
-0.81317
50.313
0.370925
3.88834
0.605136
0.2059
0.807056
0.648995
3.71412
-1.60926
-7.04608
-1.16388
0.858621
1.00638
212.09
-0.48261
2.62264
-5.06862
-0.744422
-1.89323
-0.187407
0.765666
0.611412
-1.01275
-0.878611
-1.50376
-1.55639
-1.42632
0.514865
0.426529
-0.143344
0.281969
-4.72556
-3.729
0.441633
-0.370003
-0.194984
-0.70436
-0.283275
0.595486
-5.63385
0.834705
8.32896
-0.731307
4.36011
-0.884363
0.0961618
-1.10742
0.34515
-0.178763
-0.4321
0.411441
-1.10253
-6.8412
2.78059
-0.05174
-906.713
-7.28246
0.22987
1.64512
-1.68441
-0.842448
1.12841
-6.9801
-1.41597
7.62876
0.159001
-0.174563
-1.45321
-0.0527365
0.091279
2.35017
0.0276849
1.87293
0.181687
3.66773
0.0407235
-16.7459
3.06327
-0.0536378
-1.00176
-0.659336
0.863675
1.9936
-42.3754
0.343841
-0.0602104
-0.423879
3.12541
-14.2966
-3.25863
-4.71984
4.05892
4.16017
4.47145
-0.459817
0.15975
1.23451
-1.63146
-3.5696
-0.153743
-0.329999
2.59515
-11.7335
8.15954
0.701395
5.10545
7.49912
-5.67849
2.20491
-0.307395
0.279716
2.73919
-0.597731
-0.925261
0.0643939
-1.00765
-6.45933
1.56913
-0.399208
0.876466
-11.4558
-0.233721
0.106138
-0.351661
-39.5124
4.10253
1.33978
0.0429148
-0.540421
0.0574725
1.22246
-3.37897
-1.08074
-0.752153
3.28553
-0.196582
0.870692
0.169713
2.37214
0.689574
-4.2328
0.274817
0.29611
0.405621
0.900802
-3.5145
-1.83685
0.652401
-0.491068
-1.23455
-10.4422
0.366262
-0.281346
0.137549
-0.62826
3.98197
13.6723
8.42671
0.238971
0.586362
-1.52091
1.37827
23.9095
-3.50818
0.129133
10.7612
0.867798
-1.32222
-0.153873
0.252595
-0.71174
0.901049
-1.69159
-0.441644
-184.81
-2.90295
-0.11478
-2.73466
-0.952183
-0.473455
1.90779
-3.61528
-1.81743
-14.667
0.373696
-6.09294
0.00780936
0.270108
0.233585
-1.02797
-0.833319
-0.175177
-0.234653
-1.90754
0.0367632
1.46828
1.12398
3.99372
1.29322
159.983
1.51399
0.115723
-5.92294
-4.43972
-1.06233
-9.89078
-2.47077
2.48232
-2.8053
1.1161
2.4775
-3.9264
-0.332294
1.38653
-15.6864
-0.162234
-1.99439
-0.524313
0.427148
-2.03847
-1.61778
-6.94728
-0.730096
-0.869791
0.153289
-60.3881
-0.421491
-0.423616
-1.0024
8.44881
-0.975449
-1.02403
0.0665652
-0.0257905
-0.573152
2.4577
-0.957646
0.222355
-0.336655
5.56096
-2.95483
7.90996
0.708589
-2.25179
0.31959
-3.35541
-0.331462
0.159468
0.694958
1.45865
0.963423
-0.168336
-1.19384
-0.309008
4.59614
-3.50717
0.0511339
11.964
0.46588
0.0248684
-0.0392323
6.47183
0.689826
-0.0207409
0.068354
2.68622
-3.79984
0.500443
-14.4083
0.00303878
-2.28576
-0.207792
-4.47932
-21.7683
7.58244
-3.61304
0.62924
2.15896
0.861584
0.232515
31.6289
-0.963028
-1.26743
1.64104
3.12109
0.0155743
0.024089
0.779129
1.19263
-0.508357
-1.86704
-1.2498
1.55906
-9.25615
-0.120025
-2.02492
-0.68415
306.838
-3.58977
-4.03185
0.419526
-0.699694
0.74079
-0.619963
2.07768
-0.139538
-0.649646
-3.78523
-0.35058
1.60366
2.69201
-0.0751613
-0.453837
0.712962
0.705467
-4.51017
0.263953
-0.880087
-1.57457
-4.70624
0.849401
0.177667
-0.452837
1.24676
-107.971
2.25087
-3.49419
0.848931
1.17627
-1.87065
-0.179436
-13.0071
5.68473
0.296455
-0.0502681
-0.207926
-0.181472
1.00131
0.630274
2.2186
-1.11633
5.35132
-0.186339
-2.3911
-1.10146
-1.33896
2.65377
-2.90042
-2.3944
-3.15701
-2.46257
1.77511
-3.46764
2.33865
-0.510522
1.46278
-13.8586
-1.12833
-2.07923
0.642322
-0.621233
-0.393256
-0.579589
0.504453
0.337032
-0.245076
4.55476
-0.855399
-7.99129
-2.41855
8.09312
4.18989
0.716791
2.84252
-0.040457
0.742389
7.44428
1.71933
-9.18757
-1.80903
-0.0130872
-0.723531
-365.308
0.4037
-0.482107
-0.117314
-4.64917
0.207707
5.27914
1.22746
2.35662
-0.91636
-1.24964
-0.238052
0.957916
0.217842
0.309574
-0.578682
-1.04217
0.177109
6.54401
-24.1746
0.413001
7.31523
-8.22812
-1.48506
1.04796
-0.182889
-1.47841
-0.437422
2.20133
4.44194
1.22447
-1.02842
-0.0236067
0.400226
2.18637
-0.0310269
-0.448506
-12.4039
5.04285
-1.33575
-3.76534
-0.596245
-3.21594
-0.00806408
1.63428
3.29547
1.43491
-0.000192595
1.33935
0.147236
-0.379099
-0.936607
1.33824
1.63573
-0.706856
6.73296
5.13695
-4.34584
7.54123
0.177758
-0.588435
0.356626
6.63923
-15.5415
2.15535
0.946102
-0.565975
1.40662
-1.81651
-0.20147
7.62086
-0.646261
1.77158
-0.201163
4.66792
1.57087
3.32587
-1.00027
0.0733562
-0.0771384
0.0974898
-21.0649
0.00480753
-0.150276
4.26198
-2.1623
0.59666
-0.935736
-1.14806
-0.643863
-30.5951
-0.811341
0.0241976
0.684907
-0.284162
-0.754186
0.625624
-3.79978
1.82953
-6.2808
8.21174
-2.22292
3.90469
2.13127
-1.6189
-1.1196
0.760778
1.18003
-3.04129
-4.00233
-30.3701
1.03386
-4.13606
-0.169517
-0.766194
-1.29879
0.0468046
-0.952102
-0.247497
0.510278
-1.31803
-0.0438142
0.118128
-0.816299
-0.837707
-5.8418
0.184061
-1.12617
-0.552811
-0.389392
-0.122598
-0.447761
-0.433595
1.20532
0.0705161
-1.01227
2.58752
0.4796
-5.02813
-0.412521
0.506714
-1.95129
0.441662
1.29414
2.21419
9.43843
-0.17418
11.6968
-0.889462
-0.907953
0.498845
0.275805
7.94396
-2.27621
-0.121634
-0.679989
-2.584
-0.106851
0.0559502
0.222037
-1.27265
-0.964446
-1.01189
0.0102443
0.16057
-6.1145
-3.13782
1.38092
-8.09368
0.19165
7.48544
1.65955
0.911933
0.0151728
1.83014
0.175484
7.88379
-0.25033
-7.86743
13.7139
0.377865
-0.80536
-1.57445
0.957941
-0.781355
1.0656
1.92265
1.87712
-0.298839
1.93458
0.74781
0.0937507
1.15073
-0.28334
0.692276
-1.64092
-0.0800445
7.0297
0.109639
2.11904
-3.23891
0.453269
-1.91917
0.386945
0.957757
0.359047
4.76002
-0.515293
7.2719
-1.50591
-1.1627
-6.92984
-0.409507
0.506374
-0.532277
-0.26217
0.3806
-0.165318
1.35607
2.2568
0.324288
1.53141
-2.54391
0.340289
-30.5416
1.11683
-2.85011
0.458078
0.00116914
1.98312
-3.33578
5.65187
0.839498
-0.726153
2.1877
0.360672
-0.167001
-0.90328
-7.12959
3.987
-2.59029
0.160019
8.81221
0.533356
-1.32818
-0.762668
-0.646339
14.033
0.00754155
-0.68726
-0.300459
1.55142
1.57896
1.55971
1.11577
-0.993711
4.05976
-9.57889
1.75403
-2.55562
0.529759
1.2691
1.59948
-0.449723
0.574008
0.606532
-0.418341
0.258069
0.586022
4.15488
-10.6783
0.030695
-0.583647
4.55236
0.441424
0.105355
55.7238
2.41651
-0.451499
2.06469
-1.23463
-0.0230822
0.779905
0.706344
0.271325
-0.437737
0.230222
20.9163
0.115554
10.3943
-0.207839
2.74597
0.718476
0.838639
-0.864045
-0.138471
-0.0452183
-2.78988
-1.28117
-0.216132
2.53516
7.45819
0.827176
-0.884158
-1.96269
9.23722
-18.8206
0.845234
-3.96049
-1.2757
-1.25203
2.73075
-2.93954
0.801633
-3.05227
-19.1741
0.196882
-1.66156
0.632031
-0.0553399
0.276801
-6.15268
-0.190984
0.942885
7.42365
-9.71755
0.769608
-1.19077
-0.0939084
2.11509
1.86031
-0.35515
-0.036021
-0.198821
1.40112
0.0840661
2.93535
1.35278
-0.676974
2.14114
3.64124
-0.22079
2.34448
-6.23091
-1.17601
-0.99135
-0.162565
-1.55001
0.357096
-3.18822
0.728218
1.05199
1.90512
5.58948
2.287
0.745003
0.115525
-0.0529601
1.66304
0.953956
-0.529009
-0.528213
-0.537982
-0.689676
2.90467
-0.346256
-0.729924
1.67687
0.841369
12.0393
0.798787
27.003
-0.18271
2.37975
0.0219371
-0.323006
-4.02158
-0.135529
0.146477
-1.28505
-0.236875
-5.92799
0.484409
-1.14325
-4.06766
1.99202
0.583246
-1.59316
-3.60611
-3.41443
2.66225
-0.638515
0.639326
0.342618
1.48273
-0.228325
-1.18277
-4.66713
0.452772
-0.766885
0.822538
-0.172584
-2.96302
-1.21773
-0.676182
3.04068
-1.63873
0.864202
-0.572953
1.41258
-0.377605
0.701959
0.607481
0.0629064
-1.61605
-0.536017
2.26566
0.241944
4.77303
0.0303905
-0.389273
-5.62522
0.584773
-1.51332
22.0492
-0.0544615
1.22547
1.36373
0.138508
-2.10623
-1.272
0.553268
-1.91505
-1.07982
-2.33642
-1.29988
-2.04454
-0.69998
7.54036
-0.510363
-0.0732082
24.4792
-3.50307
36.2466
1.55126
9.85446
2.87428
-1.12878
0.402834
-6.85302
-0.779517
0.0887667
3.89962
-2.73683
-0.189111
-1.62421
-0.380376
-0.989933
-3.39082
-1.36231
-0.0925803
-0.697889
1.37622
4.69469
0.15613
-0.357239
-0.661995
0.967559
-0.851124
14.1933
0.915164
-5.16479
-1.96525
-23.5618
-2.96145
2.39642
-10.4142
0.606162
0.708958
-0.427728
4.53159
1.1008
-4.71024
-0.312079
4.57996
17.0294
0.998772
-4.95094
1.60971
0.592346
-6.2145
-3.30084
0.2151
0.0136508
2.44534
0.442309
-0.519694
2.29051
-2.0956
-0.847661
0.622021
-1.26831
-0.790001
-7.3637
5.66439
0.00879497
-0.397069
-1.64407
3.31634
-0.761542
-0.463307
-0.368413
-3.6351
39.4025
0.30903
0.545064
-8.97251
-2.93271
-1.43764
-0.26025
0.370346
-0.808508
-0.289018
1.28377
-3.00433
0.463393
-10194.8
-0.724628
-3.63635
-1.44324
-3.53259
2.73874
0.939908
-0.0747118
-0.861062
0.42125
-1.53371
11.6216
-0.190259
-0.811769
-0.702092
-9.56881
-2.13687
-1.53074
0.180934
-5.57212
-0.200606
-1.06392
-1.08142
-4.18448
-2.24614
-0.482616
0.737091
-2.21479
-0.727307
-0.114232
-2.99732
-1.62513
0.756028
-1.34417
-1.70601
-0.502681
-0.237844
-1.27972
-12.0259
0.491757
-0.375791
-0.943589
2.0882
0.253117
-4.45101
-0.0321955
-0.666017
0.780965
-1.6219
0.508358
-0.789078
-0.684737
-10.8818
0.343379
-2.40528
0.207678
0.690918
-5.34048
-0.136765
-2.61538
0.619456
3.42179
0.547663
-1.02404
-1.11978
0.328126
0.267712
0.613683
-0.350589
-2.65651
3.51242
-2.39842
9.4205
-0.300341
0.393949
-0.801342
-8.23244
0.49192
-0.224503
5.37673
0.742403
0.432073
0.215522
-0.179921
-1.62036
-0.519967
-4.62304
-10.9505
1.28477
3.86049
2.62853
-0.578786
0.236321
-5.75073
0.539662
8.6798
1.72565
-119.484
0.619384
-0.193466
-1.41663
-0.891809
2.96958
-5.67173
0.00346414
1.84279
0.961761
1.2106
-2.87236
4.2495
117.639
-1.68153
-0.126754
-5.93134
0.625242
0.477273
-0.739896
-0.857366
-0.639026
-0.347422
-0.274834
-0.768309
-2.1
0.462989
8.36307
-2.91674
0.385814
-3.20289
0.199523
-0.642696
-0.459604
-2.76328
1.83737
-3.01492
-2.12717
1.12737
-1.85145
0.594475
1.14722
10.0566
-1.07307
0.00666415
2.6111
2.90629
0.296515
1.48541
-3.6294
-1.35847
1.16558
-0.0150959
-3.87407
2.02482
0.915753
5.44779
4.80889
-1.97396
-40.0827
2.27335
11.3435
-2.88652
0.221834
-1.49708
1.48067
-3.51514
0.438346
7.10617
0.226909
47.5211
-0.339662
-0.598523
-3.74644
2.70005
1.98698
0.514233
0.392515
-0.765525
-0.268476
0.499062
0.0819669
0.771017
-1.44241
-2.30187
0.221361
0.553823
-0.0231245
-1.02792
0.0328921
0.905901
2.91546
0.990708
0.862592
-0.438854
1.91758
2.4622
-3.72896
-0.581037
-0.683759
1.55139
-0.325867
-2.39883
0.845105
-0.457776
-0.633613
35.225
1.92463
0.0861866
0.162252
0.0604233
-0.049128
-1.7489
15.1288
0.110301
-1.10876
0.470503
0.104828
0.0243151
0.609328
0.6018
-0.0703298
-0.224015
-0.406684
30.3399
-1.43955
-0.233803
-0.675915
-0.0032779
-0.263628
-0.138818
-0.125132
-3.39147
-2.79937
-1.35793
-0.899664
-0.607259
-0.00711947
0.0207892
-16.1529
-1.86383
0.482068
-0.186192
-0.546116
-4.55239
-0.037764
-0.772166
-2.1534
0.106018
0.787603
-5.65009
0.676543
-0.0369375
-0.275664
-33.4417
-2.05357
-0.566204
0.847982
16.346
-2.57456
-0.351745
-0.309251
1.48176
1.18093
0.0986976
-0.0805954
2.93733
-2.24896
-0.550676
1.19086
-1.30412
0.0954976
6.58727
708.26
-0.412629
6.06101
0.389926
2.67851
3.61728
-0.241993
4.88018
-0.180712
-1.19897
0.0474633
-0.21977
-0.412806
-3.75311
-2.62217
1.05666
-0.0855205
-3.90207
0.148209
0.468774
-1.26836
1.59619
2.25895
1.99549
0.152998
7.51179
-17.2586
-0.609273
4.18294
1.11904
-6.75169
-0.297939
-0.9443
-4.74489
-10.0302
-21.7208
10.8529
-0.0436517
3.37535
0.307041
2.45997
0.684931
-0.224151
0.509168
-1.52497
0.157527
-2.92497
-12.7212
-0.320289
-0.622439
-2.02185
0.435064
-2.13686
-1.10007
-0.123133
2.29844
1.20622
0.691152
34.8782
-25.3513
0.719599
-1.89074
0.467376
-0.0204536
1.34558
0.62914
1.27136
-1.35111
-3.66244
0.677178
-9.506
0.219045
2.58832
1.53335
0.530564
4.08229
0.646984
18.9336
-4.26585
0.42177
1.92101
-22.327
0.960303
0.0950875
0.783358
-1.56293
-0.276314
1.09009
-0.291281
-1.33124
3.32005
-0.935948
-0.386785
0.161328
31.1481
0.0630611
-5.92934
12.3057
2.98523
2.29599
-2.43548
-0.483946
-0.189065
-0.180462
-2.04842
-1.66161
6.22312
-0.170607
0.387678
-13.7553
-2.45292
-0.762559
-3.18649
6.05696
-0.24488
1.67914
0.265167
6.32775
-0.41987
0.2783
-4.47393
0.700562
0.862026
0.899091
2.10179
1.30228
3.1245
-415.759
0.122071
0.50098
-0.182656
-3.38935
-0.076212
-2.13622
-2.56679
1.42288
0.143054
0.914417
1.31749
-0.561367
-1.0491
-1.35795
0.468011
-0.03005
-1.28276
0.406364
-0.29239
3.17853
1.52763
1.53682
-0.599659
2.98841
-0.40339
-0.113984
1.47721
-0.73851
0.81351
-0.00957344
-0.917224
-0.363188
0.636397
-50.6653
2.15324
5.54458
-11.2615
1.79779
-0.192601
-4.63091
1.84684
-3.00855
-7.4027
0.557486
2.07987
1.0535
1.09839
-2.30144
0.52517
1.35661
4.15919
-2.7026
16.8341
0.780081
1.18772
-1.05637
17.5052
-0.757282
-0.352827
-1.7038
-5.32352
-0.0434041
-13.533
0.330231
-1.45592
-0.27178
9.41873
0.622124
-0.0570644
3.35847
-2.69816
-0.618548
1.68231
0.857589
0.571822
0.442902
0.0989114
0.429868
-0.858045
-2.05979
0.488309
-1.26845
1.73001
-5.33085
2.73749
0.863575
-0.456651
0.59925
0.579263
0.800371
1.30969
-1.09564
1.2126
-2.75984
-0.666999
1.90126
-0.00252893
0.882472
4.95865
-0.142889
-0.238957
2.70237
-0.871521
-2.62391
0.233306
2.93048
-1.4744
-3.3305
2.29198
1.12908
1.30398
-2.22556
1.03612
0.17659
25.6617
0.0268273
-2.44513
1.06493
3.95794
2.00278
0.0855038
0.68368
6.68875
0.185337
-2.85452
1.83786
1.66191
-0.299524
1.41952
3.97223
-1.84339
-31.1472
-0.20543
-0.189947
1.75426
-0.734596
-2.39517
-0.3913
-260.933
-0.0236306
-1.00426
-1.00192
-0.895707
2.62384
2.07391
-0.0179924
0.0395371
0.620538
-0.912113
-0.470378
-0.449562
-0.410232
-0.0249976
5.84482
-3.16176
-1.36861
-0.875255
-0.338271
-0.562924
1.10776
0.982415
1.50652
-0.311551
0.967074
-3.18727
17.7549
-5.76704
-12.8806
-0.354458
10.8015
-2.51301
3.7999
15.7403
0.320543
1.21119
0.407216
-0.342234
0.419187
0.568658
-0.711222
-0.511743
-0.801258
-2.2515
0.0295744
0.498975
-1.00791
0.656147
0.584661
0.288597
-0.641448
-0.330038
1.03608
-6.06944
-0.543636
4.0375
-0.676198
-1.69559
-0.539499
-0.493273
-0.209067
0.654985
-0.211656
0.408175
-11.876
-96.5604
-0.0936323
-0.34851
10.0495
-1.5036
0.416844
0.584951
-0.5547
6.4357
0.202922
-0.000435351
2.65283
0.556396
-0.339697
0.417751
0.285579
-1.58569
-0.35649
0.401821
0.811808
0.415218
-0.601631
-0.0233148
1.21859
-12.1199
-27.5154
-0.337509
0.54114
0.0298579
-3.19916
-1.632
-5.89878
-1.84248
2.70012
0.466952
-1.85845
-0.465825
1.0329
-0.153086
0.183782
-2.33822
0.980475
-1.98116
-2.23924
0.724258
-0.796416
2.70433
-0.547595
7.2276
1.46515
-0.568584
1.39553
0.789099
-0.188676
5.26435
-6.75104
0.103353
2.45147
0.871658
38.1645
-2.43703
0.869187
0.85453
0.102914
34.9723
1.12606
-9.11156
-0.050559
-0.0508745
1.10004
-7.58098
0.506516
-3.10822
-1.79273
-1.61631
-2.23131
-0.987561
9.11163
21.2751
9.22355
-0.0720412
9.65459
5.15877
-0.142954
-0.775296
-0.665286
-0.0608138
-0.682618
-1.97209
-7.21179
-0.0610932
-3.63251
-1.463
-0.10073
-1.14078
-1.08687
-0.358718
-0.157931
-1.43708
-0.286548
-0.47008
0.96644
-0.0843512
150.932
1.09237
6.02876
0.656519
-0.15574
-1.87398
1.82669
0.605915
0.742027
0.980806
-0.408442
16.6681
-0.598088
1.54028
-0.424411
-16.7666
-2.41479
-0.0675297
3.70417
-1.44619
-0.247371
-1.31642
4.49743
0.701816
-0.746859
1.76184
-2.42461
0.428567
-0.0302877
1.03422
0.841981
0.490736
7.22115
2.12943
1.08394
-0.00417286
1.45909
-1.06349
-3.97152
-4.468
-4.98923
2.4297
-0.378021
-10.1978
-0.201992
-1.85961
-0.579493
-0.543974
-1.84337
6.16586
-0.140192
0.418808
-1.22225
3.66774
13.2197
2.42477
0.50483
3.79617
-0.721265
-0.19192
2.13368
-0.528536
-0.629771
-0.695892
0.940281
0.182562
1.37057
0.397472
5.06881
-0.0707927
0.395936
0.375569
-0.388949
0.0244486
-0.240083
-1.79038
61.1396
-0.144826
1.08892
0.241849
-0.268801
-5.34253
-0.999357
-1.73194
-1.42908
-1.05148
-1.28761
-4.35641
0.821242
0.612447
0.238294
0.332308
0.692862
0.362779
-2.79992
-0.533974
59.2498
0.176202
3.2871
-1.91802
-6.66463
0.549515
1.13232
-2.20241
-0.690517
-0.5528
1.57828
-1.66249
-3.52578
5.15162
-0.597672
2.37831
-0.248469
-0.483954
0.668556
-0.117708
0.981604
0.566583
-0.451618
1.67934
-1.24194
0.165812
-3.73776
0.715364
3.47264
0.25162
5.38278
-2.74393
3.2975
-0.918687
0.565741
2.63481
-0.840014
-2.35696
6.51619
-0.11907
-1.18844
-4.49854
-0.473001
-2.1532
0.543471
-16.2976
-3.5139
-0.650278
0.378493
1.52775
-6.78233
1.39958
-1.5008
-0.587976
-1.04878
5.42022
-0.15977
-0.679741
-0.0531361
0.694259
-0.810071
-0.485194
-0.349051
9.62483
-1.30531
-9.31574
-1.26265
0.160776
4.12255
3.38278
-0.242954
-11.3183
0.398961
-1.71642
-1.82794
0.00958108
-0.670605
1.25698
11.749
-9.14497
0.931598
-1.80143
0.228723
-0.133525
0.605282
0.566746
-2.81818
1.50003
-0.508082
-0.0681276
0.563697
-0.694516
-0.390033
0.563687
-2.99474
0.182009
-1.70816
-1.82414
9.96578
6.84822
0.842132
25.8287
2.53154
0.745112
-0.291961
-0.497045
2.9177
0.214342
2.97081
-0.606464
0.172974
-0.220858
-0.374869
0.515949
4.92537
-0.0611949
1.75953
-3.05086
-1.61945
0.663252
-1.27612
1.10868
1.11384
-0.516642
0.153529
-0.378938
15.0584
4.21608
-1.95979
1.41999
1.101
0.400251
-0.0782677
-203.073
0.298964
-5.58072
0.479444
0.160453
0.158613
251.122
-0.837564
1.14731
-3.27993
1.84028
-0.0338645
1.96285
1.38654
0.452072
0.518546
1.4944
-0.69651
1.7501
3.23392
-5.7005
1.20371
-2.23636
0.417004
-5.41353
-2.55786
-6.50037
4.17107
1.14331
0.236463
1.76566
3.59091
0.64912
-1.04949
-0.738229
0.189703
0.46078
-2.03002
0.204755
-0.235478
-7.36873
0.927206
-2.74411
28.8088
-0.809241
0.00998558
5.44546
1.25656
1.79524
-0.885892
-1.39282
0.495272
8.4787
0.868082
3.76014
-4.66708
-0.522744
-0.422412
-0.866112
-6.46349
0.764345
-0.887605
-3.65655
-3.1113
-0.0414885
1.92443
0.505626
1.25423
-0.445732
1.1806
0.321028
-3.18241
5.68122
-0.864086
-0.844624
0.226318
-0.0318127
0.117327
-1.21626
1.12868
-0.0825534
0.672454
2.50759
0.370688
0.780925
8.96664
0.301367
-42.1516
-0.572457
-0.0119591
-0.543395
0.0150387
8.82186
0.313814
-0.098577
-0.355554
0.739046
-1.80286
0.268856
-0.128226
0.638384
0.890771
1.84384
-4.92753
-6.02238
4.30524
1.72974
-0.22597
0.33172
13.2616
-0.267406
-0.171017
-0.513775
-0.000450709
3.10959
3.77213
-0.596917
0.669903
1.40097
0.0621258
4.27106
9.58059
-0.199839
-0.484239
-0.118878
0.0731125
-0.490117
1.3518
-1.0558
-0.987817
0.138128
0.839526
93.4362
0.540867
0.837953
1.23219
-0.279485
-1.33872
3.81018
-2.53533
-0.993601
1.87854
-0.726936
0.0193971
-0.188507
-3.06812
-11.4826
-21.5754
-0.446506
0.543234
-3.14954
-0.0346837
-1.32847
-0.318287
1.73819
-0.574271
-0.820506
1.75178
1.51201
-7.3719
3.57059
0.873755
-0.0684586
-0.363005
-3.05126
1.70974
4.30169
-0.622126
-1.38147
0.715655
0.988004
-0.868189
0.164849
-1.16679
0.902283
-3.09175
7.51333
-1.96996
0.388019
-1.52262
-3.2153
0.730316
-5.22695
1.02186
-1.99553
-0.36296
8.43119
-3.61744
4.23865
3.05843
-8.39699
-21.5504
-10.3145
-0.307145
-0.500481
0.398349
0.34919
-0.297856
-0.161878
1.36797
0.155025
-0.0988656
-3.76505
0.280836
0.219706
3.82198
19.5428
-1.59486
0.838365
0.124028
-0.847886
-3.72222
-9.26937
-0.839207
0.0964751
0.489066
-2.74111
-2.17459
1.04721
2.60979
-3.67643
0.407326
0.983149
-0.712864
0.227324
0.321995
1.57985
-0.32553
8.28087
-1.51941
3.69803
-1.10312
-1.61493
-0.844302
-12.9131
0.401627
-12.2753
-0.113887
-1.879
-0.42408
1.33794
0.272904
-0.537485
-12.7356
0.159435
-0.566557
-0.216108
-0.454702
-0.0652802
1.73037
13.3489
-0.488378
-8.85625
-0.0261766
-0.424386
-1.22674
0.902823
-1.38132
-0.195114
-26.7787
-0.652445
-0.747299
-0.390865
-1.48339
0.316479
-0.99678
22.325
-23.3891
2.30472
-0.99868
0.160956
-2.38199
-0.240223
0.404407
-0.00213555
-0.481035
0.321284
1.07757
-1.02781
2.75314
-0.384494
9.59084
-0.439442
0.186512
-0.0186167
-3.20348
0.396889
0.513637
-0.644911
2.0144
6.60827
-61.7449
-0.370204
-0.533402
0.180254
1.85369
-0.144379
-0.208725
-6.1737
-0.280668
-1.56265
11.1542
-0.0050278
1.05279
-1.7871
-2.38282
0.402275
2.24483
3.35941
-3.27639
-0.0436406
0.460057
-0.277741
-0.114215
0.259675
-1.0397
0.844724
0.224282
0.430785
-0.427109
0.211397
-0.514999
-6.11758
0.161332
-2.45363
0.662016
0.0942171
-2.04509
0.555775
-1.07024
4.00514
5.25353
21.8069
0.740214
-1.09276
1.25363
0.0276039
2.27299
-2.66733
2.11687
0.683504
0.198888
-0.597907
1.8857
0.766275
0.761167
0.303405
0.526417
-1.52994
5.14106
-0.458626
-0.990571
0.429523
-2.44649
-0.989143
-1.39925
-641.61
-0.54056
0.855642
0.665809
-0.235757
0.8507
0.593482
-0.0477678
0.732824
5.68627
0.926487
-0.506764
-3.54045
0.00786654
-2.54963
-2.82353
3.85836
0.247351
-0.909916
-0.34422
-0.649546
0.595517
46.4317
0.0629221
-0.979484
0.226553
0.40129
1.74917
-0.787602
-0.444064
1.26874
1.29931
-1.20889
0.789317
0.416208
-2.00427
-10.2704
0.628556
-3.31268
-1.03442
-0.99139
-1.71094
-6.31276
0.154752
0.833121
1.36036
-2.86157
-0.549799
-0.058122
0.694566
-43.1966
0.572792
-9.24758
3.78609
3.43999
4.57028
-12.6891
-5.22553
7.33428
-0.00994937
-1.73603
0.826166
-7.60714
-8.83134
-3.00898
-1.52088
-0.578635
-0.523006
0.0661481
-0.619928
-0.391853
-2.19619
-0.406477
-0.680452
-0.966204
1.68452
0.218756
-1.02013
-0.742313
0.271331
0.084827
-0.711958
-0.0723754
-2.15693
8.57788
-0.0978029
0.422239
0.519765
16.8686
-2.27671
-4.88034
2.21296
-0.282247
0.337657
-1.03855
-4.71223
-0.0902325
0.965985
-15.0357
-0.638992
0.0875718
4.83637
-5.03906
15.9167
-3.62518
0.873442
0.380399
133.985
0.231039
-0.130431
-0.0503996
29.6966
0.75517
1.92845
-6.15097
-0.348576
-2.70784
-0.0748814
2.26553
-0.0169931
-0.328405
-2.18695
0.0142496
-4.83953
0.139112
-2.18951
0.417551
7.17638
-1.50405
-1.03545
-2.28973
-0.850928
2.24584
0.383121
-5.45866
3.73049
0.533368
-0.937217
0.396898
-0.522141
2.10096
-1.03838
-0.503182
-14.9116
6.12613
-0.0640569
-3.59076
-4.78451
4.2628
-1.27617
26.9619
-1.71424
-0.138079
0.0807933
0.938352
1.57394
-0.679465
-0.548157
0.28418
-27.8395
18.1391
-3.79204
0.950889
0.251795
0.896028
1.01176
1.23824
-7.01712
0.144218
0.504488
-0.943104
-2.14224
-0.802621
7.14164
2.84708
2.32049
0.240767
-1.31759
0.592311
1.12897
0.753031
-2.62966
2.52748
-0.322358
-0.196932
1.65664
-0.270164
-1.56421
0.0067611
1.27852
1.10703
-29.9123
0.27251
1.60497
11.5178
1.38892
0.191148
-1.37937
0.178183
4.21418
0.191668
0.659133
-27.4096
-0.773777
-0.720931
-2.45246
0.655127
-0.097947
2.13353
-0.11401
-0.550801
-0.529594
-5.9234
0.651342
-0.900891
-12.4028
-3.59903
0.199648
-0.614626
1.49379
-1.13946
5.53793
4.21816
0.730974
0.576573
-0.780717
-1.78133
2.13402
0.652893
1.99572
1.12993
-0.634495
-0.144928
2.25151
-0.698259
-0.0420995
0.712961
0.050063
-0.528829
1.05037
1.27477
4.62983
-0.502293
1.15916
-1.05368
-12.1485
-0.275864
-3.22736
1.79017
-0.773754
2.10832
0.130908
4.55562
1.72574
12.0259
-2.0774
-1.87399
0.480733
0.104547
-1.68542
0.47537
-1.1466
0.273191
0.641246
2.17767
-21.2955
1.92637
-0.200163
2.02902
-3.40475
3.24371
0.077125
0.805187
7.75756
-0.382311
-3.83991
0.0895153
-1.48753
-5.37492
1.4906
0.519164
3.99289
-1.24845
-0.524608
-4.11281
0.418402
-2.24421
0.325841
-1.44391
0.512129
-0.789574
0.922094
-2.53946
0.429252
1.99808
0.224051
-1.0798
3.76901
4.10464
-1.76916
-0.590238
21.886
-0.250232
0.231036
-0.832701
0.898113
-1.83512
1.73413
0.428872
0.975483
-1.84109
0.6262
-0.405714
-11.1525
-0.45798
0.315588
0.86089
-0.0555544
-1.52352
-0.141649
0.171874
-0.284446
-1.62413
-7.28734
2.72357
-6.94775
-0.965781
-1.23446
-1.32336
1.40647
0.327476
0.829137
-11.6056
0.0373696
0.379487
1.97955
-0.229312
10.4429
9.59941
-0.10892
4.34977
0.803584
1.95712
-4.61041
0.765322
0.315293
-0.67036
1.54027
-2.37676
-0.125592
0.453734
-0.775871
0.0631029
-2.28834
7.37497
0.780819
-1.68845
-1.98399
0.380419
-9.25348
-0.857686
8.16877
1.31513
-1.36676
-1.1891
1.44682
-2.23561
-0.966509
-0.953322
1.12588
-0.21801
-1.20197
-0.895852
-1.61766
-0.173105
33.207
-0.362191
-0.487762
0.505514
3.3759
-1.76818
-1.87238
-0.101138
0.207247
0.694272
5.21306
-20.8722
-1.88037
0.323301
3.1962
-3.3402
-0.511466
3.41771
-3.85981
0.153181
-0.415824
48.2929
0.175471
1.60627
0.412328
-0.595168
-0.2946
-0.261736
0.0462544
-4.00564
-0.903086
-0.339453
1.29325
-0.310708
0.402276
3.12415
-10.2534
0.587991
-0.505318
-0.372182
-0.633214
-0.0198169
-1.14729
0.0362247
-1.75089
-1.27437
2.24767
-3.82207
-0.848484
0.367277
0.563368
-0.468168
-0.183192
-0.00539358
-29.6142
3.19894
-0.796203
-0.139088
-0.140924
1.16218
0.497206
-2.96203
0.354289
-1.89274
-0.985687
-0.0936262
-0.462841
1.48361
-0.169084
-1.76556
-0.0471396
-1.09103
-1.44276
-0.0720704
0.358903
0.155918
0.451094
0.340953
-0.864004
-1.08715
0.250078
-0.589503
-1.9475
-0.0869312
-1.09603
-1.97778
0.801619
-0.960147
-1.9143
1.44135
-0.518019
-0.08331
-1.31422
-5.28014
0.117037
-2.02848
-1.02346
0.128103
-1.47522
0.85645
6.4206
-0.526969
-2.85968
1.51795
-2.22344
0.195676
-0.345636
0.324525
-1.04232
5.00847
-0.106226
-1.27814
1.16183
5.41591
-0.126472
7.60884
-2.30668
-0.850243
0.107735
0.837685
-0.649507
0.10955
-0.307088
-0.872453
0.772542
-0.306712
-1.85528
-0.795894
-1.28113
1.2028
0.831474
-0.0555613
1.29206
17.8128
-0.437541
0.400294
-7.34269
0.786727
-1.20522
0.0129767
-5.95341
-0.00142708
-0.0946619
-17.6644
-2.36574
0.630694
-0.84823
-0.000211786
18.9236
-2.36977
-0.53789
0.751533
-0.980635
-0.418417
15.3684
-1.74694
1.29696
-3.24907
-157.844
1.39236
-0.390714
1.43653
-2.01026
-0.644064
2.20907
0.400102
0.912111
0.0172157
-5.30841
-0.601603
7.018
0.87652
0.115709
0.0792889
-0.665597
1.04651
-1.18955
0.100294
0.719027
-0.774495
-0.650399
-0.284021
-1.09022
0.369147
-0.0187224
-0.532869
-1.32451
7.33278
-0.916949
11.2609
2.16337
0.43135
0.807001
10.7765
0.823058
0.384331
3.93102
-7.44161
0.370535
0.0612822
-0.00870684
1.21574
-1.12504
8.77023
-1.70918
5.54429
1.92204
3.2881
9.93855
0.0548135
0.320336
-8.17408
-2.19358
0.606838
3.57741
-6.71808
2.60686
-2.10842
1.96612
0.624539
-0.34553
-7.66034
-1.64349
1.62523
-0.812035
1.12167
0.159124
-2.02549
0.0643769
3.89608
-0.438247
0.481686
1.5315
-2.40835
-8.8433
-0.192531
-6.71728
6.00843
2.4715
-0.547417
1.86438
-0.568755
-1.20503
-5.07799
0.0719651
-0.548611
-0.391349
14.5803
-4.72691
-0.553264
2.94948
0.612028
-0.948513
0.992115
-0.780695
-0.552165
-0.40989
-2.35279
0.662433
0.962342
-0.633514
0.722104
-0.769186
-3.30921
-0.801008
-0.889556
-1.25291
-3.48735
7.204
0.736291
-1.01238
0.830904
-1.39517
4.15983
0.420733
-0.209137
1.22346
0.733521
0.46495
-1.23296
-0.109165
-0.67442
0.921806
-1.26812
1.1254
0.342961
12.191
1.33794
-12.5584
0.37304
7.28458
1.19217
0.361885
0.0932508
2.7656
-1.36704
-2.05538
-25.9712
0.158089
-0.38324
-37.5754
-0.0738088
72.284
2.83201
1.89648
0.000866416
-0.227259
-3.03845
1.78528
-1.76512
-0.514531
8.92632
-0.0576203
0.287978
-0.0955281
-0.78561
-2.0811
-5.46221
0.452063
-3.68137
-15.7831
2.13712
1.33411
-2.08845
-0.497198
2.54567
2.29173
-0.0720097
-1.66124
0.669174
-15.3348
0.5818
4.1114
5.10428
-3.24081
0.721381
-0.248987
0.115293
-2.08488
-4.05803
65.6931
-0.501197
1.9643
26.7829
-1.43181
1.33201
0.126158
-1.43796
0.281791
-2.02781
-7.07199
-0.273381
-0.487066
-0.395556
-1.19269
-0.857478
0.632461
-0.434227
1.83938
1.35755
-0.705488
-0.776963
-23.7122
2.18461
-0.579202
0.694689
6.8941
-3.23238
-0.442973
2.72037
-0.8791
0.0695748
-1.1755
-0.683847
-0.526026
10.0633
25.5041
0.788947
0.65069
0.772315
-0.788212
0.783484
-0.0363448
0.0138797
-3.88269
-0.491044
0.20162
0.314089
0.236293
0.41853
2.56541
-0.0390734
3.09413
-7.33756
-4.36746
0.105885
-0.038498
0.294777
-2.36447
-0.376403
0.482963
-28.1792
-0.733216
3.44913
0.292856
0.642574
0.616737
3.76959
2.40579
17.2894
2.39505
0.346331
14.5827
0.00475144
-2.26537
-0.94057
-2.62304
0.241056
0.614474
1.22972
-0.374832
7.64278
1.746
0.394996
1.52798
0.243096
-0.0979684
1.63489
-0.50623
-0.960394
-3.82865
708.234
-0.834266
-1.7575
-0.937253
-3.82441
-2.71098
0.110611
-13.4412
-0.344957
-0.423166
1.08597
0.0253003
-0.468042
-0.103236
1.29718
-1.38896
1.1706
-0.0417725
-1.76499
3.39376
0.0478151
2.28991
2.36187
1.07789
-0.977212
0.920412
0.8508
-1.44551
5.47842
-1.33428
-0.455036
3.83623
2.53906
-1.04847
-1.17693
1.10935
1.28466
0.00371679
-0.701663
-4.28281
-0.724948
-6.80742
21.491
0.129685
0.214302
-2.50201
-0.875459
-0.450427
1.55157
1.76617
0.848103
5.16669
-2.75186
-0.334662
0.467384
-9.25456
-4.37795
0.758519
-220.52
-0.129769
-1.47028
0.704722
-3.13391
3.6213
1.8019
0.277979
-1.10674
-26.0293
-0.198472
7.48845
-0.847029
0.103543
-1.93657
-0.380885
-1.38534
-1.72413
11.7848
-0.53898
0.416211
-5.9863
1.46368
-1.66995
-0.258624
4.5741
-0.0973753
-0.223034
-1.42388
0.92582
-0.253362
1.08194
-0.488697
-0.474288
-3.88346
-1.58028
-2.92136
4.87384
3.96722
-235.217
-1.76671
-1.12445
1.55092
1.22297
-1.05838
-2.68222
11.6809
-1.63734
1.06271
-1.73415
-3.45551
-0.0831561
1.03768
-2.90054
-0.103025
-1.16268
-10.6192
37.1825
1.28766
0.575321
-3.77933
-8.27408
-3.55152
-0.0651545
-0.0469901
-1.88508
-2.17141
-2.75667
1.04483
-0.843447
0.271947
1.77133
-1.8462
1.98894
-1.51088
-1.05512
0.767463
-0.573824
1.36029
0.306713
-3.22922
1.03744
-0.176905
0.393229
0.461097
-0.0278186
3.11669
-0.0461243
0.0697938
-0.342114
1.80013
-0.0263561
0.550903
-4.46981
0.334812
-0.0659773
0.276915
0.209249
-0.475995
-4.51234
-7.72966
-0.0784342
-1.09263
1.57642
-0.122602
0.0124419
6.7827
0.173239
-2.57612
1.13114
8.61376
142.295
2.80466
1.11972
-7.65358
-0.740712
-0.298224
-0.449901
-1.71757
1.18833
-2.87065
-2.85482
0.497248
-0.130758
11.6781
0.0388597
1.10602
-0.121158
-0.450941
-2.41778
-0.187219
-0.596611
3.13909
-0.453445
0.178268
-0.603683
5.18621
1.29137
-13.6559
0.853888
-1.76117
1.34365
-2.72171
1.21187
1.21175
0.305301
0.517085
-0.250892
0.380847
12.374
0.272688
-1.78889
0.332007
15.232
1.40323
-0.0943261
-0.0725462
19.5282
0.611203
-11.7203
-0.116568
1.47483
-3.08746
6.33055
0.668413
-4.50678
-11.7317
-0.616544
1.52717
-1.08137
-0.868991
-4.18468
0.374205
-0.845019
-1.26754
3.63109
2.07832
0.035607
-16.5367
-0.0939104
-0.6224
-1.34885
-1.65109
-0.334283
1.51039
-0.988868
0.600536
1.3939
-1.6164
0.207683
-8.79276
1.06019
-0.202483
-2.85778
1.23583
3.49341
0.0353922
-0.463465
-27.1497
18.5521
0.556427
-2.06603
3.7552
-0.182775
-1.56283
-1.11761
-1.71772
3.64241
-1.79926
-0.0519444
-0.861938
-0.149871
0.195705
2.16721
1.47641
-0.436927
-6.00569
-0.409956
-8.01469
0.223232
4.40152
4.73575
5.25344
8.63603
0.711182
0.751422
0.51978
27.3742
-0.784915
-1.97141
-0.799077
1.05553
1.02416
1.16167
0.786437
0.920997
5.42454
0.659949
1.34572
0.247491
17.4514
-2.07197
-0.0953992
-8.27585
0.617664
-0.487638
1.87457
-0.749171
-1.97522
0.246119
0.86746
0.985125
-6.20005
0.0200291
2.79592
1.00849
0.867213
3.94117
-13.2284
-1.55961
5.48248
-2.09793
-0.327326
4.31822
-0.296391
0.245481
-0.417449
0.484029
-26.5162
8.76656
0.457723
-8.23548
-1.00175
0.530531
1.07891
-2.52402
0.880226
0.576528
-0.709723
0.291401
0.439339
-2.19798
6.94792
-0.314633
-2.77438
-5.49516
-0.446852
-0.360096
-0.0252173
2.08614
12.5135
0.159544
-0.276684
-0.136354
1.30518
0.580157
1.25523
-35.69
0.23738
1.94605
-0.558585
1.12278
-1.48947
0.375652
-8.53281
0.122219
0.196678
-0.671897
0.349629
-0.515877
0.024028
-0.31857
-1.78532
2.02477
-1.85265
-5.39502
-2.56991
0.112273
-1.88429
0.514343
-1.93654
0.089313
0.183727
1.54802
2.31271
2.9118
2.57471
1.79086
27.7318
-0.234653
23.5005
0.423611
-0.231837
0.988753
1.31234
3.16413
0.531117
0.424463
0.416192
-4.88768
-1.28514
-20.3672
1.92991
4.22619
-2.58935
-6.59245
-1.61714
0.00842864
-3.27287
0.280698
0.570989
-0.776595
-0.338199
-1.93213
0.560078
-0.915686
0.605504
-65.7415
-2.23542
0.385576
0.00142593
-0.147824
-1.43125
3.19279
-4.00007
-2.03723
0.0622526
-14.1719
-1.07503
3.85591
-0.361915
2.18122
-1.19293
0.590073
-0.651561
2.18301
-0.398804
0.240969
-0.353318
-4.51791
-0.397547
-3.5582
-0.502549
7.15894
0.696586
0.376309
-1.20194
-1.5602
-0.565526
-3.72807
2.19712
-0.18548
2.14208
0.48651
-0.696888
-0.724365
-0.848659
0.424078
1.14968
0.328426
1.78965
-2.36886
-0.207479
0.0954253
0.375075
1.95834
0.292734
-15.5624
-4.51361
-2.32352
3.78176
1.32052
-4.2856
1.55117
-0.783113
-0.397486
-2.01223
8.31695
1.07861
63.18
-11.0432
15.8802
-0.00595005
1.22528
15.4872
4.60608
-0.69515
0.636718
0.521412
0.163498
0.83022
0.826138
0.221544
1.73331
-0.326526
-1.19027
2.2724
2.0544
-0.0709628
1.03289
-0.477643
0.794691
-1.48242
1.95425
-7.77362
0.442257
-0.389031
0.371115
-0.0604718
1.16344
-4.31769
1.65942
-0.534644
0.264031
-0.621359
2.59384
-0.417036
0.686307
-1.89959
-11.9168
-1.23425
0.797956
-0.849402
-2.27561
-0.351896
-369.322
-0.385236
-0.632507
1.06707
-0.772882
130.339
0.465501
1.52639
-0.181655
0.569635
-1.81796
-0.775162
0.262403
-0.18243
0.214754
0.197682
-2.4048
0.776117
-1.59944
2.65166
6.93572
0.665192
1.07739
9.61432
-0.0183069
-0.91109
0.0498482
-9.9037
-0.185618
1.38353
-0.549269
1.49312
0.29418
-0.0950342
0.439523
-2.18176
-1.17366
-0.910533
0.25687
0.336284
0.721498
-0.451683
1.73205
-10.2147
10.3416
1.40711
-0.507503
48.7869
3.61929
1.1785
-1.21595
0.318102
-2.4771
-0.372227
-3.18109
2.3714
0.618673
-1.46646
-0.0653443
1.22373
1.52127
1.42942
-0.72694
-1.23061
3.29223
-0.743859
0.941646
1.54984
-0.216071
2.85933
-2.23594
2.30198
-0.225997
-6.8908
-70.5186
-1.65327
3.58446
-1.37023
-1.43062
-2.35669
-0.773435
-0.903512
0.864392
0.473479
-0.0549715
0.78581
1.68899
-11.258
-1.69971
-0.575284
1.28762
-2.6572
3.22266
1.03627
-1.08952
0.21856
1.51889
-2.0042
1.65921
-0.984338
-0.839472
1.99881
-2.04342
-5.22709
0.351777
-1.19707
1.2108
34.3244
-0.323568
-0.709059
2.85187
5.12378
-0.917667
-0.591515
0.760445
-0.761458
-3.40132
7.94128
-1.47068
0.761833
0.417322
-1.4627
2.364
0.462597
-0.240864
-0.251655
2.90187
0.255676
-0.904571
1.85281
0.34024
1.29329
-0.515604
6.52242
-6.77595
0.287358
3.19551
0.162394
0.854094
3.34725
0.0506233
0.696238
0.511638
-1.36041
2.71845
0.00562064
-1.25562
0.817865
14.8285
-4.89105
0.590458
-4.05687
1.14437
0.0111247
38.0544
-0.618246
-4.05127
-10.5402
0.177196
-4.21333
-0.796387
-2.177
-0.817631
2.68184
-5.44656
-0.422734
-1.30648
0.655462
0.0437268
1.1257
0.848571
0.0892044
6.59631
-2.83384
1.41007
-0.027602
-2.54594
-0.681542
-0.642873
-0.221772
0.31228
-1.22999
-1.08664
-0.438141
-6.48804
-0.927229
-0.691564
-3.08804
-0.374726
-0.140679
1.84313
-0.555173
0.621826
-0.500418
-2.05077
0.0581225
1.23824
3.1504
-5.43886
-0.0560754
0.205732
-1.24417
-0.934598
2.65781
-0.0108973
2.25492
0.877438
0.521273
6.56051
0.0510893
-0.964191
1.66836
0.285592
29.9122
-0.440927
-18.1207
-0.19917
2.01542
1.02493
-0.767191
-0.149878
-6.37626
0.241675
-0.925359
-0.245763
-1.53011
-0.446816
-0.169076
-1.61028
-2.68943
0.911626
14.002
-1.43302
0.335619
0.459527
0.443953
-0.180768
0.709149
1.37819
-1.55247
1.87255
-8.07551
2.02994
0.137925
7.25253
-1.14812
-4.63188
-44.1721
86.3862
1.01741
-1.62389
-0.00589079
0.651882
0.452195
0.37513
0.467976
-1.21301
-1.68593
3.10976
-3.78359
-0.118004
-1.80071
-0.898043
-4.99869
1.89973
-0.331049
-0.79864
-0.292269
-0.493226
-0.641653
1.01577
-0.969181
0.338385
-26.0652
-14.9889
0.823507
-1.30983
0.575685
-0.14522
0.0582337
0.301808
0.562036
0.668782
9.81821
-1.57887
-3.84479
-12.9638
0.539126
3.50349
-16.1405
0.968931
0.210575
-1.51004
-1.31604
-34.1576
0.706889
-0.0958183
5.38425
-1.47854
-2.69996
-0.0669676
-1.84827
3.11042
-1.31645
-0.663716
-0.548269
-1.77278
0.178907
0.225123
-3.77614
-38.7527
0.451241
0.203073
0.496238
0.783488
0.816457
3.9105
0.930604
1.12444
-42.9439
-17.7267
0.664624
-0.343583
2.89879
1.08733
-0.491571
9.33621
2.32066
-2.18602
0.337937
-1.18795
-0.796656
-0.317317
2.12219
0.628891
3.43443
1.30207
8.18949
1.00985
-0.147386
0.661598
2.69983
-1.26793
-0.75431
-10.9463
-2.73682
-3.18635
0.654062
-0.0353794
-30.8105
-1.5321
-1.2198
1.16674
-0.171124
-16.2314
-2.04534
2.75111
-1.33909
4.93449
-12.577
0.399924
-0.356085
-6.92703
0.781254
0.322471
1.42579
0.638287
2.36533
17.3464
2.37696
-0.192979
-0.359127
-0.110079
0.0720595
0.16169
35.4375
-1.19192
0.301097
0.931318
1.47166
0.625687
1.00682
0.73786
0.331594
-99.2448
1.41506
0.854752
0.185182
52.0862
-0.12577
1.05294
0.459905
-0.512461
0.92271
0.959638
-0.0330818
0.51231
4.56008
-6.71049
-0.000145357
-2.83214
-0.717902
0.146238
-1.14012
-1.23126
-16.56
-2.36465
-2.34255
0.73047
1.46164
16.068
0.155783
1.25536
1.20536
57.8444
1.47513
-1.01563
-5.74063
0.616699
11.0095
0.462181
-1.01996
13.8048
0.143838
-108.958
-0.240788
-6.20873
3.76692
0.507855
1.7394
-3.88045
1.78714
-0.893635
0.298035
-0.804483
0.493962
-0.680552
44.0767
-0.700498
-0.498048
-0.678799
-0.0786417
-2.88435
-25.9589
3.33583
-4.09549
-2.68832
-0.551418
0.366156
-1.53733
1.2408
3.85132
4.65293
3.88184
32.2769
-6.2893
-10.0902
-1.02008
1.34735
0.544245
-2.18993
0.439657
0.642679
9.44231
0.542269
0.589888
2.87769
5.26412
0.0337783
-3.00865
0.905648
-1.12165
-1.20348
0.371173
-0.272628
-0.536068
2.79377
0.390773
0.515859
1.50072
1.02465
-1.53143
-2.00803
0.735958
0.245646
-2.99556
2.7715
1.93884
0.349582
0.589006
-0.622279
1.80554
1.54527
1.0945
2.02484
-0.976485
-0.931433
-4.50833
-2.05327
-2.58927
-0.0179272
-0.233597
0.313676
-0.528794
0.720963
2.53856
-2.96361
0.942668
-1.20444
0.103071
-0.0995047
1.87337
-0.462116
-0.450319
2.57936
1.09161
