0.541296
0.354984
-30.8537
3.07212
-1.71083
4.53546
0.446139
3.77669
1.147
2.81603
0.0723918
-0.290108
-2.45297
-0.455023
15.6055
-4.368
-29.4624
1.01341
1.10731
-4.68515
-3.16463
3.18957
-0.168727
1.05602
-4.19743
0.33707
-0.361701
-3.51922
-0.735475
-0.561485
-36.14
-0.931553
0.600494
4.6265
-0.189436
3.01598
1.22783
0.443247
0.121549
-0.0379235
6.89216
-0.949278
-0.222187
0.150606
0.348138
2.51776
0.713017
-1.64723
-0.270109
-1.95366
-4.4414
2.10617
-1.12075
-0.0769525
0.183933
-1.15303
0.503547
-1.39778
-2.66074
0.436956
-0.667809
-5.97869
1.20321
0.428471
-4.14599
0.131036
-0.06532
1.52598
-0.149176
0.0333239
78.348
-0.365014
0.000375629
-1.75403
0.515299
1.94158
-0.870308
-0.39714
-1.8597
-5.6278
0.389305
-1.03637
-1.35455
1.10097
1.26116
0.0502736
-1.30801
4.62319
-0.0316774
2.79637
-0.306083
-3.22549
-1.06002
0.649044
0.896623
1.54
-6.88936
1.26893
2.84462
-4.97041
0.745159
0.657773
1.37893
0.0871544
-0.179953
-1.36928
-0.397673
-13.6656
-0.0537696
-0.0702146
-1.35864
0.543342
4.96619
3.79739
-0.583412
-0.396642
-11.5712
-1011.94
-1.03183
-0.48854
-2.55948
-1.22209
3.86298
-0.689227
24.7296
0.143738
-0.214043
3.17375
5.16851
-0.261185
0.243683
-0.772964
-0.369996
-0.326736
9.76054
-5.52063
-0.457636
6.25892
-0.596037
-0.928057
2.254
12.2315
0.335347
0.806541
-0.742096
-27.31
0.29168
-0.630875
-2.01807
0.404701
-0.303039
-2.04467
-9.81687
0.767695
-0.0669327
-0.438811
-0.538385
-1.80801
0.191812
0.526502
-2.17025
1.37352
-0.727666
1.75624
1.85157
-0.0834061
0.779831
0.662081
-2.00569
25.1321
0.0271552
-1.00493
1.18715
9.53135
1.78014
2.63241
-1.62891
5.34803
1.44326
-0.170323
-3.27607
120.761
-0.557407
4.66611
0.326245
-0.542094
1.42582
-0.934743
-8.02619
6.28975
-3.10047
4.78207
58.8556
-6.93986
2.22224
2.2294
-0.219184
-1.32316
0.871251
-5.01
-0.463485
-0.0517934
-11.5767
-4.66643
-5.07885
0.438405
-1.63274
-0.386115
3.61118
-0.477222
2.82067
2.01458
6.33469
0.410183
-18.9282
1.5418
0.259736
-4.09841
-0.329609
-1.89922
-0.416734
-0.397898
-2.22902
0.157158
0.0351033
8.39656
1.82328
-0.767828
3.26474
-0.205962
1.92228
0.00203694
0.65212
4.606
0.618322
0.0121839
0.46006
2.05496
0.840458
1.1158
-8.69909
-2.65126
-2.09188
-0.191448
0.836158
2.2008
0.329097
-0.745269
3.22458
-0.968872
-1.37834
0.613491
3.73869
0.422518
-1.52826
2.27761
0.513408
-1.26754
-4.84925
-3.35845
2.37255
-0.501984
-0.120228
0.941013
-1.77879
1.67154
-1.62763
2.33079
-0.786222
0.131871
-2.80647
-1.62368
-0.560002
367.308
1.37096
0.391759
-0.931325
0.505971
-0.410382
-9.77305
-1.67299
0.568654
0.158028
4.41084
3.23629
-0.0499705
0.868718
2.14737
-1.91256
-0.26273
-0.507432
-1.00844
-0.170781
-0.860816
-0.950549
-28.2013
7.18761
0.142115
-0.583121
5.96491
-0.719353
-0.573616
-0.775346
-3.64682
-0.287448
-1.4787
0.612794
0.451767
-1.24704
-2.82932
-1.8385
-21.0206
0.769056
-0.245389
2.39227
0.0423197
-0.315584
-0.626419
-0.222597
-0.425153
-0.0159724
2.57703
-0.440493
-0.210393
0.897273
2.00247
0.19738
-0.190686
6.52807
-0.109781
1.21572
-0.688086
1.63599
0.842297
-0.93539
0.219773
-0.283871
0.572929
-0.141907
-0.201594
0.519133
0.861394
0.500859
-0.707108
3.41893
-0.270564
1.14287
1.60482
-0.873207
-3.34681
1.72435
3.76372
2.49146
-0.499348
2.11978
1.05823
-0.973501
-0.678533
0.214915
3.59277
0.495338
5.01581
-3.32569
2.67979
-0.482344
0.282951
-15.0147
-0.526564
-2.55808
-3.70455
1.65965
1.16695
-57.4734
-1.50328
-0.81715
0.676483
-12.1402
-0.587874
-0.109246
0.229374
-0.0827287
0.990438
0.147067
-23.3667
-0.296618
-0.914018
-0.627976
31.4699
11.3466
1.19475
-0.662192
-0.407121
-0.621753
9.41787
-0.544462
-0.84075
0.669508
-1.47577
2.21815
1.82563
-8.78986
-0.0622184
1.09403
-2.6299
-0.208577
-0.120059
-33.1846
-0.416147
-0.186655
-3.28596
7.19645
-2.45981
-0.834808
0.532523
0.398837
0.234124
0.7544
-0.861958
0.571221
-0.761259
-3.30787
-0.899601
1.06851
-0.523916
-3.87725
2.14552
4.07409
-3.58008
2.41213
-0.622308
0.566101
-12.7695
2.93576
-3.94355
-0.168629
0.119695
1.22829
0.752708
-29.1349
-1.56505
-89.7649
0.0319137
-0.455725
2.09852
-1.88269
-0.178508
1.34143
-0.111378
0.0927157
-0.298046
-0.974244
0.920135
-0.659904
-1.37264
-0.737586
4.06683
0.0576759
1.08545
-6.5452
0.70416
-0.80481
-0.976315
-0.605277
-0.552967
-1.28165
-4.01899
-1.32391
0.276023
-0.800506
0.925444
0.0969066
-0.971729
0.419129
0.173256
-1.42961
1.99423
2.59365
-0.428258
1.17513
0.474024
0.0817955
1.12182
0.259558
-0.619697
0.463859
0.27081
2.7882
0.822148
-1.48103
-2.95955
-0.670502
0.754063
0.456831
-4.75046
-3.76202
-0.0524639
0.872615
-0.356464
-0.605469
1.06622
-1.06948
-3.5257
-1.75065
0.322405
0.603593
31.2669
-3.75665
-0.61955
-0.0202152
0.898601
-0.69776
4.32943
0.442134
-5.80197
4.18965
-0.535936
-7.93791
3.60063
0.933399
0.637922
-0.974572
0.604785
-1.15937
0.439783
-0.891057
-1.57432
-1.69306
4.14224
0.434793
1.9817
-2.0776
-1.88751
1.93067
0.936037
-1.47711
13.9635
-0.438248
1.73946
0.0402379
-0.37014
-2.76844
-0.0445952
2.05034
0.222251
-0.560085
1.50802
-2.28667
-1.16356
-3.16681
-3.53152
-0.698181
-66.2631
-0.075121
-1.23209
-2.42792
1.94946
1.17768
-0.0637376
-0.145116
0.0442616
-1.24361
0.76724
-0.497087
-0.551862
-0.0648749
-0.0950478
-0.748969
5.55005
-0.879191
8.38
1.48696
-0.223806
-1.99031
-0.093028
-1.13651
-0.149762
0.648497
-0.15134
13.6419
1.25557
4.22265
1.29925
0.516242
0.514677
1.10981
1.02929
-5.18148
0.217553
28.9067
1.24725
-11.2821
94.7399
3.3642
-0.0667924
0.0841014
-122.609
1.84069
3.77319
-0.52087
7.35959
-0.195741
0.898641
-1.09441
2.39141
-0.837118
-0.155674
0.306238
10.2028
28.6988
-140.243
2.54863
0.212979
0.362714
-15.0568
0.0934089
2.39604
-1.6518
8.81557
0.191132
2.8424
23.2173
0.0111506
0.125516
1.42562
0.809296
-22.5058
-0.280599
0.98037
0.885044
-0.0781691
-0.67313
-0.248806
-1.40225
-0.0867266
0.471735
3.15732
-1061.2
1.52409
2.29829
-2.31889
7.12187
0.140213
-0.272078
1.9841
-5.11595
1.59616
3.23509
3.83411
-0.00387378
1.61213
0.372909
2.05582
-4.04723
-10.4504
-1.00061
4.84454
1.81083
0.688237
-0.77525
0.112068
-0.692834
6.16592
0.0788151
0.0306312
0.998456
0.985887
-0.775824
0.49929
0.440879
-0.699199
-0.74497
-0.260754
-0.663849
0.349435
0.933875
0.792261
6.59107
-1.03098
4.09301
4.02824
47.5076
-1.33539
2.16355
18.5703
-0.696287
-1.37272
-0.584436
3.44422
0.077681
-3.95166
-1.94183
-1.01615
-0.564132
0.279738
8.04842
12.9584
-0.030282
1.2798
-1.04516
3.77001
1.37079
-0.216436
-145.178
-0.952054
1.38802
-0.0472235
-1.70601
-4.171
-94.2588
0.31421
0.290286
23.0414
7.1607
-0.674281
-0.562396
-0.890416
-0.299567
1.4922
0.826401
1.95368
-1.15641
0.701338
-2.22317
0.674844
-3.12096
-0.0385834
0.748741
-0.135231
-1.28174
-2.60569
-0.62448
1.99097
0.403402
1.88536
-46.2515
-2.34534
-0.367425
0.110887
1.41843
2.0381
9.23593
-155.831
2.02734
0.913309
0.0820388
-1.14906
-0.0829904
-0.578206
0.493823
-1.58135
-5.56253
1.15922
0.730619
0.240494
0.411426
-20.7119
-4.86812
-0.503054
0.915676
-11.5541
-0.219087
-1.95792
-7.13179
-1.3542
-0.353239
0.371171
-0.809374
-0.360394
-1.42033
-2.93959
2.23943
0.444927
-2.74071
-4.93724
-42.4783
-0.801084
2.59579
-2.17893
-1.27098
-2.26783
60.8977
0.0813617
-1.06718
1.3136
33.601
-0.367921
-0.246506
-1.12404
0.279341
0.426718
-0.62732
3.68097
-1.24081
0.617071
0.473743
-0.413074
0.158288
2.30759
2.31027
-0.49427
0.0407976
0.616382
-0.781446
-0.215698
-0.96499
-2.20093
1.54823
1.56549
-0.311818
3.87045
-0.694109
-1.63845
-0.477116
0.489797
1.36187
0.09052
-0.227402
-1.17099
-1.10116
-1.07172
0.341247
2.38743
2.51958
-6.34545
4.43317
0.434896
13.4843
-2.09424
7.14476
-0.891469
1.59153
0.469109
-2.16993
-22.2208
2.65513
0.348325
4.74191
6.02946
-1.24217
0.414971
0.503407
-5.681
-3.04205
-0.676202
1.94954
0.800146
-0.645959
0.526888
6.17037
0.386839
-2.91274
-2.27207
-2.78517
-0.0808149
1.6581
-23.8388
-1.50187
0.106894
-0.107864
-0.0502387
-1.38599
-0.751032
-1.64918
1.70266
-0.18533
-36.2479
-0.735487
3.01113
-1.46509
-2.78544
0.251013
0.0325622
5.8089
-10.3182
-0.0270863
0.564135
3.77495
0.697955
-0.908714
-1.74347
0.858183
0.580007
0.589142
-0.100049
-0.829612
-1.20501
-0.53759
0.610829
-1.50439
0.535881
0.00801242
-0.735787
-0.113448
-1.27568
-0.248291
-0.368268
-1.10548
2.04351
-3.8094
18.4038
0.0588288
0.681392
-0.338029
-0.815135
0.800627
2.07381
-1.02323
0.426536
-0.37853
-3.50362
0.374017
-1.22196
1.02872
-0.676421
10.9375
-0.920843
1.26224
-0.610139
0.254122
35.2471
-0.209573
0.518196
4.44696
0.228546
1.09504
0.221606
-17.3687
0.695566
-0.520349
3.20282
0.0688827
0.0261335
2.9071
-2.46261
-2.12332
-1.66778
1.39519
0.775872
1.2678
5.30146
-1.00718
18.237
0.77719
4.09122
0.130207
-0.202651
0.667449
-1.12388
0.338581
-0.650134
0.523529
0.667588
-0.075701
-0.273064
0.951766
1.23479
0.897151
0.438669
3.18564
-0.65686
0.574487
-1.05877
-0.681051
1.81522
-0.338481
3.25281
0.0229088
-0.826309
0.74247
-228.186
0.0188871
-0.81461
-0.513398
0.857258
-2.38742
0.872225
-2.55324
-0.464322
-2.07934
-0.356792
-34.4336
0.199505
1.41319
-3.33846
-0.770534
-1.5489
0.223437
-0.463084
5.65068
0.836714
0.0759432
-0.262527
-0.273369
0.652549
-0.490564
-0.123768
17.9287
0.0495355
-2.09297
1.50677
1.10568
-2.2423
0.238323
1.14927
0.234972
3.64517
-1.33996
0.646004
0.0234971
-0.369079
-1.59205
2.13917
0.187347
0.534826
-0.53616
0.323331
0.149624
-0.718789
-0.787005
-0.725515
-0.156509
-1.67306
-4.48302
-3.4229
0.502441
6.66616
0.0264003
-0.371516
2.1079
0.607907
2.25574
-0.380384
1.34788
0.0557387
-0.134555
3.64473
15.9864
0.404533
0.744519
0.285534
-0.716725
-0.564704
-136.016
0.730082
-0.972815
0.776047
-0.375542
0.0219024
0.690675
1.15367
-2.76655
-2.71806
1.10553
-0.308873
-0.517242
-1.62716
-1.57645
-1.20616
-0.178252
1.3819
0.0571244
-0.820764
0.364255
0.186426
0.20231
1.42392
2.89329
-0.890538
-0.440958
0.0647624
-0.520868
-37.5828
-0.92013
-3.70859
3.04186
-4.73826
-4.26944
-0.209077
2.70557
0.343063
0.969692
5.33118
-0.773792
0.335742
-0.868041
3.66478
-2.84329
0.688406
0.116724
-0.520801
1.86482
-1.08593
0.0352283
1.43415
3.00494
0.947397
-1.6337
-0.30034
-0.0781493
-0.303213
0.859021
6.34121
-0.68117
2.7748
-0.125943
-1.48325
0.361864
-0.704165
-0.926744
0.789756
2.11184
0.134689
-0.039993
-0.26913
-0.885869
0.346518
-0.618172
1.40603
0.852393
-6.25706
10.7996
-1.14548
1.61864
-1.63086
1.13777
1.01548
-2.03157
3.48049
-0.402742
-4.84308
2.0115
144.562
-0.0735504
7.99528
-0.215478
0.969588
-0.179707
-0.221651
3.34331
-1.05824
-4.5898
1.06779
-0.8856
2.58062
-3.2175
0.556257
0.860733
0.315171
0.33291
-0.169868
0.186893
5.36836
2.32761
-3.45506
-0.928272
-1.98464
-1.10177
1.39595
-0.747246
-3.69513
4.79224
0.367601
-0.65465
4.77937
0.843132
0.295988
-2.0795
-0.856344
-0.98008
-0.452551
5.0299
-0.856527
1.47867
1.77138
9.57589
-5.92206
-15.0759
-0.046696
0.123361
-2.03794
0.0904066
0.751474
0.414002
0.618974
0.0631743
2.05953
4.276
0.331581
-0.303362
0.00687635
0.687815
-0.0916442
0.672928
-0.192994
0.105412
0.117475
0.855593
1.04244
1.42829
-1.17367
-1.24701
0.68902
0.34388
-0.0812477
-4.4796
1.19357
0.931206
4.80484
0.0678005
1.933
-5.10809
3.76392
-13.1362
0.619903
2.36489
0.839128
0.997956
-0.176519
-0.526962
-2.68526
0.112201
-0.431903
-9.76035
-24.3617
-1.72363
1.50216
1.15265
-23.6872
-2.31477
0.912043
-3.90037
-1.12995
1.73374
2.76982
0.253353
-70.2212
-0.655438
2.19823
-0.706051
-0.524301
4.11322
1.13995
2.4533
0.304522
0.70179
0.383537
-0.126929
-5.25733
-14.9718
-0.0116575
-11.2105
0.915226
0.207254
0.42356
-2.02073
1.66625
-0.620541
2.0576
-0.102223
1.17989
0.510823
0.331287
-0.819746
-9.43679
-0.694898
2.59563
-1.15357
0.106809
1.03238
0.451941
0.128127
1.13258
-0.10275
0.330306
-0.00768163
1.09224
-1.95154
1.29886
3.46792
0.0413976
0.181854
3.1798
-37.543
0.690788
-6.07067
0.40952
0.0988336
-0.16723
2.50437
-0.613285
4.20807
1.18921
-0.0605853
1.86033
-0.268385
1.78548
0.755699
-1.27618
383.145
-0.00199471
-1.34461
1.35809
0.703585
-0.179641
-0.800964
-2.8214
0.815809
-1.33532
-0.952116
-1.51631
1.03142
-0.288896
-0.735429
-1.52663
-3.85769
0.119292
-0.642829
-0.104547
-3.23906
1.68321
1.03165
-0.788775
-1.76798
-0.993683
0.30463
-3.92828
-0.464547
1.00906
1.62222
0.367574
-2.2726
14.1591
-3.78688
-8.43205
-0.105725
3.2698
0.731656
-6.41038
2.27875
0.1071
0.0490603
3.42014
-1.38691
0.510831
-0.299769
14.0836
0.298949
-1.52283
0.826942
0.986713
4.07948
14.5128
0.758877
0.00683635
-1.87356
0.316517
0.299031
-1.77425
15.4284
1.19063
0.341875
-0.133769
-0.016795
0.567468
12.2331
0.228756
0.599015
0.210603
8.98719
2.45557
0.944154
0.624534
3.91609
-3.23811
-0.551527
-0.440553
-0.690117
-8.42932
-0.982489
-0.0863085
0.681972
0.794718
-2.72597
1.46222
1.1844
12.0467
28.3419
-0.655901
-1.56792
-0.200502
-8.54983
-3.81994
0.411289
-1.03153
1.79718
1.12979
-1.40567
0.158056
1.66664
-0.537937
-0.845204
-0.395005
0.0730787
0.179016
2.92583
-1.40959
-1.68476
-1.05957
-4.7716
-0.720697
-1.16004
-1.24399
0.74171
2.90214
1.62911
0.85591
0.576582
-2.29754
3.00328
-0.60243
-0.00250795
0.325575
-0.71993
1.02079
3.28827
7.52023
-0.113615
0.133068
0.312557
1.88812
-1.97015
-0.650343
0.307702
0.58147
0.501118
-0.529582
0.055196
-0.141589
52.8213
0.194514
4.03879
-1.17454
-1.0359
-0.149623
-0.630674
-11.1438
-0.713086
-0.276482
-0.39369
3.94562
-2.54194
-4.15686
-1.27196
1.61472
0.382744
2.92213
0.314348
1.35711
0.700968
-2.27738
0.484145
-5.96204
0.158176
-0.00664996
-0.213419
-4.01712
-0.482712
0.230634
-0.748916
0.779991
7.29268
0.232362
9.55252
0.00261105
-0.120445
-2.84667
0.036249
-0.136712
2.65604
-0.343888
37.3659
0.680438
-0.173497
-0.328309
-101.646
0.785637
1.16648
-0.123059
0.0708238
3.53542
-0.644028
2.00592
-2.25224
-1.09115
-0.40081
-2.97724
-4.40515
1.81469
-0.607363
2.80658
-18.3019
-0.200359
-1.23492
-0.356184
-1.44332
-0.0730853
2.14408
-0.400054
0.685547
-1.17424
-0.288297
-0.42513
1.409
-1.59552
-3.26137
0.203669
0.351365
0.514169
-2.47856
0.154968
3.54624
-0.6985
0.464793
0.241212
-0.00279315
0.510837
-1.46123
-2.29914
-0.463357
-11.7739
0.884472
-3.12694
4.10642
-6.83187
0.365063
-18.6776
-1.11932
0.444253
0.665461
-0.355373
-0.128334
-28.7329
1.34923
2.57287
424.199
-0.165901
-0.663564
-0.208243
-7.27568
1.01795
-1.51843
-1.84597
-29.7057
-1.62638
-0.157319
-0.40778
0.419736
0.219618
11.4071
-0.20712
-0.508916
-3.6598
-0.281984
-1.46263
-0.860943
0.174583
-4.80968
-1.61187
-1.50171
-0.229802
-1.97973
-1.87592
-0.34005
-3.52353
1.14722
0.995884
0.677414
-0.961343
-0.610582
5.40136
-0.404565
-1.56072
-2.15272
-0.127764
1.09627
14.8543
1.48517
-0.984006
-0.324302
-3.51073
-1.40759
0.463798
0.580967
0.495865
0.559739
0.654019
-1.93753
0.156181
1.4551
-0.262379
-0.847742
-7.00261
-1.15597
7.08027
-354.423
-0.660332
-1.61652
4.91862
0.0168875
0.784053
73.9896
0.312811
-0.662664
0.0328983
-5.19738
1.11426
-1.02699
-10.1487
-0.695167
-0.640252
8.47486
6.69564
2.45017
1.37889
0.0805204
-0.284696
-0.217026
3.85969
4.5878
-1.82564
0.320142
-3.46831
-0.127235
11.8377
-0.0822774
-0.822596
1.30767
0.531925
0.458733
0.606227
-1.19934
0.272527
1.1184
-1.15578
-0.287213
-0.0457247
-0.0500826
-1.04002
-0.0478739
172.357
-0.893544
0.692177
-28.9602
-1.60093
47.7412
-1.73678
1.38586
2.80588
38.4119
1.03474
-0.757076
-0.298763
-1.08247
-10.4327
-1.42735
2.26533
5.13004
0.217604
-0.691535
1.2703
-3.62409
-0.0974682
0.387396
1.83811
-0.171886
-0.00145511
2.0151
4.02728
-0.335488
-0.598121
-2.88742
-1.24567
0.0687629
0.000512963
-0.341492
-0.411779
-0.286498
-0.968538
59.3111
-0.803724
0.901678
1.90496
-0.400927
0.230724
0.537279
-2.57805
0.582696
-2.88015
0.618424
-0.252993
-0.946536
-12.6444
-7.2118
3.74949
20.1475
0.188916
-2.51934
0.474679
-1.63024
-0.998686
2.64549
1.97644
2.99859
-1.35062
0.897392
0.089162
0.271856
0.883689
1.38804
-0.859853
0.00300726
3.27236
2.65976
1.14042
-0.362043
-0.201803
-1.06162
6.67351
6.27834
-0.264486
0.26916
-60.0638
-1.27971
0.679214
-0.673272
0.506465
-0.408493
-0.842222
10.1786
-3.2731
1.90441
0.282729
-0.862536
-0.0564208
1.44398
-9.87538
-1.49941
3.67775
0.0833177
0.56633
1.94556
18.1154
1.13722
0.859676
-2.36855
-1.44037
0.513385
1.68434
0.290332
1.54138
0.997625
32.3543
0.902856
-1.4371
0.212772
-0.401852
11.3014
-1.19039
-26.8205
-0.608918
0.276688
0.182084
1.38798
0.597047
0.874205
-1.06569
1.89503
0.641059
0.533298
-0.460259
-0.902416
-1.19362
10.2516
-0.735618
3.73313
-0.164749
1.80034
0.739345
0.325249
2.81245
-0.756116
53.1732
4.47178
-16.2594
-0.801363
0.0981015
-1.11661
0.089941
0.103235
-2.32445
1.76338
0.120871
-2.57337
-0.248567
-0.261759
1.29035
3.24339
-0.112631
0.199375
2.44907
-0.424452
0.428557
-2.29424
-1.42716
1.43163
-0.533218
-0.185728
2.28346
1.77858
-1.2975
0.300537
0.564514
0.483719
-0.355859
-0.741727
-2.66898
-2.00628
11.2424
0.753211
1.60016
-0.873486
1.67773
-1.31697
3.86682
-0.819738
-1.41824
-0.714443
0.0302626
1.26609
2.62967
-2.5631
-0.1143
0.628105
0.603547
-2.31284
1.26895
-4.87355
0.267065
0.981862
-1.52548
0.0672991
0.00714153
-13.4545
0.775393
0.335582
3.28401
0.335799
-1.25421
1.31435
-3.15157
-0.229868
-0.187376
-1.05961
-0.916485
-0.309568
1.84524
-4.72575
0.985314
1.23345
0.0807302
-0.332258
1.16943
-3.96919
-1.67778
2.55294
-0.707068
5.41134
1.63075
0.197156
-2.38013
0.521787
-11.4228
0.0944439
-2.77795
-1.09534
-0.428038
2.34685
0.67023
0.5374
0.352664
-1.16306
14.4053
-1.45212
2.24036
2.93962
0.149614
0.288399
1.76106
-41.6022
-1.75042
1.04675
0.981834
-0.239515
-1.78489
-3.27953
0.0188438
-0.249398
0.138453
-1.59014
-0.988365
-3.42845
0.49239
-0.968625
-1.30848
-0.179477
-0.0570905
-2.90531
-0.308806
1.92715
-6.84776
1.04911
-5.20314
-0.830279
-0.886954
-1.10692
-0.281551
-11.0125
3.83878
-1.45431
-0.412449
0.166503
0.103823
-0.604385
-0.906063
-0.675168
3.01764
-1.07718
-1.28988
0.0245434
0.515934
0.496553
-2.27272
-0.412066
-1.65804
-0.293087
-2.49332
2.54273
-1.5619
4.19478
-1.15832
-0.0455053
37.3214
-7.83875
1.1781
4.96191
0.567497
-0.63308
12.7055
-0.255153
47.1628
-0.982401
-1.2798
-1.84185
-0.687636
0.485231
0.306002
10.3634
0.0665007
1.22947
1.83183
1.83924
-1.72303
-1.22316
-16.0913
-0.323967
-0.437184
1.25229
-2.62308
4.41096
14.2589
-0.213237
-2.13348
0.0031128
-1.29334
-29.7157
-0.833116
-2.72947
-1.57779
0.536444
2.35846
-3.03203
3.22175
3.02517
1.5901
-1.91581
-0.315671
-0.275777
0.121307
-0.596864
-6.62934
0.769637
0.423161
-1.18683
0.462326
-0.179642
0.969363
-0.25843
0.712104
5.99512
8.84145
23.0955
0.165384
5.80511
0.732371
-0.850416
-1.41441
-1.09719
-0.830807
0.857293
3.23379
-0.801581
-0.221338
0.776688
-13.911
-0.266378
0.988974
-0.555067
0.247364
-0.165941
1.30041
0.598463
-2.98863
-0.732551
0.762088
-2.38307
1.08984
4.74901
0.494717
0.118191
1.2795
-0.879459
0.617486
2.05272
-1.6728
-5.94932
-0.972577
-1.3852
0.63447
-1.98137
-0.918079
-0.0221324
-0.150999
9.93244
1.09129
0.581084
0.0604558
3.72267
-0.970477
-3.14818
-0.614876
0.765151
0.229781
0.867709
0.393866
-0.365512
-1.13952
-0.690874
1.79216
-0.426776
-0.713523
-26.4242
-0.662926
0.345183
-0.269645
1.32678
1.88574
-2.63475
-4.85318
0.302353
0.719082
0.763028
-6.31868
-2.96133
-1.98659
28.499
1.4252
-0.991286
2.09763
-0.458514
0.632642
-0.265479
-0.176519
-0.874994
-10.2933
1.86211
-0.768897
-0.201733
-0.117495
-1.00292
0.667901
-0.874389
-1.08113
0.659233
-0.617772
-14.3147
-0.483706
-1.0656
-6.94103
4.29658
-0.457529
0.900353
0.227681
-1.20927
-1.98777
-0.824243
0.330407
18.0332
-1.73643
0.0596899
-1.2852
-1.51722
0.849413
1.35964
1.63805
-25.0497
1.04425
0.878551
1.41954
3.25826
-4.67685
-0.677222
-0.563232
-0.254012
0.0792987
-7.39854
-0.734626
2.24795
8.46573
-0.564636
0.599158
2.94526
0.631798
13.2662
-0.648158
-0.947632
0.134349
-0.177208
0.164298
0.385467
0.682986
5.01314
-0.207039
1.05923
0.290836
-3.40976
1.9362
0.545185
-1.13252
2.6586
-0.264127
0.217566
1.0019
0.352057
4.29991
0.0678472
2.80893
-0.379953
5.17385
0.0971882
-1.13932
-0.431118
-0.841864
-0.739371
1.23978
2.39267
-0.936735
-1.40227
-3.72856
-1.52314
1.55043
106.98
-0.409072
3.26308
1.57854
-3.72432
-1.43011
-0.493204
-0.353812
-0.908088
1.69191
1.11116
5.57587
-1.40848
-1.7603
0.493674
-2.36287
0.179829
3.16176
3.77751
0.248223
0.887297
-0.544145
-4.03377
-4.67589
-21.8172
1.46819
-0.846811
-0.622998
-0.854411
0.555617
5.11875
0.0921821
-0.986764
-0.194412
-0.45779
0.285041
0.422912
0.419745
0.378007
0.062241
-0.709915
-0.911232
-0.158734
-6.0209
-8.39921
-3.46633
-0.143078
1.38903
-2.26763
3.5846
0.653052
-3.03406
-9.37844
1.00793
0.95191
0.638359
3.17429
-1.46194
-0.693512
15.9477
-0.456688
-5.44799
3.30649
0.867864
-0.620827
12.9739
-0.853912
-98.5408
1.41287
0.231175
0.0550734
0.987465
-1.58387
0.109613
21.6692
-0.494031
0.111167
-1.78252
1.93271
-0.176245
-0.389188
27.691
0.314893
-0.0258671
-0.765592
-0.59876
0.271343
1.28348
-1.95469
-2.23171
0.504479
0.174199
0.0368048
-0.699993
-1.43497
0.522359
-1.08433
-0.18594
2.3404
-4.33939
-0.291386
0.95147
0.0507482
-2.84944
1.82026
-0.453024
-3.72398
-0.97372
-0.760202
1.3786
-0.529434
-1.68978
-1.10364
1.02323
-3.20366
-0.76745
-2.24263
-5.88441
-4.65796
-1.73706
-3.19226
0.960826
3.82054
0.202402
-0.0229393
0.341561
-0.450262
-1.80909
0.0852333
-0.248597
-0.0946502
0.105864
100.67
6.96518
1.13027
-0.17968
-1.05055
-0.395115
1.0196
0.488154
1.49759
0.244921
-6.50422
-0.550352
-1.74078
-2.46355
1.76613
-1.55253
-1.59288
7.80289
20.8868
-0.269528
-0.523145
-0.2158
0.356126
-0.472297
-1.53274
-0.924308
-5.14985
-0.265078
-1.48867
0.939102
-0.156272
0.731088
2.30123
1.98321
-3.81544
0.383326
-2.62121
0.189394
1.9161
1.63386
0.740964
1.59474
1.5779
-0.34261
0.89095
0.0139403
11.4903
1.32112
-4.38661
2.91372
0.534909
-1.53584
-5.24194
0.624109
0.433098
0.89202
-0.690445
-2.03823
-5.27207
-3.70441
-0.277283
-0.0942028
0.635115
-0.283317
0.539374
-6.64709
-0.0226488
-0.879432
1.02659
1.93714
-0.4736
-96.7747
0.662151
-0.0552218
0.79575
0.0343395
0.286542
0.92997
0.113181
3.27483
-0.350248
-0.69981
-0.521088
-2.31508
0.932336
1.14162
-0.193089
0.0455707
2.22898
0.481155
0.263017
-0.44771
2.38774
-0.671013
-5.02553
-1.09957
-0.333163
5.40977
-0.649122
13.5551
-0.102204
-1.64033
0.694033
-26.9969
1.93035
0.531729
-2.39805
0.460169
-0.98608
0.629648
4.43084
2.27043
-4.70121
1.18685
1.09318
0.736575
-1.18696
2.58076
-0.0104888
0.504282
2.71559
1.25163
-0.124475
5.86449
2.73429
0.735685
-1.46439
0.411295
-0.388536
3.99152
1.27704
3.10581
1.3697
4.47381
1.42839
3.56746
7.82632
-0.543767
-4.46247
0.136019
11.4956
-2.31312
1.21922
4.73026
-0.238514
4.97727
-0.578149
2.47769
0.947361
-0.306474
-0.123674
2.07276
1.20274
1.75077
-1.10064
-0.33367
28.1731
-2.61185
-3.80775
1.72638
-0.405759
11.0672
-0.187104
-0.386939
31.7388
1.1373
-6.24206
-7.63819
-3.12663
0.353884
3.6434
1.39302
0.544363
0.172788
0.53167
-2.66076
-3.67295
-0.0894803
1.97948
1.00308
-0.0141477
1.12825
0.0055592
-0.518056
0.719484
3.98327
-4.75361
0.357345
1.92841
0.160937
-0.0813878
0.644739
-4.96449
1.62948
-5.16701
-6.88338
0.726998
-6.23613
0.150229
-0.718374
0.311565
2.20741
1.14679
-23.0664
-0.82265
-5.59039
2.925
11.8163
-0.534118
1.16817
-0.814858
1.13886
0.795137
-1.72191
1.26036
0.535652
0.740103
-1.66753
7.93053
0.511373
3.15679
0.84094
-0.672115
0.674557
0.98901
12.8169
-0.996123
2.16509
-0.450963
-1.16
8.76593
-0.938803
-0.287718
-5.44894
-0.386522
-0.136895
0.599677
11.8545
0.000304324
1.74498
-2.75272
1.76999
-79.4195
8.93023
0.230254
0.43583
4.51825
4.83872
0.224553
0.660805
0.363989
0.158976
-42.4602
0.436271
-0.673047
-2.57913
-0.954576
-0.315735
-0.633203
0.30191
-0.331682
1.00829
0.33696
14.0501
-1.18615
-13.958
0.262979
-0.629125
-0.588055
-0.909285
-5.76345
-13.554
0.27346
-2.15719
0.482301
9.54285
0.385145
2.01616
1.3315
-0.075488
0.141602
-0.804475
-2.03081
2.33357
-1.48911
-0.415288
-0.346076
-0.916826
-0.860869
-0.455349
1.99305
1.8783
-0.134951
4.85999
0.891551
2.11105
1.60899
3.28344
0.292924
-0.860952
0.462861
-0.297036
0.845554
1.48665
2.76365
0.121331
-0.0504885
0.324764
1.67508
-0.71346
-2.86471
-4.28366
2.70957
-0.0704944
-1.47131
-0.157532
-0.990081
-0.000139533
-2.04226
13.2849
-4.80166
2.12694
-0.235063
1.97617
-9.98899
-0.173428
-2.42348
-0.5273
-9.12881
2.31036
-0.389296
0.568838
-0.48521
3.28223
3.95166
1.67159
4.57895
-1.26773
-0.849466
3.14016
0.41291
-0.811654
1.44198
2.75767
-0.759504
1.48985
-0.42095
0.480952
159.09
0.724674
0.732236
2.45537
0.287916
0.5499
0.530576
1.34861
0.437746
0.207483
1.25668
-0.633252
0.733168
-0.0845096
0.657518
-0.00562413
0.398488
-1.10248
-1.74738
1.64036
0.0614998
1.37192
1.36002
-0.455709
0.787509
7.2928
-12.7852
1.04977
-0.122274
2.48162
-0.600021
-0.673515
1.85925
-0.609019
2.83431
1.54117
0.943541
1.14081
118.784
2.40863
-0.392386
32.3797
0.96371
-0.991855
-0.767415
76.8728
34.1791
8.53639
7.63855
0.395659
-1.92595
1.35137
0.141117
-0.409672
0.654146
0.663971
-0.701733
0.330021
2.86702
-0.676934
1.09847
0.0753598
0.0447028
-0.772289
1.16001
4.62494
8.65196
0.749383
-1.0263
-0.779768
0.416916
0.884769
6.41706
-3.17679
-0.145374
-0.339162
-0.972511
0.0214979
-17.0413
0.407982
-0.329898
-4.83011
0.154085
-0.32787
-6.04776
-3.12287
-0.286584
-3.32005
-1.02079
-0.132972
-0.780585
-0.049838
1.47016
-0.663312
-122.067
-0.469588
3.58122
-12.1091
1.06509
-24.6002
-0.485537
-0.269009
0.489577
-1.28451
0.259873
1.14468
-0.867779
2.3608
5.95605
-1.34418
1.48338
-4.78959
-0.151945
1.58572
0.215196
-2.37891
-0.117926
-0.150753
-0.214703
-0.129158
0.875455
3.52168
-1.16554
0.482448
1.8565
-5.18126
-3.17742
0.363685
0.408619
-1.10337
14.7543
-8.69843
-0.608972
-0.472034
-0.23087
-0.810514
-3.40739
0.739416
-0.137319
0.0719948
-38.4975
1.32169
-0.128936
1.73731
-0.26648
-0.765371
-2.25388
-2.23279
-1.19714
-0.503674
-0.583018
0.689077
0.0819468
0.79103
-2.31547
-1.34801
1.3565
1.33364
1.95168
0.396365
1.46034
-0.507917
-8.47858
0.591486
-35.0763
-1.22125
1.38099
0.868838
-2.61473
-0.263884
-0.391288
-0.0799235
-0.167455
-1.7963
6.93938
-3.15732
3.73858
-0.105174
2.09834
6.99737
0.071946
0.476475
0.19195
0.407415
-1.56451
-0.614372
-1.29103
0.955255
-7.16241
1.32309
-0.522261
0.364053
-1.12331
-1.77007
0.793779
1.7563
-1.85782
0.480254
-0.119418
-1.44298
1.43007
-0.265921
0.719668
-24.0833
-1.25393
-0.0854822
3.52589
158.067
-4.91692
0.148585
-0.0222372
-0.10951
-1.84617
-1.08881
-2.18598
5.1733
-3.11076
-1.15973
2.10199
-0.594117
-1.44679
-1.68603
10.8591
3.48626
0.500967
0.264673
1.26602
-4.7561
0.0252468
0.437995
2.41429
0.788446
-0.748851
-1.19871
0.562841
0.495289
0.918358
66.0719
0.426014
-0.689248
-2.98322
-0.335179
1.16994
0.30248
1.05027
0.573431
0.139899
-0.0203779
1.96971
-2.03851
0.695117
0.784482
0.525385
-4.46504
-12.3866
0.501075
-0.572021
-0.807811
-1.12458
0.961283
-0.297684
2.34235
0.453148
0.226297
-0.282894
-0.700519
0.477218
-1.58276
1.64018
0.305503
-10.5099
0.567073
-1.22418
0.52173
-0.732399
-62.7297
-6.12788
7.70472
-1.80956
-0.370261
0.524633
1.24535
-0.162663
-1.31714
0.468439
135.82
0.420452
-0.272356
2.80455
1.42374
1.1334
-3.3704
2.79173
-0.410201
0.147355
3.73378
-0.374138
-0.482007
0.206715
-0.512306
-1.20046
47.5474
-0.174527
-0.461868
0.509507
-2.38116
0.459333
0.595357
-0.807234
0.973986
-0.60061
-0.214456
-1.76843
-0.89108
-2.49419
4.61918
7.85684
-1.04192
0.527255
-0.820974
-6.74363
11.7602
-2.20964
-2.62462
0.221608
6.6177
0.330311
-1.73535
-1.79114
-0.207551
1.21688
-1.4349
-1.88958
-3.70706
-0.777336
-0.0146664
-0.0575077
1.4191
17.5134
0.62402
0.28321
19.2398
-1.274
0.726604
-2.2003
0.597319
1.81121
0.617597
2.074
-0.014421
0.059059
7.16057
3.81578
-25.1881
1.2522
-1.11565
-0.0756578
2.25824
0.68734
-0.0343239
-9.55196
-2.9184
1.43515
0.229924
1.43132
0.55686
0.651432
-0.734203
-0.743653
1.58129
-1.45378
1.40652
-0.548156
1.09203
-0.893777
-0.518575
27.5499
1.5543
1.49269
0.898471
-0.761098
-0.893667
10.6689
341.192
-0.33762
-0.089905
0.918747
-1.73256
-2.48176
-2.00485
0.0116285
2.03516
5.2344
-1.42531
1.43335
3.16459
-0.977563
7.64011
0.136583
-0.0902419
-2.20133
-0.249984
4.7786
-0.756877
0.00300369
-5.67702
29.8233
-13.4183
-2.21498
1.83159
-0.315767
-2.7451
-0.0132622
-1.32713
8.24288
-38.5483
0.45393
-0.319042
-0.016784
-0.212441
5.06909
2.67856
3.41877
-0.174882
-1.69459
0.0317266
0.224764
2.25983
-0.0483454
-10.3287
21.3891
0.641061
34.264
2.82007
-0.471071
92.5435
-6.4433
-3.18344
39.4864
-5.85976
0.35071
1.71828
0.710684
-5.20154
0.258937
4.10261
-2.46037
-0.314369
1.12073
-0.461886
0.713968
1.58878
1.38854
0.464444
0.174036
29.0334
1.07279
-0.173608
43.7325
-0.719496
-3.58783
-6.72346
1.15014
-1.65479
651.338
0.580276
7.96996
-0.00753767
-0.820503
0.138092
-0.436157
0.35517
-0.180489
0.800505
-0.0538895
-0.930681
-3.14817
-0.812521
-0.723041
-4.52449
-0.755771
2.04385
0.976636
0.173432
0.255784
-3.84938
1.34745
3.1408
-0.450221
-11.8721
-43.8359
-0.546534
-0.95814
0.229826
-1.39016
-1.3492
-0.574537
-0.963528
-0.0818104
-0.471146
-0.728914
0.667574
13.5364
0.230886
-0.242312
-5.98337
1.71856
0.320183
0.950216
1.66889
-17.9402
0.616685
-1.58241
1.08109
0.318747
1.92229
-1.33122
-0.0668097
0.754373
-0.165941
-0.607849
3.60933
0.324459
0.33799
1.37602
-2.24401
-1.21154
0.473087
1.49463
-5.45109
-0.370404
0.331123
1.14292
-0.362099
-5.96094
-2.5137
-0.288012
2.92223
1.37052
-1.76273
-2.8409
-0.814848
-2.3214
-0.569783
-0.222428
0.876415
-0.563895
-0.965103
2.06951
0.169316
-0.0943813
4.29393
-3.64839
-1.02156
15.5455
3.1114
1.57117
-0.104097
0.375442
-2.83396
-0.171771
0.0576092
-2.29634
-2.65638
-0.121183
1.67493
-0.686251
-0.477941
2.16562
9.83431
3.99128
-0.388838
-0.806184
0.513164
0.620795
0.617886
0.71617
-4.9746
-3.64519
2.78194
-2.09704
-2.27917
1.41722
-0.863199
0.0741089
-0.892315
-1.02052
2.18937
0.451134
-0.0200908
-1.19927
91.9285
-1.10326
-13.8905
0.346362
0.68114
0.0176428
1.29559
-1.77067
9.09339
-1.09812
1.51289
0.137785
1.49159
0.270411
-0.246399
1.78933
2.06469
3.4963
-0.81165
-1.12662
-0.0596594
-0.920442
-0.950363
-1.02694
-0.168943
-1.06631
3.40149
0.183794
3.81692
-11.6268
-0.771467
0.310429
-16.4801
0.635648
-0.608863
0.385792
-0.280995
7.92614
8.53177
-1.01042
-0.936333
4.01579
1.48109
0.162332
-0.574115
1.52336
-13.8739
0.00333692
-0.311726
-0.15834
1.56779
-1.43516
-0.533912
0.879449
0.928271
2.21499
-0.196189
-5.32878
0.366046
5.2202
1.35717
-0.685862
0.654038
-5.01226
0.173269
-0.488292
1.90195
-0.884958
1.28219
1.75345
0.195485
-0.632057
5.30641
-0.345222
-1.54189
0.117728
0.0506065
-0.399854
-4.88949
-2.13162
0.963107
0.395737
-0.0845104
-0.150489
-1.40574
-0.171288
0.258598
0.6859
-3.26912
-6.54126
-0.121848
-0.754809
0.0258606
0.111883
-0.0314911
1.29614
-0.390599
-2.11591
-16.0742
-143.572
-0.0808615
-0.74038
1.85656
-0.856514
-1.09866
0.87922
-2.53254
-0.975646
-0.787511
2.58315
27.691
-0.323877
75.2758
-0.847031
0.0965486
0.0478939
-2.1782
0.144856
-0.968623
1.85536
-1.02275
1.36752
0.410727
-1.35744
-1.83443
0.119497
-0.755579
4.66947
0.757355
-0.583322
-0.462091
-0.791309
1.05072
-4.99792
-2.63083
50.2258
4.70797
2.46829
0.608256
0.446796
-0.110464
1.14731
0.787372
0.724441
-2.33227
-4.35014
10.5372
-144.844
-3.24881
-1.09022
-0.178873
-0.0234399
-0.15946
0.0918126
0.73887
0.0613049
0.276882
-1.36133
-0.982001
1.76957
-1.04007
0.622815
0.318445
7.76731
-0.988656
-0.00910757
-0.700727
4.58564
-0.5964
-0.873243
1.83082
-0.0679213
0.631422
1.85274
-39.6803
-0.16793
-0.408046
-1.86499
-0.12689
-0.650258
-6.032
4.79002
-1.18446
-0.809285
-0.614289
1.67538
2.3327
5.1343
-41.3302
0.438449
1.48422
-4.89965
-0.475532
0.435276
-0.265092
-2.29595
-1.42627
-5.43198
0.396688
-1.84698
0.0559417
-0.265991
-0.00772339
1.55539
-0.438754
-1.09781
-6.63518
-20.4268
3.65679
-3.23972
-0.382017
0.783288
-0.144637
-0.0914885
-2.97359
-0.388584
-25.0379
-0.652954
-3.20128
-0.596237
-0.29077
12.5757
-213.578
0.184165
0.634035
-1.49199
0.169677
-5.20186
1.48689
-0.0667626
1.75126
3.40022
2.22735
-1.92166
-0.172203
1.85771
2.32516
0.0369086
-1.6486
-1.66373
-1.48137
1.60697
0.00682936
1.35511
-0.739871
0.412716
3.97663
3.75687
-0.296407
3.15774
0.628296
10.9037
0.933201
0.740136
-2.97071
0.65346
-5.50026
-0.290527
-0.705427
-0.209026
0.755367
4.26896
-20.3156
-0.594992
-1.75616
0.505229
5.69034
0.379547
0.94966
-5.18141
1.48363
0.652339
-0.169796
-9.02479
1.01737
5.46973
0.977468
1.53944
-0.480268
-10.5705
-1.86361
0.94905
-0.850504
-2.08172
1.34387
-0.403848
9.21578
0.191057
0.0321494
3.23231
-1.15007
-0.133222
-0.478185
-0.789214
2.18215
-1.37283
-2.33145
8.5039
-0.754507
0.653746
-0.97241
-1.40151
-0.659783
-0.390065
0.677923
-0.332893
-2.23017
0.401137
0.0664098
-75.4791
11.5962
-6.63573
1.21131
-0.569526
-0.549235
17.2768
0.259391
-1.82085
-1.01578
0.752979
0.315093
0.900994
-2.03995
4.2446
0.0912707
0.490978
-0.342642
-1.11957
0.794378
-1.02316
84.9137
-0.541386
-0.758378
-0.939866
0.088216
-0.0387717
-8.94346
0.792645
-3.951
-5.8986
-2.062
0.132536
-18.8916
-0.11721
0.207907
0.727895
0.769019
-0.106461
1.07045
0.910506
-1.15489
2.94367
2.74131
-1.55767
0.266568
-0.0895674
9.56264
0.67247
-0.980506
-0.343906
-0.212091
-0.392086
1.57434
0.157411
0.930379
2.10963
-4.60954
-0.372546
2.16524
-3.22574
-1.06337
-0.819988
-0.385142
0.0549045
0.709918
-0.169924
-0.825572
0.799001
-0.0554354
-0.725927
0.443119
-3.31964
1.08649
3.58645
0.542035
1.75556
0.766308
0.374605
0.271432
0.315027
4.24553
-1.87564
-0.464818
-7.63691
-0.592369
1.08542
-0.100886
0.501775
-1.04451
-2.4067
-6.59526
-0.234983
-0.199165
-0.221284
0.211043
16.257
-42.1246
0.0801994
-1.91539
-0.0470213
1.99194
10.6068
1.10558
-18.6323
0.22765
1.71461
-0.00441692
-0.231944
8.07134
0.22617
1.65894
-0.873026
0.0601172
0.945592
1.34991
-0.0887424
3.60639
-0.382847
-2.67121
0.651944
0.103045
0.701656
0.0612943
-0.74364
0.386565
-1.02868
-1.06233
-0.862543
0.395867
-4.83043
-3.41983
7.6827
-4.00121
-0.591725
-0.695563
0.0365956
-0.595665
7.56831
0.202257
-1.64951
4.67469
0.631406
1.64866
-0.764136
1.31896
-2.69546
22.5936
-3.50456
-4.11793
5.5292
-0.356432
1.10545
1.14117
-115.102
-2.28171
0.812488
0.214683
-0.671145
2.68991
4.7262
-0.0959393
-0.706079
-0.0239383
0.804025
-0.314438
3.31015
-1.43326
0.25103
0.238642
9.54906
0.548428
1.3141
0.530082
0.990533
1.60608
-2.02796
0.641722
7.31379
6.55164
2.92741
13.4648
-0.846213
0.0954172
0.412539
-0.187995
2.47551
0.0999818
1.70336
0.149597
-0.631371
0.647806
-0.516818
-7.02609
-1.05437
0.0782366
2.6468
-0.0838127
1.79872
-0.157692
-0.898878
0.3013
-1.75598
-0.0872063
-1.33023
1.18864
1.46015
-3.65697
-0.491864
-1.80616
0.916623
-0.550791
-0.772544
-0.802984
-0.367739
-3.7137
-3.7132
2.14672
2.32915
-1.25654
-0.64482
0.36899
1.3855
11.9335
24.9212
0.109594
0.938158
3.93315
-0.610149
3.25465
2.58422
-1.35907
-2.66409
4.98505
1.44065
-2.70566
0.407248
5.45918
-0.936061
-1.45012
1509.11
0.271828
1.62748
2.09658
-0.539406
-1.11764
-0.369111
-0.274011
2.44981
1.97777
1.35377
-0.736565
0.991808
0.439152
-0.251478
-2.43505
-1.65479
0.325443
-0.186253
-1.38001
0.0344484
6.07365
-0.969654
0.361723
1.13927
-0.83389
0.315247
1.26063
-0.323507
0.636748
-1.22021
0.63685
-5.64049
1.12337
0.658015
0.155624
0.688975
-4.04301
-0.139682
0.55998
-0.0402431
-0.294702
0.0443841
-0.0928678
-1.46005
9.61137
-0.275251
-1.29719
1.84197
1.03213
-0.828605
0.683064
-4.18519
-1.60825
-6.69411
3.14928
0.0317525
0.209592
-1.24817
0.162876
9.42004
-0.716886
-0.57755
-0.406167
23.9061
0.360198
-2.69347
-0.95971
-0.0134454
-3.58675
-2.24115
-0.672909
1.35661
-5.88111
10.0014
-2.69633
3.58741
-0.221408
0.355089
0.532845
3.41651
0.247121
-1.41417
-0.708895
-1.72278
1.41088
1.00754
0.397715
0.112064
-0.551431
1.15806
0.942783
0.0399273
-1.11493
-0.776024
5.96832
2.98732
0.232869
-3.92661
-3.43299
0.108752
0.012143
0.471925
0.28888
-1.49218
0.762393
6.26362
0.378522
-3.86667
0.381855
1.57102
-0.330079
17.2131
1.171
-1.06757
-0.13521
-5.97545
2.04744
-1.38354
0.596004
-0.1603
1.57263
0.0810873
1.71808
-1.97787
5.7349
-11.5572
0.882499
0.193036
0.284739
0.372677
-0.0150125
-0.131613
0.569544
-8.2089
1.83111
5.94877
1.08618
-0.732172
0.200079
-0.664282
1.9411
0.0369583
-0.271433
2.35036
0.446311
1.02868
1.34695
0.2586
-0.264711
-0.346103
-1.82907
0.800575
-0.49243
1.36274
1.29737
5.15136
0.62642
0.842264
-0.782155
1.06344
2.78206
-0.433894
0.0577753
1.03681
6.35467
1.3178
-0.433979
-2.00272
-1.71763
-6.04845
-1.41478
0.535221
-2.7997
0.977667
1.39092
-0.183862
-0.703325
2.15819
0.439764
-0.598961
-0.380674
-3.45464
-0.685503
-4.17933
-0.242543
-13.853
4.21825
2.96271
-1.83541
0.254699
0.401558
0.0883303
-26.4536
-0.769317
0.248633
-0.380943
-0.813073
-0.095764
-3.94018
-0.55423
0.521383
0.592859
-0.548631
0.253913
-1.01857
-0.269357
-8.60991
-0.695161
0.740209
1.50059
1.0157
1.31869
-3.01048
0.0543086
-0.216671
0.6229
-1.0812
0.265586
1.82961
-325.349
5.40857
1.4474
1.37239
-1.57078
0.351845
-13.6751
3.29026
-1.72149
0.134956
0.141141
-0.909559
0.627416
9.55399
-0.590094
-0.963421
-0.916109
-0.182786
0.394055
1.28266
1.81575
-1.27112
0.949623
0.851405
-0.529862
0.195113
-1.13974
-0.490501
-0.65801
0.528651
8.4063
0.23383
-3.28475
-0.391667
1.25884
0.201785
1.85604
1.73169
0.524228
1.05862
-0.086671
-0.0572024
-0.934181
-1.67665
0.093449
-0.147952
0.110856
-0.116401
22.6793
0.935968
-0.580815
-0.796348
0.202532
2.29396
-0.0190074
0.538792
-0.0690265
0.141492
-0.00649232
-0.857242
-3.58881
-0.161974
-2.07344
-0.477058
0.357204
1.89358
0.686005
0.510507
6.13976
0.106275
0.116204
-5.09234
0.332986
-3.7294
-0.899884
-89.398
0.115946
0.74913
4.15373
-1.45879
1.87424
0.480605
-0.199642
-1.30946
0.509146
-3.95577
-0.763306
-0.257821
0.187996
-0.590342
-1.52215
0.181029
-1.21451
-0.453681
0.406815
0.26656
0.498802
2.96984
1.24295
3.61964
1.12696
3.52507
0.753971
-2.83209
-18.7812
-1.15221
46.309
-0.59199
1.27303
-1.73042
4.38228
-1.98715
0.296725
0.470416
-1.66289
-0.997935
2.67435
-2.85247
0.517899
0.467752
-1.66257
1.96531
-3.32227
1.74971
-0.0767474
-2.46009
-0.781334
-0.946029
-1.87762
-3.09595
-1.28526
-0.33859
-11.7956
-0.0330923
-0.227949
-0.56946
-1.31513
0.845733
-1.27318
-0.917064
0.0945853
-1.88628
16.8431
17.3764
-2.02277
1.29843
-0.200137
2.71536
0.679666
0.288674
-0.363176
-1.08854
0.184532
-0.484647
1.42845
0.483514
-1.04333
-1.87044
1.40981
-0.659798
-0.0607991
-0.672082
1.45092
0.398785
0.318655
0.0292512
-1.35705
3.50521
-2.95988
6.08706
-2.29125
0.0488261
9.18778
0.411184
0.664094
0.789695
1.17922
0.863523
10.2426
-9.03247
-0.297546
-0.223072
0.300997
0.764036
0.257763
-3.57044
-5.59465
-0.716096
-0.0243733
-0.304404
0.0728766
7.18476
0.00023835
1.2804
-2.04246
20.5991
-1.52872
0.0956616
0.3029
-3.55795
-4.19527
-2.75761
-0.808236
0.248586
0.0635925
0.19062
-0.625515
0.447531
-5.63642
1.64923
-1.7913
-1.71125
0.719901
-0.374623
-30.7787
-1.83573
0.944371
-1.15198
-0.898504
1.17366
-0.51572
-2.45482
3.20235
0.318227
-0.493304
6.0868
0.477263
0.724248
3.81467
1.68207
-17.7893
153.203
0.799588
-5.94034
-0.370993
0.329269
8.52543
1.72744
8.8857
2.51843
1.47184
6.41777
0.211208
0.103124
0.609064
-5.39709
0.566592
-1.36555
-0.038581
-12.0373
9.57813
-0.233747
-3.25666
0.196577
-5.1303
-0.623735
12.3902
-8.08661
-1.46695
-0.402776
0.165406
0.636284
0.427439
-0.169387
-63.7305
-7.12873
-0.163493
-3.66581
-1.20544
2.19407
-1.24479
0.877152
1.28566
-3.71915
7.22062
3.06111
-22.8614
1.13722
2.15781
-2.4867
0.00490578
5.44604
0.81599
-1.03172
-5.75877
0.997224
-0.809483
2.23396
-1.21199
6.05461
0.724449
1.13342
-0.54976
0.154104
3.86339
8.04478
1.48494
0.554303
2.98233
0.791442
0.43626
-0.521614
2.59726
-0.0423141
3.66568
2.69793
1.7016
-15.2097
0.626151
-0.20957
-1.40658
-0.00795575
0.372406
-0.307353
-3.97515
0.771851
1.75205
-0.559414
2.79758
0.108436
-0.773385
-0.449751
2.31303
-0.9571
-3.31838
-18.426
-0.789295
-17.5299
-2.56626
-3.0836
-0.760345
0.725368
-0.692056
-0.866175
1.27246
-0.861759
0.821918
-7.55794
-0.460853
1.195
-1.54204
1.13059
0.862955
0.00905913
-1.32134
0.221137
-14.7702
-0.913703
-1.5048
-0.529495
0.152995
-26.2819
-0.354618
-0.828255
0.0111622
0.739115
3.63689
-0.226932
1.20199
0.332638
-5.14145
-1.68692
-0.0526033
-1.25253
-0.65771
0.612157
-0.48007
-1.43901
1.20589
2.53808
-0.198766
-0.400424
-3.94394
-0.092921
0.243948
0.668525
-7.23019
0.308636
0.256566
1.00645
0.76834
40.3882
-1.29175
0.891267
4.09625
-0.21411
-0.721877
8.32753
0.641346
-1.40469
2.41585
2.59963
1.48406
-1.69282
4.38806
-12.3939
18.3871
0.448856
0.564796
-0.866759
-31.149
3.10113
0.81965
-1.75426
-0.264364
0.379045
-0.99727
-1.37177
3.69472
1.09347
0.835652
-1.83364
-1.20229
0.727077
18.6314
-1.76889
0.644192
-0.0646042
-0.265807
-0.606325
-0.35425
-4.40645
68.8685
-0.328294
1.07616
0.177931
0.180099
1.35203
-0.203729
-0.194823
1.18043
-1.12557
-0.134401
0.805249
-0.425674
0.183699
0.635022
2.8444
-5.97876
-0.526062
-2.28298
-0.452434
5.08269
0.659726
-1.67256
-0.698118
8.65206
0.559978
-0.212588
-0.553407
-6.38228
5.22287
0.0801348
3.15236
-0.348735
-0.19933
2.50971
1.79286
0.075893
-97.9201
-3.64901
0.51238
0.664852
-253.159
6.14902
-16.3774
1.31483
-0.838758
0.215289
-0.160344
0.186687
6.86648
0.0948238
0.881892
-18.6369
-0.285516
3.39366
1.93492
0.692153
-0.670661
-0.964248
-0.743315
-1.43774
0.352817
0.454255
0.263854
-4.90858
0.648435
1.7501
3.17093
4.62539
1.26805
-3.18253
-0.0942755
3.16218
5.97341
0.066585
-0.760484
-1.15586
-0.572637
-1.89614
-1.29482
4.03347
2.05448
0.425611
1.00564
-1.65429
1.47737
0.0378536
-0.254757
-0.513426
9.44285
0.416303
6.56636
0.784725
-1.04913
0.154141
-2.70632
101.584
0.117383
22.1691
9.3244
2.51096
6.03237
-4.01567
2.15116
0.144411
1.45495
-0.604981
-1.93888
-1.02005
0.233821
-0.279482
-1.06656
0.603843
0.625577
-2.08696
2.82446
-0.657564
0.250698
0.536661
3.21599
-0.00338126
0.427136
-0.627006
-1.11298
-0.860502
0.57544
2.76515
0.0421996
-0.922214
0.389442
2.09075
-15.1887
-0.474098
1.61384
0.576442
0.325536
0.790337
-1.29356
2.33589
-0.0664883
3.21804
-12.3456
1.56901
-0.173388
-10.7181
-6.12965
-1.06087
13.6543
7.12045
0.0657749
-2.61651
-0.0227133
0.587449
1.17032
-4.96617
2.50057
-5.66711
0.635969
0.227738
2.24677
0.0576432
5.39924
-4.81477
-1.27963
15.5241
-1.73796
-0.196822
-0.856319
-3.2995
1.02877
-6.00835
-0.424319
1.15679
-0.93856
34.3888
-0.0673566
-0.285099
0.281594
-11.9124
5.41348
0.111324
0.609963
-0.0946514
0.450639
-10.327
-0.147975
-2.24003
-0.606916
-1.31765
-0.167298
-0.298237
5.99337
-0.190633
-0.0768048
-1.45498
1.52883
-1.39969
-0.487579
10.6896
-0.760504
-1.75217
2.76967
0.220919
-19.9395
-1.69451
0.578003
0.640885
-0.187815
0.285843
0.386825
-2.50992
-2.35859
-3.04252
0.513946
-0.271179
7.39269
0.0747663
-0.367806
-0.257596
0.910298
0.941262
-0.223569
-1.44633
0.948871
-2.74679
-0.175491
1.37052
0.230526
-1.29746
7.14141
-0.418314
-5.57941
-0.559157
-0.304782
-0.477248
0.656166
-0.326774
-1.46346
0.726963
-1.46728
43.7339
0.298513
4.29203
-0.939732
8.23164
-2.63769
-0.706517
-0.846086
-1.26103
-1.57906
0.667908
16.7585
1.46544
-0.513775
-0.120514
-1.16796
-1.96011
1.78008
0.627757
-22.4191
-0.527388
-0.373241
-5.1511
5.81157
-0.385599
-0.921253
-0.545176
0.496799
1.46788
-13.5303
10.7266
-1.12968
2.44097
1.14299
-12.8757
29.5563
-1.63895
-5.30035
-0.815861
0.114627
-4.86366
1.00416
1.27574
17.8151
0.680855
-0.952935
-2.49903
21.9484
3.58984
0.363378
-0.394654
-0.485229
0.00245547
0.0287982
1.96152
-1.98066
-3.41411
-2.46495
-0.557669
-0.0605809
-0.3873
-0.319636
-1.35032
-1.03731
0.161388
-0.376263
-1.38139
0.423068
0.135381
-19.176
0.409459
6.96256
-0.481992
0.500204
-6.06557
-1.18278
0.575649
0.0453005
-0.688595
1.98682
0.438884
1.89337
0.0538424
1.39583
-0.0731492
4.7156
-10.7769
-2.60744
2.61417
2.99367
-1.40483
3.19625
1.97716
2.04432
-0.468601
-1.14828
-0.766841
0.0098282
-2.82718
0.525462
8.74078
0.585311
-0.263462
1.45427
-0.301754
-0.156376
-0.556766
0.177204
0.206023
1.34609
-0.194078
3.82463
-14.68
-0.132059
-2.46712
3.29767
-0.737416
-0.800657
2.03176
4.73964
4.2065
-4.29187
1.49388
0.208647
-0.462872
-3.73316
-0.314857
-0.0262964
-3.24563
-0.550572
0.982259
3.09909
1.05657
-0.472903
-0.653668
-0.109178
-0.935469
0.890952
6.34713
-7.95605
4.40533
-0.267803
0.316469
-0.84402
2.2124
-0.321433
-0.0120543
-0.631483
-7.21186
0.762255
0.605463
-0.311267
0.877683
0.325247
-5.9059
0.493746
-2.31135
0.934983
1.24946
0.312506
-3.92358
-3.19438
0.594269
0.739929
-1.2793
-0.526954
-0.307844
-0.209996
1.08268
0.619291
-0.100847
0.0459864
5.39377
-2.25724
0.426737
0.904773
0.789977
0.197689
1.35469
0.29581
-0.0444891
3.0517
2.57381
-0.190423
-0.0323187
-2.43045
-0.769681
-0.0148589
8.80708
1.72116
0.217631
-0.163413
0.582922
-2.17767
4.39826
-1.36205
-0.735693
-0.138415
-0.585817
-0.630469
-2.09141
8.76759
5.2879
1.89662
0.704019
-1.91128
0.477741
1.48937
-0.55861
-1.10012
2.03776
-0.145369
-1.52128
4.07854
0.0752444
-20.0304
-0.0267173
0.0470737
-5.0705
0.602939
-0.00224341
-1.29175
-0.934652
7.35737
-0.00311713
-0.604381
-2.08103
-9.53856
-0.503673
-40.9213
2.16532
-1.1219
-5.31174
2.14895
-0.862165
-0.36525
-0.665648
0.120577
0.0359728
6.92546
0.805131
0.0817716
0.389574
3.32674
-1.14859
0.637151
-1.28412
-0.297135
-0.360026
0.515081
-0.520028
-0.536435
0.232545
-0.782753
0.869535
-0.0915255
0.47061
-0.394681
0.41408
17.8443
-0.0461167
1.58099
-3.40255
170.395
-0.919972
0.0668479
1.39824
-3.93758
-0.662936
1.65559
1.18155
-1.29931
-0.564017
0.384647
-0.242986
-0.478912
-1.62606
2.23181
0.343968
0.973724
-0.688322
1.07348
-1.54974
-1.13747
2.74264
-1.17217
1.46316
1.32037
-4.27111
-2.53208
-1.02609
0.898892
1.42881
0.513893
16.7391
0.953949
23.2746
20.8686
-0.227222
0.95394
-0.465948
5.30856
1.26458
-5.10947
1.15373
0.983313
2.41667
-3.2007
-7.06205
0.747345
0.0388317
-3.35364
-0.538036
2.58079
-2.80776
4.90362
0.399392
0.184442
-1.18193
-5.16298
-0.00878469
0.822735
-0.565313
0.418214
0.492792
-0.042243
-1.94987
3.48066
0.169926
-5.80891
-0.805852
-7.03823
1.5966
-0.0509488
-0.337682
7.42134
0.0605855
0.180957
1.52116
-2.3968
1.6046
3.04443
-0.68445
0.42635
-1.62702
-11.9868
1.98585
12.3695
1.5413
1.13041
0.953279
20.4106
-1.30696
0.593308
0.218952
-9.26471
-4.0004
12.3039
0.744102
-0.671585
0.49914
-5.48217
-0.26096
-0.742788
-1.68967
0.0389779
7.21534
6.63629
-0.856799
-0.319022
0.625103
-0.165022
5.08704
0.355249
0.690631
-0.994285
0.0239454
-1.62314
-0.66039
-2.74558
4.19601
-0.293008
1.05974
-1.19701
-4.25095
1.08241
-23.5056
-0.529741
-4.59243
0.35863
13.5606
-0.928678
-0.974373
0.544184
0.01578
0.579806
-1.03284
-0.0573133
0.41835
0.578329
1.15028
1.07971
-1.28436
10.2036
-0.952952
-4.70743
1.54722
3.43062
-1.18836
0.243203
-7.46087
1.98513
0.187461
3.26479
0.391237
-6.62557
0.347859
0.500198
-0.339032
1.25287
-0.382875
1.27461
-60.7904
2.73944
0.373486
1.20496
-2.98963
-0.220106
-5.21319
0.297806
1.81929
4.4272
-2.19158
0.144285
4.79188
-2.70789
0.0255127
0.299748
-6.47335
1.13184
-0.172767
-0.117222
-0.960913
-0.219419
1.69833
1.0933
5.00815
-0.145667
3.0872
-3.9882
-0.165049
-0.807678
0.495163
-8.26027
4.74972
1.21688
-171.157
0.716768
-0.504711
-0.211035
-0.279859
1.61902
0.079907
-0.84454
0.643712
2.90124
1.14125
4.72878
-23.6476
-6.27342
-1.75755
2.14508
-1.32327
-24.0057
2.74681
0.666
0.197047
75.4902
1.25025
3.43279
-1.87173
-0.529005
-0.251732
-1.57308
0.618619
-0.476524
-0.833149
-0.746351
0.7219
-7.63704
-24.4719
-4.52913
-13.6471
-7.21
-0.373369
-0.626931
-6.41108
-2.5234
0.917096
-16.5565
0.261434
-0.56332
1.5994
0.414545
-0.56313
-0.126138
-2.25921
-0.0891444
2.53654
-0.0281069
2.18309
1.78718
1.50903
-13.0853
10.2259
-15.8875
-2.45013
-0.0118279
0.171379
0.903933
0.320936
0.0346207
-4.68421
-2.33805
-1.61678
-0.97201
0.0825703
0.177991
1.03644
-1.88151
1.17028
1.45542
0.177657
-0.30092
0.206141
3.73731
3.30633
-14.3611
0.394027
0.218119
2.38564
4.91484
-0.175442
-1.3579
0.178073
0.456609
2.0947
-0.356061
-1.67471
0.0493463
16.8485
-4.64567
-1.3065
-0.8762
1.26878
-2.14686
-9.91083
-0.403737
-13.27
-1.30061
5.4019
-0.153361
0.00855539
0.0385793
-1.14724
1.4576
3.1757
1.03696
0.458864
-2.4472
0.483347
-2.94935
-1.80758
-4.76607
0.891577
-3.07307
-0.489924
-0.411078
-0.773217
7.01392
-0.142733
-0.0642639
0.32876
0.0690834
0.143117
2.21202
-0.854931
10.3995
3.35817
-7.36118
-0.938225
1.16092
0.241083
-2.44197
-2.32758
5.67657
8.6011
13.393
-6.90385
5.43784
-1.49441
2.66941
4.20756
-6.3627
-0.321511
-2.27262
-4.66697
-0.127647
-1.69709
0.583496
2.08794
3.44644
1.0133
3.47649
4.61321
0.653892
0.329504
1.13709
-0.624407
0.581585
0.412886
0.0901644
-2.04458
-0.831569
-25.7115
-1.18225
0.98487
-0.569878
27.0768
2.81603
1.03601
9.95681
-0.0925795
-1.08674
-3.3807
0.112392
-3.65405
-1.54376
-1.40146
-0.48692
3.21082
0.523806
0.729224
0.436512
1.14095
1.61052
0.074415
-0.608059
0.0463045
-0.231902
1.72185
-0.370779
0.476636
-0.284895
0.0363913
-1.11608
0.308573
1.47407
4.94042
-0.208971
-0.36938
6.24317
-0.916943
-1.76541
-0.772705
-4.56626
-0.280701
0.237123
2.98453
-3.27644
1.75979
-2.07501
198.676
0.218276
7.57239
2.10684
-0.659057
3.13494
-0.485272
1.19344
-0.733791
-0.750445
0.253547
2.54208
-2.25174
-2.9746
-0.699423
-0.0874212
-16.3953
-0.515969
-1.19607
0.455199
2.27791
2.39648
-35.4497
2.78171
0.722409
-1.60065
-0.0447521
0.461762
4.43621
0.467752
-0.661369
-0.490527
1.85533
-1.40213
-5.28202
2.26472
-2.72829
4.94196
-0.759664
91.1235
-0.780669
0.325672
2.53098
5.46522
0.874485
-5.70402
-3.93101
0.161128
-0.463798
-0.226962
-0.20075
-0.34266
-0.894159
0.0594321
-18.3997
-1.10014
0.670362
1.64021
7.66284
-2.63098
-1.11299
0.0305023
0.0168806
-1.76044
-12.0809
0.6611
-0.292964
-0.58327
-2.52179
-0.164735
-0.67486
-0.161908
0.504543
0.0025823
9.04026
-2.45327
1.27111
-0.845874
-0.397058
1.93682
2.56964
-1.01582
3.45391
4.26829
-0.374619
12.9462
-0.332909
0.942394
-2.50119
-1.01388
-0.44574
-1.91607
-0.769637
-0.684471
-1.36762
0.808039
0.511395
0.711165
0.283409
0.99902
-0.0524429
13.6899
0.934666
231.485
-2.84609
4.84403
1.02821
0.895617
2.36989
1.68312
-1.56724
1.37603
-1.13133
-0.229413
-3.30543
0.753125
1.50203
0.630798
-3.44475
-0.619143
4.90084
0.114172
-1.5946
1.58919
-1.5895
0.213825
1.0419
0.980168
-3.39073
-2.52588
27.6575
-1.93868
-0.391899
0.0730157
-9.28409
6.63326
4.92264
-9.67236
-8.63365
-0.12754
0.890216
-0.019513
-2.07572
-4.22193
-0.0350384
2.58411
0.0673373
-0.569299
-1.79652
-0.113413
5.45845
-0.104355
0.613042
0.399499
-0.854175
-0.0697948
2.18735
-5.46814
-1.7102
-0.636737
-7.06061
-4.7502
0.631461
3.52671
1.00536
-0.882667
0.491298
1.38636
8.11969
0.27185
-1.86111
-2.91084
0.665404
-0.735938
0.0655476
-0.950956
0.0428546
-8.90143
-13.429
-1.72579
-2.2838
-3.61134
3.9364
-1.2707
-0.180676
-3.35571
-0.814452
-8.07297
-0.69183
0.614994
1.44756
0.0465145
0.235878
0.978451
1.08398
-0.360221
-0.0105619
0.299487
-4.12257
4.75
0.0383433
10.4391
-0.136475
1.05871
-0.79319
0.746498
-0.178401
0.240089
3.03544
2.06726
0.381513
0.0218314
1.55751
-0.232221
7.57176
-1.76781
1.99858
-1.13245
-2.38476
-0.334687
-0.361042
0.359306
1.2654
0.906618
3.02237
1.09634
-1.41517
-0.0335272
-0.522385
-0.330789
8.53879
2.03605
7.81308
-0.395413
-0.987341
-0.284678
3.77292
-3.35023
8.3879
2.17016
2.03602
-2.4719
0.347637
-1.75893
0.156722
-2.477
1.28857
0.5574
1.15387
3.06364
2.76268
1.92635
-0.733509
-1.70286
-0.0801542
-0.280364
0.995137
0.797584
1.95001
-1.34707
0.495805
1.21411
0.965443
0.25396
0.186932
2.9586
0.248142
0.932622
0.479635
0.445613
0.704534
1.72416
-1.56128
0.64993
0.451668
2.93703
1.39502
-0.698589
0.546242
0.702796
-1.07287
-3.22123
-0.296611
-0.190889
-0.9486
-0.625158
-0.987281
-1.14542
2.42044
-1.44722
0.0980876
0.408359
-0.0460357
1.13851
0.11371
0.120837
-2.90492
0.764398
3.6507
-0.27741
-0.839314
2.15598
-0.757404
-0.291436
7.15926
1.69225
0.884772
-2.21327
3.41961
0.552281
0.441256
-0.339323
1.47665
0.123584
-0.188251
0.305835
-34.9385
1.14953
-1.83408
352.988
0.422054
-0.408931
-1.13795
0.393998
0.37195
-0.917403
-1.51325
5.65894
39.8347
-0.673536
35.3496
-1.09928
0.422713
-0.478187
-1.66036
0.0489222
0.455435
-1.03594
0.131712
-4.78456
0.947084
1.00161
-0.354098
2.33115
1.32601
0.368011
1.32154
0.149299
26.3016
-1.98384
24.8799
0.636813
1.2806
0.447332
3.55121
-0.676679
-0.267794
0.385025
0.39045
1.62876
-0.648534
2.56981
-0.084311
-54.2021
0.258597
-0.940316
2.02675
-0.777846
-2.34894
-0.39997
-0.455453
0.275574
-0.205719
0.317199
-0.192448
2.52624
0.193512
-0.264906
4.00684
1.16242
-86.1398
0.0657633
3.85852
-1.42859
0.803818
-0.525818
8.3784
4.21751
-0.890789
-1.06653
5.4786
7.42027
-0.551761
4.25517
0.902457
0.25448
5.98795
2.29728
0.559721
-1.10589
2.50501
1.16875
1.92957
-0.176194
-18.5949
1.77009
8.12292
-4.40175
1.25849
-3.68944
-0.36467
8.89277
-0.374974
-3.60436
0.177088
0.203165
0.167971
3.78437
-0.893624
10.6295
0.51671
13.1209
0.737282
0.771076
-0.78794
1.21543
2.44587
-1.72386
-1.01652
-0.831715
-0.251973
-0.190626
0.21949
-8.37064
-1.72223
2.93995
1.64765
0.503449
-0.959486
-0.262628
-8.77561
0.0245521
-0.93328
0.506727
1.28136
-0.810816
-13.3195
-0.096807
-3.09441
-0.428495
-0.489457
-2.12571
-1.21682
-1.13188
-2.12528
2.2599
0.299553
-0.418094
-0.277445
-4.05566
-0.0240794
1.38126
2.05161
0.43016
-0.247771
-0.308454
0.615745
-1.22793
-0.954519
-1.3637
0.822911
-2.76566
-0.946454
0.171639
1.45834
-1.60218
-1.97462
1.98396
-2.63102
-3.46133
6.03254
-34.0385
1.75841
0.128392
1.14746
-1.16982
0.469459
-0.163426
-1.56614
-0.884943
0.675441
1.41336
0.594264
-18.982
2.66356
-6.20776
6.91894
-1.1121
-0.96194
-2.91629
0.716152
-19.4723
-0.598895
-33.5933
0.0148937
-1.53593
-0.866613
-0.885335
-2.73097
-1.78647
-10.2
0.0840628
0.332478
-0.236222
0.520306
-0.618184
2.25197
-0.397225
-0.92982
0.558276
1.70993
-0.499647
-2.59503
0.900364
-0.537681
-1.00141
8.39391
1.59092
1.07534
-1.33864
-1.13047
0.366974
-0.276243
128.182
-0.217185
-0.176525
0.117667
0.706946
0.0402773
0.291134
0.344307
-1.55912
3.67746
-0.820627
0.389076
-0.475055
-1.38697
1.84578
0.0729679
0.28893
3.37468
-0.227435
-0.720703
-0.139724
-1.12289
0.0766782
-0.109783
-1.71046
-0.877354
0.535842
0.015432
0.460634
0.246399
-0.976531
-0.446092
0.108683
-6.45537
-0.297832
-0.130342
2.68294
1.29715
-3.00193
-0.0186594
-1.36013
3.94926
-2.6833
5.89334
-1.38367
-1.56335
1.08647
-1.02013
-0.368945
0.259962
4.35315
0.0521796
-1.51221
-3.17996
0.655007
-2.0872
-0.194082
-0.260272
-0.629884
0.397766
-2.15426
2.46215
-0.3693
-5.27764
0.385978
1.05962
-1.24708
0.639443
30.6286
0.779425
0.266487
-0.765052
-0.0646902
-0.0526749
-0.132425
0.731704
1.60967
-0.500204
-0.320506
0.982873
-0.453655
-1.0728
-3.80481
-2.42234
-2.1298
-2.41967
-0.00400907
8.62095
2.3825
-2.81586
-0.770832
2.41759
8.52932
-0.705686
-0.936498
0.28947
2.20748
3.66633
-1.29163
0.25807
-0.802507
-5.93172
-0.30325
-1.14262
-2.86674
0.293511
-14.7932
-0.455191
5.16401
-0.828401
-1.55902
-0.232298
-0.28146
-0.29734
-2.10407
0.879601
0.450957
-1.37869
0.021006
-2.37323
-0.118888
-4.23344
-0.300909
0.0425984
1.53592
-1.32249
-3.54668
0.452176
-0.062666
-4.23377
-29.5201
-0.226492
-67.1997
-0.84298
-1.9794
-0.254324
-4.03741
-3.52364
-0.109603
0.346026
0.161599
2.60802
0.320266
-0.95518
-5.27944
-2.75688
-1.3434
0.0271265
-0.934864
1.10553
1.26026
-3.05082
-0.915597
-1.86842
-0.485617
0.328344
-0.832237
0.0341852
1.40512
-1.02678
-1.13082
0.137051
-1.29394
-0.321963
-0.367556
-8.66927
-0.139844
0.667295
4.4885
1.07507
0.600676
-0.587332
-0.180386
-0.855516
-0.967725
-12.1522
0.304838
-0.372174
-4.67779
0.690464
0.404745
0.210834
-0.839821
0.188668
0.36069
-0.780212
-1.00989
3.7156
-2.62122
0.82065
-0.968524
0.145452
-0.439684
-0.670049
0.595262
0.490802
47.6121
0.874878
1.9689
2.76693
-3.63326
0.191132
-9.91925
0.959352
0.617608
1.70516
-3.9592
0.432162
1.34635
4.06413
-1.93697
0.191631
0.962657
1.33633
-0.0412368
-0.238295
0.852483
-3.26551
-1.65157
0.402612
7.72162
-0.269675
-1.49501
1.93703
-0.399101
-4.29777
-0.678298
-3.37036
-0.44452
-0.0712754
-1.40897
-0.044088
1.29739
-4.96457
0.173619
0.870699
0.493915
-0.910436
-0.866681
1.00015
79.1782
-0.274599
1.57869
0.366065
-0.249528
0.612687
-0.197822
5.18743
-5.01852
-0.540836
-1.11507
1.11001
-1.57162
-1.88625
-6.83516
-0.252257
0.561312
2.55417
-0.546993
-2.75735
-1.37185
-0.785263
-1.31149
-1.79155
0.14023
-1.06595
-1.03389
0.262547
-0.239646
4.19659
10.514
-0.793642
2.33391
0.394202
-56.2603
1.77201
1.86849
-1.35544
-2.42111
-0.0211926
0.149043
-2.13506
1.29711
2.27333
0.668628
0.717056
-1.51394
3.94807
-0.172565
0.88173
0.0525565
1.75839
1.40095
1.57814
29.3399
-2.97502
-1.89936
-0.0635419
14.5902
1.14511
0.570801
-0.6765
3.00773
-0.172439
-0.211209
0.599208
8.29176
1.81642
4.78035
0.572166
-0.321611
-0.655444
1.17494
-0.0364744
40.6057
-0.336545
3.51008
-2.06289
0.0991445
0.339105
0.463819
-0.27287
0.50875
-0.936078
0.144664
3.14207
-0.103185
-1.38991
0.0512418
-0.00418318
-4.52741
0.171497
0.112338
-1.26745
-0.64162
-5.06741
6.97756
14.6244
1.34557
0.183313
-1.52861
-1.25503
-0.86457
1.93307
1.28111
-1.7284
1.21594
-4.57597
0.430215
1.61481
-3.0284
-19.5101
0.873573
-0.622885
-0.843601
0.465697
6.26015
0.687615
-0.23485
0.368984
0.364453
2.74422
-0.393032
1.76489
1.78098
3.56064
22.3302
-0.607421
0.868504
-0.192194
-0.0918107
0.134154
0.2247
0.904303
1.82958
-0.111012
-1.58719
1.39431
-0.0141995
-0.444667
0.113426
-3.83495
1.41248
-3.15155
-0.065509
-0.58683
0.332107
0.140761
7.075
-1.56209
0.532724
-0.163506
1.08979
-0.158218
-0.0348234
-1.48282
-1.21021
3.34874
3.39592
-2.60593
0.141462
4.39792
-9.557
0.887609
-0.626813
0.288613
0.0589028
0.414264
-0.158919
-2.35325
-0.765468
-2.47326
-1.3759
0.600985
-0.193752
1.82479
-0.651781
0.362995
-1.54491
-0.626308
0.27108
4.4278
2.72899
1.62705
0.804465
2.6514
0.457783
1.80422
-0.731924
4.95856
-1.39008
7.97128
-1.43595
0.323491
-0.591762
1.80932
2.41116
-0.440707
-0.573759
-0.0287881
-0.158357
-2.16114
0.944615
-0.278035
-0.486251
-2.03522
-0.0015999
2.20138
-7.93791
-2.46805
-4.10363
-0.661265
0.492016
9.55512
-1.4567
-4.12544
1.74082
-2.83383
-0.80741
0.419274
-0.0275451
3.9009
-0.165193
-0.964115
-4.51256
0.015633
0.367093
-1.35647
-0.172478
5.26343
0.825376
-1.58554
-0.327852
-1.45751
-0.915671
2.11422
-1.77896
0.273964
1.40438
-0.378163
0.994356
-0.922732
-0.96635
-0.18088
7.51067
0.242177
1.40774
-1.10553
54.2549
0.872519
-1.59569
-0.734591
2.87246
-1.23209
0.454943
-6.15453
-0.238726
-1.5557
-5.24081
-0.622226
1.8349
0.309346
0.986219
-0.0744894
0.28266
2.57987
-0.747173
1.6753
0.412185
-0.0479785
-2.25532
-2.14097
0.381019
0.686042
0.254787
-0.429584
-4.50577
-1.82026
-1.44114
0.0192181
1.51566
2.07005
-1.31484
1.30293
6.464
0.180446
-1.68685
26.4635
1.45584
1.13023
-1.08796
9.9199
0.169523
-0.746406
1.0329
-1.13564
-0.376946
-0.0097626
-0.849151
5.91463
-1.18509
-0.480008
4.47015
0.0244509
-0.816518
-5.227
-1.58225
-0.726309
-2.08199
-0.220453
-0.415585
-0.665951
-0.334334
-0.10637
-1.47399
-0.342476
-0.511764
2.27819
-1.13797
1.81834
0.514311
-0.160722
-0.988808
0.281268
4.50935
-0.841892
3.7599
0.689219
-0.952933
-0.553649
-0.0298929
0.878764
14.2737
-1.11778
1.15245
-0.395833
428.304
-0.525162
-8.60855
-0.0378951
2.11251
0.956039
1.28627
4.51589
-1.88409
1.04365
-0.612871
-1.20362
-2.06291
-1.13514
-0.518416
1.76146
-0.423293
-0.887657
0.8342
1.06963
-0.0454485
1.68246
0.278095
-3.42804
8.11333
25.0879
-0.91433
0.548774
-1.00042
-86.7977
1.48225
-2.047
-0.0704891
-0.955766
-0.847698
-0.197492
-1.40272
-1.15819
-4.43886
0.84632
-0.0648432
2.21014
-23.738
7.93819
0.72428
1.00251
-0.0138165
1.94062
2.34919
-0.0421244
9.02354
1.71162
-4.72221
-1.20733
-0.169766
-1.86321
-0.686412
2.36377
3.94037
0.394049
-0.153294
-3.16845
0.40613
-0.204742
-0.771856
0.860626
0.499412
-0.955748
1.70167
0.106484
0.753371
-2.35169
1312.39
-0.0332753
-0.995953
0.979218
0.237975
-0.327954
0.14263
10.8138
1.61466
3.28095
0.149392
-0.147469
1.70327
2.10752
0.578994
-0.882731
-21.4464
-0.745732
0.610916
0.30478
-3.44562
-1.35721
-0.433377
-0.949856
1.36205
-18.0732
0.753079
-2.56799
55.6921
-0.197332
2.18099
1.88134
0.36249
-1.42513
-0.240444
1.16047
-7.01184
16.8514
10.8323
0.0938918
1.1829
-1.10502
-6.57969
-3.33507
-1.00589
2.07751
0.595215
4.0775
1.03109
0.911429
0.752884
-2.9176
-0.405363
-0.323361
-0.436958
-0.455669
-0.469924
1.95281
-2.29551
0.307695
0.178333
-0.701741
-1.48103
-0.0503813
-30.5501
-2.41493
-3.55888
0.656812
-0.687916
-0.949336
-1.73854
0.202201
-0.159417
0.581564
1.6266
-0.145852
-2.72169
1.88054
-0.605324
7.6709
-0.463512
0.0640436
6.29728
1.08732
-2.07903
2.30577
-2.45959
-5.0018
-0.579607
-0.827393
-0.45247
3.90399
-0.718362
0.974378
0.408949
2.14345
2.40581
3.58404
-19.3488
-1.20017
7.57316
0.942482
0.216912
10.0333
1.69355
559.769
0.529911
-0.583888
10.015
-0.42921
1.53324
-3.9484
1.5576
-1.613
1.26576
0.642128
0.0239965
-2.34885
-0.688057
0.482591
-1.46242
0.972634
2.02062
-3.51124
-2.0621
2.19336
0.0431705
-3.48676
-0.243784
0.838158
-0.220862
-0.629759
0.951441
-4.2132
-0.790413
-3.55815
-2.41727
-3.75054
-0.41366
0.601909
0.274014
-2.45749
-0.146883
-1.67328
-0.907902
0.0534332
8.39203
-10.0814
-1.02075
-1.60983
-16.1919
1.91007
0.368964
1.27117
-0.246413
0.460457
-0.467635
-0.569986
0.688701
1.41931
1.68917
-2.29387
-1.37307
-0.453073
-0.2624
-0.415888
1.39378
1.08384
19.925
-0.413779
8.02083
13.1561
-1.52959
0.466171
0.400883
-2.14517
0.207204
1.79
-0.186068
-1.07792
0.429549
-0.656621
2.7411
1.04174
5.63288
12.9933
4.22212
1.78992
-12.3832
-1.67651
-0.664003
39.3248
1.73005
-1.89045
0.591296
-1.80322
0.165615
-1.2463
-1.34568
0.817479
0.568606
-0.654306
0.146989
-0.0237677
0.0449506
0.340038
97.9315
-0.425601
-2.68179
1.87276
-0.531194
-0.523145
1.68794
-29.0629
3.81679
0.930544
-0.769456
-1.60827
0.143618
0.312076
-1.71198
0.97653
1.12379
0.181473
-0.340482
1.16862
-0.732124
0.16529
-0.0938158
-7.48609
0.355395
-7.41216
0.520936
0.0109445
0.72388
1.66721
0.597154
0.293927
-2.73712
-3.2096
1.01235
-0.325902
0.0734618
0.0989332
0.0460189
1.05507
2.89792
4.01976
0.439761
-0.393536
0.88705
4.02815
0.00487895
-1.04995
0.282107
3.22747
-3.77778
0.423039
0.210548
-0.511699
-1.78747
-1.21517
-2.21914
-7.85313
-12.6502
-0.211823
-0.519679
-1.63465
6.6201
4.26517
0.446081
-0.461057
-0.323149
0.0631284
-0.411212
0.449774
-0.634971
0.511465
0.43033
13.2221
0.0657713
-2.45662
-1.65729
-2.04352
0.722989
-5.66798
4.05556
0.486494
0.0541773
2.37951
-0.513084
-2.95675
-0.148363
0.0470936
0.199198
-0.352877
1.27828
-1.79095
-7.15409
-5.62047
-4.99507
5.14768
-0.985671
4.8484
-0.509104
0.687878
-0.960819
2.72717
0.703066
-6.28138
-4.3503
9.07312
-0.182323
-1.35607
2.14923
0.215814
-2.56167
-0.708037
-2.57037
-0.343169
-16.4857
0.44509
0.978067
0.31794
-0.310707
0.999772
-0.316304
0.298283
-2.11207
-10.3891
-0.589179
-0.212572
0.778635
-30.6905
13.2898
1.18985
0.495986
1.45935
249.074
0.884658
6.66871
0.427314
-1.86252
0.0176543
-86.8421
-0.157991
-4.50327
-0.504054
-1.6634
0.260473
-0.333199
0.916483
-0.00460993
-2.07144
-0.0829463
-1.57664
-2.29905
8.09764
27.4224
0.446738
0.443856
0.492287
-1.82266
-4.18668
-0.847291
-1.27589
2.30999
0.118679
-0.995537
-1.58409
3.80556
0.842527
-1.74104
0.132576
0.704247
0.40398
-1.43127
0.245484
-0.268665
1.54621
-0.654947
1.67128
1.15123
2.45142
0.452351
-0.319549
2.80789
0.409978
-0.836472
6.01229
-1.13693
1.33344
1.5097
-0.804064
-4.68851
-52.4514
-3.31021
5.22171
0.0878965
0.0591952
1.05859
-0.200465
-1.35785
1.24027
0.180268
-3.72901
0.545548
6.14054
1.00578
0.27045
0.550924
-0.00903856
-3.21046
-0.47472
-1.92598
8.06286
-1.28067
-1.04811
0.191622
-0.802043
-28.7903
0.762263
0.891032
43.0421
-0.296015
0.348604
-2.92523
-0.298087
-0.6137
0.984199
2.32799
-1.19222
-0.203595
-2.48648
2.85259
0.0874577
-1.36793
-1.99256
0.268589
-1.22981
-1.5353
-0.187083
1.84195
-0.106364
7.97157
0.658895
-0.682819
0.904177
2.08842
-0.986173
0.142556
-0.0260887
3.97735
6.27593
0.690846
-1.1599
-35.4055
0.929419
0.128096
0.648254
-0.486567
1.30181
0.0598688
-0.680474
5.51561
0.64179
-0.292562
0.357559
0.814928
-0.247547
-0.492733
-3.20389
-0.2213
17.2739
0.749056
-0.996232
-0.303419
-0.251018
1.44669
1.10186
0.420542
-1.13086
-2.0441
-5.30042
-0.497389
2.83882
0.196093
1.08305
0.533549
4.94764
-18.7408
-0.715136
-0.466213
-2.24851
-0.497463
0.248704
-1.03705
0.303023
6.87632
0.834039
-5.15554
-2.19567
-0.0676365
1.01365
3.01644
-6.8241
-0.729398
-0.355889
-1.01069
0.393251
-1.07034
0.740792
-0.0161209
3.48086
-0.301036
0.351766
2.94847
-0.250876
1.76299
0.242848
-0.684046
0.558301
-0.970406
-0.144416
-0.131491
0.39102
2.73081
23.0832
1.61809
-0.468498
-3.81966
-0.231377
1.31392
-0.491087
0.697359
0.910327
-1.57397
1.3043
-0.804625
-0.36018
-1.24741
-2.41191
-0.642248
-1.02648
-4.15828
0.349691
0.856982
0.371138
-0.936199
-0.841169
0.117194
-55.1395
6.30027
-0.264852
0.852055
2.17521
4.42725
-0.391308
0.403499
-1.38282
9.63156
0.991035
1.02863
-0.0324361
0.353973
0.404176
0.0372562
-0.741172
-0.716573
59.283
-0.604922
-2.02541
-6.21861
0.206972
0.701432
3.98871
1.70937
-0.0123925
-8.16082
1.60114
0.818079
0.223913
-1.5252
19.5844
1.97769
-0.583258
2.12863
-0.762677
-0.862492
0.6165
-1.11207
0.703309
-0.0316881
-0.557087
0.653683
0.963703
-0.679734
-1.35266
-1.01905
-5.57941
2.39573
-0.40595
0.360945
1.04199
-2.89024
-1.3819
-0.140074
-4.63112
-1.9995
0.421078
0.85312
1.06983
-3.50825
0.378212
1.82946
-0.786583
-0.183999
-1.63264
0.376948
0.581416
-1.86206
1.7667
0.275574
-0.459259
-1.56937
-0.506838
2.25516
-0.220546
-2.9465
-0.100729
0.313149
-0.0944621
0.818523
-1.41655
0.845895
10.4889
0.553121
-0.94561
0.406357
5.03118
-1.08907
1.21509
-18.2823
-1.27071
-1.10284
-0.812366
1.74286
-9.28717
-1.66282
0.519287
0.245745
0.485918
-0.871863
-0.238127
-2.26547
-0.169451
-1.01028
-0.817149
4.01994
-0.0825359
-0.387065
-0.840925
0.687023
0.694087
-0.818643
0.383332
0.80533
0.143179
1.71671
1.49163
2.25319
-1.30951
-0.569081
-6.94072
0.469388
-8.13072
4.57756
-0.35586
2.11261
1.60792
-0.521548
-0.0757336
0.551126
0.932759
0.482406
0.0812413
0.743519
-0.711187
0.683604
-3.50225
0.177089
1.54441
1.33685
1.45707
-13.3147
0.573615
0.472439
-0.00231283
-1.09618
10.7883
-0.0359404
1.55201
0.620728
0.104025
-1.41305
0.506912
0.134861
-0.168029
-0.823609
-1.10553
0.52707
0.764042
-0.453893
0.0146835
0.248047
1.74146
2.43546
0.296236
-0.146628
1.0427
28.9751
0.809489
0.859455
-1.52658
0.666772
9.56908
0.658155
0.879521
2.24677
-0.669873
0.375831
2.77093
-1.35734
-4.51709
-0.81684
0.49241
-18.2746
0.0753962
1.58735
0.187526
0.582665
-0.529588
79.7548
-0.558368
-1.88914
-1.15185
4.0345
2.2851
-23.0496
-0.538298
17.0396
1.14937
-1.52686
-23.1337
-42.4752
-72.4145
0.522355
-0.549105
3.93437
-3.5175
0.774441
0.890192
0.477808
0.269313
-1.00013
1.72169
0.581537
-0.512291
0.34494
1.24193
0.202168
-0.401792
1.63531
0.0131051
-0.272743
-1.00601
0.184104
-0.214757
0.532419
1.77375
1.37599
-0.752534
1.15586
0.604161
8.47674
0.650796
0.250292
-0.0824917
-0.0143179
0.517845
-0.396978
13.4599
0.723195
1.02528
0.424424
-2.89509
1.16424
-0.16508
0.826048
0.22408
-0.866866
-1.32227
-0.822872
-1.22158
-0.365908
-1.28403
0.153536
-1.78167
-32.9193
-1.36074
3.07695
0.532361
-0.0892909
0.358227
-3.04458
-1.1113
-3.32756
2.86732
-29.664
0.493303
0.385787
-3.56835
0.201202
1.16614
-0.290886
1.87243
-0.0478798
1.35686
-6.38393
1.67535
-0.448282
-5.20315
-0.104139
-1.59563
0.817322
2.1507
-2.45211
-1.76453
1.33263
0.552139
3.21974
3.23798
-0.829226
-2.52769
2.28375
-0.485416
0.387506
0.599318
-8.62057
0.442435
-0.370768
-0.62052
-2.88612
-2.97678
4.9042
-0.0215612
1.76846
-3.76564
-0.542311
0.596927
-0.582584
0.404972
183.171
3.67571
2.92468
-0.213646
-0.606993
1.58862
23.894
1.30848
0.38192
0.693288
0.543323
0.27796
-22.3711
-0.576146
-0.325805
-1.56523
2.26965
3.9482
-0.301858
2.1284
0.144456
-0.191583
-1.47354
1.70373
-1.71136
3.35111
0.771775
-0.0170544
-0.529023
0.470886
-6.45761
-1.91111
0.104443
-2.24821
1.33656
7.68893
0.403845
0.49816
-0.264643
-0.674657
0.0522326
0.106905
7.04962
1.08178
-0.133664
-1.09441
-10.0274
-3.24839
-0.726055
-0.345443
-1.097
-1.24152
-0.75941
6.1078
-0.437667
-0.640497
-11.8808
-0.904146
-5.15588
2.43414
-0.156327
8.25324
32.2735
0.875738
-0.0384158
1.86461
0.27232
0.191433
-3.97184
-23.3222
-2.69994
42.8746
-0.208467
3.12695
0.0881618
-0.317978
0.731694
-9.15894
-2.82159
-0.734613
0.471729
-0.000756743
-5.33783
-8.23371
0.793779
4.36707
-0.133228
0.885012
2.76124
1.61382
-0.922396
7.57057
-0.845829
-1.0392
-0.489061
1.23832
-1.74359
3.88532
-0.167242
0.104266
-1.26991
1.47248
-5.30504
-3.64906
-4.17904
-2.95727
-0.469896
0.00425464
-0.979455
-0.179346
4.62212
1.23863
1.31412
0.193343
-0.913907
-0.999483
-0.390025
-1.98843
0.0478807
1.38028
0.616283
0.341244
-1.9932
0.286791
0.570565
-0.297705
-4.45042
0.175547
-0.0997171
-0.0628184
27.9903
2.83287
-6.61816
-0.260305
2.7733
-2.28577
0.424365
0.750113
0.193463
6.3073
1.25983
-12.592
-5.26684
0.637974
1.21009
2.57141
2.254
4.86489
-0.936536
1.80132
3.32488
1.81911
-0.370771
1.40699
-0.351454
-3.26896
-1.15445
0.395044
-2.10404
2.39329
-1.01355
0.466297
-0.0292794
0.804747
-0.201125
1.98793
2.11354
-3.5584
-6.79738
-0.306577
14.8112
-0.267838
0.434097
-1.37519
4.56087
-2.36986
0.871925
0.0483289
-0.84714
0.0660188
-1.515
-0.0328819
-0.0497436
-0.253178
0.22679
-0.431946
1.20529
1.95294
-2.81993
7.67892
-6.49904
2.4407
1.70728
0.199615
1.45689
8.86784
-2.80123
-0.121607
2.96968
-0.590901
1.23092
20.8434
-0.742984
1.47605
1.78221
0.0210145
1.39498
-1.76264
0.379958
-4.48707
87.1817
0.678758
0.141367
-0.594004
4.14946
-15.9282
9.06868
-0.358245
0.904791
-0.62473
0.726397
1.38402
3.93119
-29.5281
1.45091
0.642274
7.83442
5.71425
-0.458807
-0.518005
2.55427
0.0959626
-0.20739
4.85479
-1.16106
-0.0358862
0.38727
0.501278
4.05303
-2.55882
2.40399
1.62307
-0.888938
-2.76176
1.11222
-2.0381
-2.03775
0.389431
0.546832
3.00959
-0.609167
10.3622
-0.148583
0.149382
0.04196
0.133248
-0.459696
0.320301
0.611443
4.26995
0.130466
0.217745
3.71053
-4.56322
4.01934
0.789316
-1.83299
-1.07964
0.118084
0.305943
-0.231964
0.023145
-0.599248
-0.801667
3.93257
-1.2823
-1.28504
1.56397
0.687244
-1.55227
-0.362808
0.910204
1.08417
-1.35683
-2.6721
0.556608
-0.916508
2.36027
-0.56975
-8.58431
0.320239
-0.460268
-1.52841
3.17195
-1.36682
-0.164059
1.41722
-29.2561
13.4011
1.88427
-0.248454
-1.52285
-2.91683
-1.7204
1.16716
-1.36172
0.893875
0.389415
-3.6887
1.1809
-0.419278
2.48936
7.41242
0.444936
0.0609766
-5.50818
-0.14435
32.2629
1.94986
-1.89298
-0.334961
0.369821
-0.639576
-1.66492
-1.07048
-5.03727
9.15281
1.49001
0.345395
0.482863
-0.21312
-1.52984
0.813424
0.536065
-4.47497
0.926625
10.4207
1.32252
-0.566158
0.775963
-1.70516
-0.225373
-18.9907
-3.77251
-2.36585
13.1372
0.286929
-0.0755402
-0.293721
-0.577944
-0.562958
1.2011
-0.528333
-3.67033
-0.0347587
-0.0861207
-0.764475
0.960687
1.22049
2.04468
0.2776
0.878476
0.0310065
0.258264
-0.0181548
-1.64343
-0.371702
0.531472
0.169759
0.462826
-0.146375
-2.51188
-2.12147
1.37128
1.15202
-1.35147
-0.0296066
-1.06858
1.45049
-0.268185
0.813508
1.89226
0.0854574
-0.85208
-0.440174
6.74266
-0.447187
-0.210997
1.85215
2.10192
-1.04635
-0.168174
-0.57032
0.293314
-7.60974
-1.28176
0.786224
-0.924963
1.67439
0.154852
-3.25365
0.712257
0.10623
0.128715
0.778141
-0.0710153
-0.672546
0.11811
-2.50274
-51.2023
6.63264
-0.606288
0.667739
2.26978
-4.80335
-0.894752
1.03598
-7.07218
-0.359351
-0.257155
-2.66554
-0.530128
-0.918139
-1.22066
-0.0024391
0.276513
2.90709
-0.785182
0.0552198
2.25782
-2.01802
-0.464184
0.13729
0.179822
-0.586236
1.04313
1.60154
0.0828328
-3.16344
21.8505
-1.05962
0.0429763
-0.481388
-1.49865
0.860442
3.53606
-54.1849
1.45294
-1.63607
-0.361863
0.347679
-4.46203
-0.0438438
0.942669
0.278358
-2.92458
-1.01257
3.8952
-4.96171
-0.366878
1.43327
-0.273904
-1.47625
-1.20566
-6.96683
-0.71563
2.50064
17.7842
0.342823
4.63522
0.192226
1.35489
-2.47957
0.960673
2.53192
0.885994
2.278
0.134412
-5.25933
1.29785
0.0642639
0.684013
0.797406
-1.00216
-0.552886
-0.578529
-1.73835
-15.4775
29.1045
0.0274737
0.245113
0.169895
-0.32822
0.652328
0.99476
0.143986
-0.55108
2.54103
-0.459591
0.381978
-0.204717
-0.569103
-4.20452
-0.177075
0.786882
-1.42899
-0.462983
-2.46481
4.81333
0.972796
13.8602
1.53112
-1.09551
-1.3427
5.06734
-1.56771
-0.730468
-0.965946
6.77875
1.52589
0.275775
-1.74213
0.521975
-0.593083
3.5035
0.682339
-1.40255
-0.646037
-1.5687
3.0555
2.64626
0.649458
-1.47823
4.81073
0.23727
140.821
0.652427
0.85938
-0.503882
-3.73886
-0.858348
-2.47279
-0.856044
12.7773
-0.39415
0.442412
0.0176111
0.0238743
4.23743
0.0698935
-0.926011
0.118505
2.61327
-0.260293
-0.519744
0.0722396
-5.74724
1.39555
0.153354
5.22146
-0.460009
0.323509
0.327796
-1.16565
0.34544
-3.54096
-0.166054
3.78112
0.966143
6.51487
-8.06525
-1.57161
0.0893367
-0.109318
-0.264995
-0.61873
-0.594488
0.0798256
0.0405151
1.97299
-0.584343
-1.00892
-1.446
0.958673
-0.721723
0.126196
-0.597134
0.988247
-1.56482
11.0431
5.7907
-0.282337
4.01315
-2.93315
0.561798
-0.335485
0.269438
0.48402
0.0600523
-0.270968
3.85919
4.9461
-0.374168
0.346163
-170.747
-1.7193
5.94828
3.08694
-0.578399
1.03872
-0.0297877
-0.651903
-2.76143
-10.9757
-0.0904602
-5.86997
2.56473
-1.45844
0.143405
-3.77973
3.22754
1.38802
0.633614
0.985833
-1.27982
-1.8122
-0.424942
0.1756
-0.411274
-8.67212
-2.26131
0.472719
8.10416
-0.105467
1.61478
-0.738009
-0.705997
2.16031
0.36781
0.158294
-0.137771
4.14872
0.524585
0.630693
1.4967
0.68974
3.00932
10.1962
-4.67089
2.36674
-6.53317
-0.626043
4.4013
-0.116129
2.34476
0.744148
0.717952
0.688456
-1.84068
0.0490144
-0.205091
0.182534
0.559112
2.4841
5.79025
0.685301
-4.1538
-0.343685
-27.4349
-2.08413
0.424357
0.637103
-1.25511
0.295017
-0.90603
-0.266381
-149.211
0.745947
1.38707
-1.05482
-1.06025
-0.993276
1.67524
-0.588701
-10.8049
-0.0693013
-7.31449
6.30117
-2.78373
0.814029
3.56804
1.31557
2.90449
-1.39045
0.790827
86.8789
-1.41626
-1.17747
-0.342143
3.20218
1.26151
-1.40889
-1.76477
1.23947
-2.14209
0.652133
-0.100618
-2.97477
-3.29689
2.01687
-0.0817657
-15.3298
0.12556
-0.250374
0.290039
-0.652392
0.617867
-0.45578
-4.67714
1.76347
1.10184
39.4445
0.60485
0.449273
0.305134
0.318162
3.91458
0.917566
-6.37973
15.4734
2.1376
-0.798321
-1.13151
0.0242895
0.984419
3.71209
-0.506526
2.28399
1.15195
-1.99419
3.94227
2.19048
0.677704
-0.147257
-0.694081
-28.3685
-0.331371
0.212302
2.23883
0.554033
19.3211
0.494409
-0.892264
0.088534
2.05456
-4.12251
1.01926
-0.393321
1.36669
-2.47449
0.843019
17.4798
-0.779714
-0.09375
-0.206532
-1.4903
-0.118814
-2.53993
0.846647
-10.5685
-0.301325
1.4859
-5.10726
3.02575
-0.0168339
-6.92008
0.219856
0.887489
1.18631
0.0668538
0.220788
-1.42227
0.911927
0.824957
2.53309
0.443163
3.07046
-1.33296
-0.00439621
-0.545851
-1.078
-4.04404
-3.2377
-0.115871
-0.0162743
-2.39224
-4.39006
1.6999
-1.00394
408.312
-0.392495
0.189666
-0.269115
0.38552
-0.655091
1.94687
-2.0122
-0.51243
-0.60363
-2.14989
-0.336768
3.4299
-2.25143
57.0202
1.57005
-8.58097
1.96599
3.85533
-0.783433
7.26427
0.0368846
-1.4417
-4.74918
1.17502
-0.629598
-0.984477
0.114966
0.0590435
1.55883
1.79044
1.19837
0.0954988
0.926021
0.592995
-0.619563
-0.540639
-0.399566
-0.850337
0.021323
-0.22154
2.7966
-0.428966
-1.72021
0.20833
-0.724835
9.5632
4.25968
-6.23311
1.33185
15.8326
-0.683406
0.783521
-3.28749
-0.238665
-148.562
0.640181
1.26907
0.190354
-3.19668
29.8502
1.66824
-0.905728
0.928687
0.569915
0.364259
1.16232
-0.290901
-0.76458
-1.51784
-2.7174
-4.18497
2.35472
0.840186
-0.265126
1.81593
0.45523
-0.116028
-2.66166
-1.17906
-0.971475
0.936351
1.81462
-2.87226
0.582308
0.343281
0.791044
0.100171
-0.861174
3.95625
-1.97014
0.68849
0.213413
0.399197
-0.3756
0.906381
-1.47366
-0.179512
-0.186789
2.12735
-1.13377
-10.5253
0.672814
-15.6638
907.116
-3.11318
3.85368
-0.0166594
0.38674
0.312848
-0.531934
1.68385
-0.944455
-0.200398
-0.407069
-1.40785
-0.489545
1.9168
-0.596422
1.48811
-0.192576
0.556123
3.62199
3.15051
1.29965
0.693591
0.28678
0.087319
1.57744
-0.496025
1.86943
0.837708
-5.22551
-10.1022
-0.00214593
-2.58808
-1.9012
-1.3704
0.80437
34.5059
3.07541
0.233465
-4.5029
-0.581822
0.163092
-15.1585
-1.07848
-20.7835
-1.16265
-0.0117065
-2.62948
-1.31863
0.833572
-1.33214
-1.05025
-0.0878531
0.005498
1.93858
0.647565
0.25627
0.271331
-0.844086
0.650074
-1.03619
2.07572
0.924148
0.29997
-11.8162
0.0425201
-9.82228
-1.12731
0.288984
-1.55154
-0.773439
-0.64124
0.777422
-0.299894
-0.644518
-2.97577
1.36532
-3.26098
-0.76541
-0.1941
4.10832
-1.58974
0.955991
-1.91016
-2.92448
1.0648
-0.352136
-0.231964
4.21598
-0.162099
17.2228
1.3338
1.97496
-91.363
2.31404
0.877753
0.356357
0.149308
-1.51743
0.970795
-1.13123
0.00780404
0.852063
-0.455266
0.141403
25.3778
0.603337
-0.211864
-1.82166
0.989845
-0.773746
-12.0969
2.40675
0.843806
0.629836
-1.40402
0.969774
-1.62644
-0.715326
-1.48033
-2.73115
-0.503674
-1.31345
-3.2317
-0.353604
-0.600788
18.1661
-0.704646
-3.69904
1.25865
-0.895937
-0.946768
0.332506
0.872116
-28.5449
-0.858545
-1.74125
-0.285876
0.272756
0.230086
-0.539838
0.259823
-0.402539
-6.97967
0.0505436
-22.522
-0.262931
-0.411322
0.110522
-0.55175
-0.342678
1.19605
12.7287
3.58629
-1.11381
-1.70937
0.711786
0.352911
-1.12994
-0.178903
0.00302538
-1.99559
11.4642
0.348198
1.45688
-7.9746
-1.96514
-1.4801
-0.322127
-34.2174
-1.64903
-6.48862
2.40204
9.36524
-0.47528
0.0396329
-1.58687
-1.07333
-2.34219
0.0845297
-0.639149
0.442026
-24.1315
-0.974873
-0.986287
-32.0617
2.31314
-0.150031
-0.44559
-0.507049
-2.4518
0.236317
-4.31576
1.41581
-1.71348
0.522967
0.0609036
1.84984
-6.96398
0.983241
-0.339001
-2.05921
1.06722
-0.674493
-0.137604
3.8781
0.951759
1.82393
-0.164322
0.506715
4.35655
4.05511
2.45505
6.37719
-1.29412
0.101783
-3.02128
0.872181
0.411426
0.147994
0.706035
2.71967
-0.739245
4.59573
-3.16484
-1.19749
-0.43365
-1.68362
0.270157
-0.971539
-0.0762221
-3.72161
-2.37526
-5.66259
-1.35806
0.690208
0.310758
0.915416
4.96759
2.5152
0.107855
-0.209792
13.4265
0.782026
0.911738
7.2137
-2.50991
8.49519
-2.47063
0.427335
1.01995
-0.851792
-14.6343
8.15948
-3.53858
-1.48334
-0.163945
-5.77333
-3.64778
-0.544483
-0.527546
-0.133872
-0.7404
-0.121142
-30.4551
0.431411
-0.589777
-27.2147
-0.506294
2.04002
-0.90331
-2.76622
1.15573
1.03548
-0.0833687
-1.48568
0.126234
0.163728
-0.459793
-1.72668
-0.621189
-2.64877
4.56811
-1.68195
-0.50325
-4.34424
0.179662
-1.40745
-0.519131
-12.5228
0.71716
1.04134
0.17477
0.0935801
-7.06576
-0.74622
0.73026
-0.789559
-0.862222
0.851607
0.385418
-4.07797
-0.377384
-0.733021
-833.165
-0.442101
1.28471
-4.89923
-2.59891
-2.57421
5.77528
0.963408
1.88912
0.961104
-0.658376
-3.02552
-0.0703988
85.3749
0.34025
-0.740436
-4.73676
0.200496
-0.778131
-1.07439
-1.36062
0.823136
0.249346
-0.44427
6.17252
-1.74563
1.68993
0.259676
0.355597
-0.803243
0.182088
-4.21788
2.02956
0.718513
2.22784
-1.45947
0.239636
3.50492
2.19489
-0.511799
-1.40343
0.63188
1.11462
0.178504
-3.67943
-1.42774
-3.89117
0.114395
0.257655
-1.97989
1.11201
-0.188894
-3.32971
3.99835
0.251493
-7.12794
0.237845
0.833047
0.865039
-0.279335
-0.21016
-10.0717
-0.0547956
-0.672199
0.0804005
62.6259
-5.69606
0.186688
0.529503
9.33757
-0.652796
-0.756676
3.20987
-1.92384
-9.06027
-15.826
-2.77119
0.663033
-0.0971462
0.824419
0.107887
-5.3609
-2.06747
-3.83962
13.7555
3.24231
0.800154
1.6845
-1.43732
2.39286
0.774899
1.24962
-1.20607
-11.2522
1.30755
-0.213901
3.18557
-8.70256
1.83629
0.809482
-13.3057
-0.454192
2.13551
-1.28462
-0.818855
1.31037
-0.618815
0.12657
-38.9371
-5.83579
1.91963
-1.21527
36.4947
-1.10974
0.251253
1.07879
0.185635
0.0454689
0.0332479
0.325645
-2.56976
1.01701
0.429902
-11.3134
-2.86537
-9.75347
0.310948
-0.508436
-0.130189
-1.73811
-1.25107
0.29944
1.40913
-0.165473
-0.147386
-3.57045
25.8477
0.395444
-1.08707
0.329675
-0.449604
-1.38548
-1.95542
0.221235
-0.144958
0.576885
0.053228
-5.00453
-1.43124
-0.145089
-0.530234
2.11407
-0.795043
-1.5463
-4.69277
-1.08967
42.6829
0.469135
1.55937
0.0323949
-0.00437595
0.964406
-0.346664
-0.521254
7.37483
6.1159
-1.93552
-0.29828
0.11234
-1.26369
1.13862
-0.535374
0.145264
-0.897436
-1.29302
-0.111495
0.895735
-2.15496
-0.0993779
-0.608144
-13.1401
0.219971
-1.05427
1.87335
-0.183337
0.174745
-3.46787
0.468245
4.37945
-1.00647
0.310607
-0.803102
0.128392
0.462393
36.1151
-1.30473
1.14711
-7.14266
-9.50508
5.15193
0.173574
-1.11832
0.371955
-2.08482
-2.10897
-4.55731
-1.68378
-0.324245
-84.2685
-1.63543
1.75972
-0.825957
0.31603
-3.12021
1.15153
-1.30254
-1.6268
5.6488
-8.15054
0.394385
0.510469
0.586443
-0.0151831
-7.28466
-2.67708
-3.02255
-0.615637
0.646898
-28.9986
2.46637
126.615
2.32346
0.879037
-2.35188
-2.16457
1.32291
-0.217685
0.289325
-0.167533
-4.01046
-0.0771641
-1.05425
-0.272314
1.45637
1.75272
-0.657972
3.78076
6.3536
1.53621
-2.58124
0.397258
0.253132
1.46221
-0.758447
1.33119
1.47164
0.488192
0.0845813
0.443743
0.269237
3.19793
-6.22724
1.06004
-0.134805
-1.69635
-0.853458
-0.90139
0.909761
8.04569
-0.337659
1.4176
0.16943
-0.561813
-6.50031
-8.00593
-0.493805
-43.9276
-0.366585
-0.175601
-0.184534
1.44718
-8.03475
4.16595
-1.01663
0.63822
-1.87825
0.0456664
0.514395
-0.0686327
-2.98409
-21.1587
0.251303
-0.284996
-1.87919
-0.838124
-5.29666
3.98527
-1.00747
4.22298
0.151706
-0.248991
0.378405
-1.92309
3.4213
-1.08172
-2.30327
0.0422808
-1.32197
8.89082
-0.386355
-2.79526
0.665499
-1.28449
0.635429
-0.399707
1.21347
-1.76761
-0.906688
0.162921
-0.12504
0.287816
-0.653067
-1.41532
-6.66525
0.746834
-1.74884
-0.0463447
1.73765
-0.89153
-25.2434
-0.269275
0.384514
0.552015
0.37957
-0.134516
-0.0655657
-1.64922
-4.68303
-1.03522
2.32938
-1.19397
0.62378
-0.878745
0.486657
0.266311
-4.20028
-0.98697
0.0324155
-8.50878
-0.600543
-0.949995
-3.06438
157.35
0.511564
-0.849068
2.31295
0.777324
-1.06573
-2.49283
9.71453
0.685962
0.2293
-1.88941
9.94013
1.91927
-1.2408
1.21808
-0.589921
0.63105
-2.80517
1.61256
1.0796
1.01544
-12.1688
-2.83387
-17.2331
-0.510266
-1.78449
37.5401
-0.410749
-2.02933
-1.51397
1.19704
-0.485084
-0.466931
0.84854
-3.5287
3.02081
0.0664975
-0.0798302
-2.52251
-0.160113
0.875253
-2.54909
0.638367
0.481984
1.44052
-1.25231
-0.347409
-4.00349
-0.117604
-0.661218
-0.737634
-8.7938
0.846636
4.02499
0.15668
-1.6941
-2.40116
-1.27315
2.17152
-1.59432
1.2279
0.771948
-1.39096
-4.58584
1.88989
2.24887
0.0849749
1.09755
-1.03511
-0.704639
-0.697459
-0.412127
-1.19746
0.878973
-3.81566
-1.09149
0.440548
-0.186324
-0.766601
-0.667567
0.650975
-281.348
0.442895
2.60556
-0.660198
2.18548
-1.34062
-1.61152
0.68787
-0.55774
1.46784
8.70526
1.56795
-3.48477
-0.375586
0.719685
0.164991
-1.7376
-0.646411
0.0477107
0.0247379
-3.15026
-265.334
8.77989
0.518659
-0.538376
-2.20485
-8.18773
-2.4433
1.02611
-6.7061
-0.690596
-0.64091
-0.883534
-0.729978
0.359872
-1.40841
-0.82719
-0.664464
-0.23997
-0.00206874
4.87136
-0.816172
-0.751352
-1.99419
0.183016
-0.549873
0.75865
-0.958129
0.0617714
1.35637
0.00876976
3.35078
0.705245
-12.2192
0.8416
1.46833
-0.901505
-22.2765
1.38713
0.893018
-2.87585
1.20864
-1.62803
-0.337978
-1.73339
-0.299843
0.438676
-0.00724937
0.813295
10.4195
0.822308
-0.759411
0.521771
-0.82711
0.445293
0.52755
0.758631
0.940544
-0.281541
7.78824
-4.97573
0.306398
-4.19807
0.459482
-5.13816
0.303572
-5.2607
-0.986899
0.668013
-28.2276
-0.422038
-0.92666
-1.35884
0.937411
-1.20749
0.196488
0.282365
-2.00467
14.2
-0.850548
-2.35877
2.34245
2.95305
-1.17343
-3.41674
12.3273
0.711731
-3.55899
-0.182827
-0.0093674
0.0040339
-1.54595
-1.4693
-16.5021
1.13066
-23.1176
1.17289
14.605
-1.6161
-2.29678
-0.878796
2.08226
-0.551785
-15.6731
-1.65785
0.0771629
2.06153
0.908297
-0.0309754
-0.17258
1.54408
-0.598163
0.858548
-0.632639
-0.824997
-1.24079
0.997354
-2.66841
-0.0860405
-0.142852
0.657176
1.4045
0.690922
13.6149
0.310343
-2.56228
0.453071
1.2605
-0.753831
0.396727
1.30361
-0.113056
4.51359
-2.23429
-3.16694
0.0476428
0.663991
6.31409
-1.22145
2.57077
-1.71257
-0.256043
0.663621
0.437783
0.298662
2.02637
2.37245
3.30484
1.33353
-0.156915
0.212115
-2.89168
-0.180447
-6.18966
-0.314206
-2.29048
0.28556
0.349902
0.775242
-0.0995916
-1.9679
-0.373349
-8.51031
1.25986
1.11913
-2.93823
2.09866
1.40469
1.55511
0.85285
-0.0108226
-0.239451
-0.370922
1.73507
1.32121
-0.0263015
4.52939
-0.0335653
8.5182
0.435124
3.25039
2.90033
-1.87937
-0.978347
-0.298134
1.39587
0.118011
-5.00123
-3.57548
0.900112
1.63628
0.0314854
0.894412
-1.38678
-1.10479
0.211001
-0.399321
0.702893
-1.87417
2.27305
13.2004
-93.3459
0.471068
0.441211
0.512746
-4.03838
-0.00944982
-1.53709
-0.677006
2.42736
-0.378736
-0.0491451
1.52111
-1.01397
2.77445
0.0273554
3.94017
-4.42696
8.205
-0.0877488
1.14332
-0.156634
-0.241872
-2.49251
-0.962112
0.244975
-1.41584
2.02594
-0.563495
-9.37797
0.71152
0.116039
1.46909
0.32316
2.8149
-0.0491407
-18.3001
-0.86468
0.938674
0.373567
0.431523
-12.5021
1.46197
-34.0163
0.652132
-1.04091
-0.0471114
-0.511334
-3.71461
0.21855
-0.983452
0.707648
8.10692
-2.1252
2.90595
-4.4102
-0.69617
-0.745288
9.21958
-2.01033
0.721348
0.480482
-2.49644
-1.021
4.29224
-0.0432594
3.10372
1.22596
-0.20306
-3.49472
-0.303746
-1.7881
-0.223267
1.3089
-4.02916
-0.464405
1.34841
-0.120842
0.964164
-0.669495
1.64727
0.394345
-14.9174
-3.69267
5.73724
-2.76969
-0.825888
-0.281647
2.18803
11.6507
-0.775273
-0.223266
0.806588
-0.645009
-1.01928
2.78478
-0.916586
-0.961561
2.37985
-1.13533
2.78061
-2.48877
49.3137
2.59272
-0.327937
-0.472565
-1.47995
-3.1332
2.06532
-5.64223
-1.85685
0.00371506
3.05115
1.83944
-0.166151
0.717988
-6.11824
-0.199096
-0.544546
0.087476
-0.350172
-0.213582
-0.579741
2.29462
-0.0848202
-0.270815
0.583328
-1.01297
0.604131
-2.39595
-0.827685
-6.10156
-0.527213
-3.04891
3.29237
7.87687
-0.363841
-0.364151
2.96249
0.86768
-0.274454
0.852603
-0.526981
-0.0194508
0.975206
-1.93047
-2.03543
2.52208
-0.269679
-0.42395
-2.85439
-0.799377
-2.52801
-8.03956
-5.54304
5.19324
-0.207088
-2.13557
0.763321
-0.687395
4.11252
-1.70616
0.649325
0.544891
-0.618817
-0.617611
1.13596
0.85621
0.688134
0.556221
0.0667957
1.70976
1.88421
-0.21198
0.24249
0.745377
-0.877112
1.11865
-1.00465
0.638987
-0.810159
7.04951
-4.64132
0.582873
0.656949
-2.5545
-1.06933
-66.3066
-0.211934
1.36379
0.668691
-0.197477
-0.447891
4.08489
12.0121
1.04894
2.87916
1.88138
2.42276
0.747716
-0.585225
79.9201
-10.497
1.78725
1.57729
-5.94308
11.2618
0.470215
0.226161
-0.270891
-0.318164
1.2895
0.889974
-0.560717
0.149282
0.415626
0.00526586
-1.1336
0.00761706
0.611709
19.2453
3.0246
-0.0423476
-0.922322
1.53982
-0.284087
2.10184
0.64347
-1.07467
-0.893947
-0.465394
1.3446
-0.0585407
0.498368
0.490418
-1.22852
1.26918
-0.805219
-0.150176
3.76683
0.404614
-1.31588
0.0830528
0.798403
7.34002
-0.56397
0.669266
-39.9683
-0.455476
2.43093
3.27627
-0.439568
-0.883414
-2.11838
2.71478
1.58206
-0.205529
-1.0193
-0.597103
-2.03177
0.895563
-1.14055
-0.697945
9.50031
-0.2679
1.93104
-1.09321
-0.854491
2.48401
2.54731
-0.681235
-0.250209
-1.09777
-0.564163
0.312194
-44.095
-6.11134
-14.6076
4.44528
105.107
2.67976
0.901317
-2.51308
-0.0956415
-2.54077
0.336656
-0.125872
1.29522
1.22593
0.324355
-0.00266179
0.41329
0.213488
4.43841
-0.360992
-0.523628
-0.0397208
1.34021
0.301776
-0.562169
-0.0975529
-2.3887
2.10853
-0.505598
0.331441
-0.697706
-0.944818
-4.74458
0.77801
0.334918
-1.15523
4.15355
1.54933
2.74225
1.98419
0.899321
0.685249
0.35947
0.695653
0.52916
-6.19412
-0.410435
3.67019
-0.598494
28.3825
-0.240422
2.54826
-2.45345
3.8256
-0.59705
0.0938592
0.590924
1.93163
-2.83409
0.957523
-0.931487
0.0551432
-11.1213
-4.78278
0.700494
0.00857432
-0.324031
10.3429
2.68338
-0.963243
0.346085
0.458609
-1.35668
-91.4583
1.78162
14.0538
0.00787443
38.5511
0.970395
-1.34783
0.380075
-2.73961
-0.997887
0.542722
3.59159
-1.70718
-0.279657
-0.113583
1.40498
-1.70432
-1.77393
-0.226362
-0.0928551
0.761548
-2.48928
0.641582
-0.498167
-0.890508
-1.88366
-2.13009
1.30436
0.425019
1.56935
-5.21459
0.0718266
0.410294
-0.510685
-0.560484
-1.47855
-0.709788
0.607314
-0.692379
-0.172988
-0.274455
0.867213
0.409624
-0.87583
19.3334
-0.71312
1.36596
-1.56914
0.0121761
1.06206
-4.4213
1.78694
-97.4289
-0.0441164
3.00639
0.306349
-34.6276
0.465741
-6.04101
2.21127
0.93825
0.616556
-1.43698
-1.89573
0.315017
-0.607082
3.36879
0.348872
0.62135
0.127534
13.3513
-2.16155
-1.24604
-0.0746894
-0.704283
-3.40262
-1.46606
-0.00286321
0.0959564
0.40829
0.952305
1.57105
2.375
2.39087
2.48734
-0.112106
7.12705
1.7954
-1.5069
-3.36205
1.64311
-0.0474819
0.698598
-1.14234
-1.57843
0.865123
-3.64129
0.219948
0.967303
7.06231
38.8097
0.851155
-0.603258
-1.17621
-0.490494
0.394829
3.23158
-0.319802
0.309382
1.62716
-0.642422
-0.806036
-1.77916
6.66575
-0.772211
0.470987
1.80434
0.340397
2.31761
-0.056701
2.62025
-0.537253
-7.58683
-0.25879
0.0684912
0.896222
-10.1538
-5.58157
-0.719623
-0.513704
-2.10052
-0.181124
2.36694
0.685246
-0.433105
3.19612
-9.7768
0.0316876
1.07344
1.25729
-0.199107
1.07823
-0.421205
-0.000107719
-1.63534
0.251273
0.728034
-0.511265
1.94621
-7.89869
-0.133552
-0.0264366
-0.351886
-0.187981
-0.151836
-1.34396
0.405209
-1.67554
6.24374
3.1184
-0.0852443
0.441248
-0.180631
0.7054
-0.146654
-0.516385
-4.61296
1.0546
-4.0312
0.503681
-0.244556
0.462096
-1.83452
0.972498
-1.01739
-0.881802
-11.2131
6.02417
-2.39303
0.525143
0.298343
0.0820134
-0.542493
-0.142817
1.19594
0.586026
-0.818128
1.35983
0.629525
-4.62979
-0.263998
51.1739
2.70363
-4.07358
3.63208
-0.0463615
1.56076
0.808279
-1.6626
-1.40169
-0.643169
-0.748374
0.344323
0.314128
-0.172545
13.7994
2.24748
2.93167
0.0785915
-0.282205
0.648023
-3.80366
-1.35826
-0.114318
1.38151
-3.82847
-0.154232
-0.0580409
-0.909097
-10.8171
0.831105
4.62228
0.198491
4.79327
0.0769792
-1.91671
2.43002
0.582606
-0.201031
3.6723
2.43846
-5.10957
-0.565754
-315.936
-0.0753092
0.259885
6.34973
1.50304
-0.160237
-9.61361
32.263
0.941377
-0.154473
0.12289
0.180787
3.85897
3.0626
0.579956
2.34202
0.17916
0.796729
-3.68699
-2.51223
-0.76633
-0.123883
-4.51389
-0.351624
-0.277293
12.2948
0.94982
0.269194
-0.0503299
-0.780976
1.84035
-0.323582
4.67401
2.27834
1.07287
-1.72618
-7.389
0.456712
0.0758247
-1.88664
0.292501
-0.940666
0.0751279
-6.82216
-0.285904
-0.524653
-4.64853
-1.96413
0.0744357
-0.206518
-5.49036
-0.437649
1.23636
-13.2192
0.037527
-0.427334
-0.445615
-1.142
-2.5888
1.38865
-0.758298
0.33769
-0.151836
-0.0516066
0.340558
1.38697
-11.9316
-0.633491
-4.8122
-0.471168
-1.44298
-8.38946
74.3776
0.265337
0.75795
-0.300246
-1.75847
-1.43271
-0.49658
0.843488
-1.12464
0.644227
-0.0498835
-0.83566
-2.27929
1.5092
-1.18488
2.62482
2.10206
0.505218
2.63781
1.79197
-1.19206
0.975664
-0.928066
1.46988
-704.534
-1.48957
5.81187
0.846186
0.512556
0.0141751
0.958944
-2.14324
-0.22689
-0.0216268
0.986569
3.05679
-0.53759
72.3035
-3.88454
2.18191
-1.51337
-1.1504
11.1803
9.43325
0.807248
-1.88428
-0.79108
-16.2294
1.10481
1.72612
1.62685
0.936275
0.650902
0.682067
-5.02333
5.00394
3.07614
10.8346
-2.50069
-6.70241
-2.12252
-8.45672
-0.874487
1.59881
0.418488
-9.39725
-0.653537
0.512263
-4.44022
12.8333
0.00104613
0.059261
2.12542
0.668668
-0.887382
-1.30096
-0.533442
-9.26451
3.71841
-12.7827
1.91899
-0.889415
-0.0223903
0.746895
-0.00697674
0.525211
-2.91452
-3.68476
0.449404
0.225984
9.76521
