-1.6919
-0.0720204
-3.61046
-0.427169
-15.0368
-0.831339
0.267429
-1.11185
1.03874
-0.951594
0.273289
-3.70316
1.02579
0.66141
-1.25747
-2.50363
1.81906
1.1043
59.0548
1.50463
-5.89589
21.8997
-0.991459
-0.0580919
-17.8047
-0.944826
-2.1983
0.992303
-1.83127
-0.325226
-0.536617
1.89972
2.0204
-0.827565
4.1776
1.22378
2.1452
-0.936503
-3.51982
0.748795
1.06519
-1.26333
41.3913
-3.57105
-2.80827
-0.185747
-6.42362
3.1577
0.494313
-5.23457
-0.402402
1.62001
2.82695
0.319398
-0.160394
-0.474407
-0.817528
0.718445
0.495582
-0.744143
0.436534
-0.297239
2.25747
10.3819
2.08908
0.389196
-0.780662
0.561641
-37.1212
-1.29978
-1.32357
0.0638833
0.219323
-0.762898
-1.68844
-18.9192
0.5603
-4.95979
-0.0734207
-0.358668
-1.34925
4.8006
4.1718
-0.781856
-0.0231935
-0.551421
0.054819
0.579776
0.711962
-0.207874
0.805245
-20.9886
-0.172843
-0.298262
0.55183
-2.64149
-0.364198
0.963457
0.149393
0.109255
0.294308
132.233
0.21414
-1.69611
-0.681254
2.58969
-0.138571
0.451983
-6.29086
-2.13466
9.26588
1.47611
-0.989855
-3.03981
-0.677475
-4.52858
3.10156
-0.221733
2.12242
1.24072
0.251194
0.0323902
0.686446
0.682182
0.2094
0.415177
3.61667
-1.44696
1.1527
0.825424
-0.385698
-1.09501
-0.413798
-1.06232
-1.53865
8.656
0.203723
0.662917
-0.516401
17.825
101.064
130.46
-2.6444
-2.15874
-2.17204
-4.08973
1.04323
0.574776
-1.0278
-0.0201582
1.77419
-0.814045
-0.35451
13.6202
0.317548
-2.59015
-0.304486
-0.0159944
-2.24746
0.424475
0.0137878
1.15027
0.886814
-3.01681
0.487219
0.708282
-1.181
1.26756
-1.92539
-0.28248
1.58417
1.49717
-0.553757
0.563407
-0.122249
-4.10169
0.489203
-2.07387
0.122646
-0.515342
-1.22322
-612.574
-0.263156
0.225174
6.13151
-4.77249
0.482806
-0.474466
-4.12396
0.111746
-0.15925
-2.95932
-2.54997
0.364879
-3.07174
1.33716
0.0750415
0.0354106
1.34994
-0.40278
38.6325
-1.61341
-0.866637
-0.226227
0.945434
-0.308451
0.1452
-0.698992
-1.91701
1.15335
-0.424603
-0.219207
-0.0252806
-5.5006
-0.520366
0.170597
-1.64265
0.226391
2.11571
3.3048
1.5667
-0.668905
0.692323
-4.35389
2.53384
0.759598
-0.841827
1.21754
0.997446
-0.741504
0.9682
-2.46193
-15.2535
0.372892
-2.79866
3.67926
-2.855
2.17149
-1.06622
-28.6162
-2.75782
0.0263032
0.649815
0.728144
-3.41475
0.0764268
1.47289
-0.623771
-0.182678
-0.193858
2.42252
0.905548
0.507029
-0.0431591
-1.22977
-8.19964
-0.762234
0.0845627
-0.27655
-0.15798
2.59391
-7.41567
-0.193326
-0.386713
-1.3945
0.723027
7.15839
1.10928
0.674389
1.11001
-0.610483
0.619188
1.71568
-0.682397
1.09293
24.4255
0.727445
-0.0841685
0.373085
2.14078
-0.0479069
0.237207
1.59589
-0.966063
-1.59344
5.96294
-0.0300868
0.413851
-0.220084
0.929598
-0.00652717
2.91913
10.7173
2.23291
0.291256
-0.554426
0.217415
-0.803687
0.0162952
3.77458
2.69567
-1.08242
-0.560138
-1.8457
0.369154
-0.486332
1.44392
2.79491
4.23606
15.4231
2.34376
1.21626
2.2302
1.97648
-0.431976
-1.62457
0.480176
-9.27165
-0.206488
-0.328631
-3.34055
-0.443312
-1.34069
-0.589662
0.507546
0.316131
-5.1847
-0.455926
-0.324803
-0.550356
111.675
-1.65943
0.999612
0.613438
0.548821
-11.1774
-1.74283
-0.655573
1.64501
0.508478
-0.00853546
-1.00187
-1.39159
-3.95102
-9.8352
-0.549314
3.20548
-1.0377
-2.46666
1.85203
0.10288
-0.0542836
1.1206
3.86901
-2.28306
-1.76511
0.721113
-1.35544
0.673035
3.59172
-0.3446
3.47878
-0.586286
-10.596
-1.72673
-1.112
2.57659
-1.4268
-0.397071
-4.54251
-0.135578
-1.80206
-0.280263
-3.5476
-0.290328
3.6797
4.48892
0.965641
1.59178
3.2423
7.94857
0.374879
0.641019
4.60372
-0.211266
-0.11175
-0.251751
0.800692
-9.23937
-8.43589
-2.58102
5.73977
8.29217
1.24653
1.49124
3.31587
1.0434
2.48046
-0.278631
1.28657
-0.347508
3.09305
0.485171
-1.98421
-8.41252
0.690308
0.906086
-0.257243
-1.43377
-6.95728
12.6944
1.88332
-0.439072
-1.22879
1.52681
2.74799
-1.77596
0.625974
1.05885
0.258247
-1.96114
5.74708
0.453265
2.07059
0.228163
2.26332
0.0862727
1.08026
-0.157417
-8.88613
-0.496805
-0.558797
69.9011
-2.05482
-1.3312
-0.0695163
-2.14336
1.34545
0.0852176
0.0508268
3.20599
-0.465301
-1.07693
-0.187346
-1.07654
0.773742
-0.833681
0.0304711
0.191757
1.90514
1.04281
0.518693
-59.0992
-1.56167
-16.4214
6.59995
-1.69754
-0.867641
-0.471254
-2.54754
1.14267
1.61005
0.397829
-1.44738
-0.550666
-0.749863
-0.798033
0.406586
2.3586
-2.17662
-0.00803587
1.16776
3.70057
-19.8992
-1.29089
-2.84972
-2.10445
25.1701
7.78147
0.565968
-28.0643
1.70494
0.833656
1.21069
-0.485379
-1.56127
-0.358574
-0.233443
0.584965
-2.5395
0.432177
-0.053567
1.46474
2.23672
-0.544267
-1.00985
21.3633
0.2571
0.675106
-0.837169
0.778338
-0.917894
-0.188556
-0.801091
1.0735
1.55652
-6.53485
0.117489
0.0793604
0.070464
-1.58405
-0.295547
1.05496
126.066
1.41265
-3.67571
0.101989
-1.80706
-4.16729
2.53254
0.0209196
-7.07759
-0.42158
-1.80092
2.80541
0.743535
-0.0211099
4.29282
-0.984742
27.8429
-3.28246
-2.51432
-0.642771
0.645927
-0.0675933
0.172998
-2.65754
0.167886
-0.189113
1.91085
-2.83963
-1.54132
-0.533348
-1.10155
1.31592
-3.11619
0.103489
3.7455
0.551028
0.167286
-0.0814217
-0.517073
-0.84046
-0.248108
-1.00494
-0.0633797
5.60085
1.17855
1.45359
-0.206267
3.20513
1.10612
-1.90544
0.824371
-0.424983
-0.562374
1.44801
-0.229376
1.75112
0.645488
0.735925
0.377782
-0.115242
-2.07952
-0.513746
-3.52032
0.221626
-2.38494
0.870705
-0.0948051
-0.588845
-0.828174
5.33749
2.14644
-0.223624
-0.73973
-3.64993
-0.333324
0.180365
-120.838
4.6556
-0.741612
-2.11288
-0.443328
-0.0727012
0.3095
-0.605267
-0.249081
7.13791
-9.46479
0.241253
-0.944517
-29.0618
1.63356
1.44176
2.34632
0.958845
-1.77408
0.120906
-2.58176
1.37589
-9.21975
0.781234
2.19401
0.574065
0.0824583
-8.21061
-12.3394
-6.42123
0.0651459
0.919734
5.40497
1.9069
-1.82917
4.11136
2.32096
-0.0236735
-0.232374
-2.41556
0.121473
0.143975
0.986001
8.81952
-6.49345
1.17073
0.728553
11.0825
-1.21735
0.520941
-0.0918986
0.00597516
4.25417
-0.222874
3.28825
-2.90887
-0.431499
0.219569
-2.31731
0.486986
0.43962
-0.127687
0.0455411
-0.476864
0.122823
0.118982
2.34454
0.370178
2.02072
-1.39953
-0.301463
2.02278
-1.60536
0.212597
-1.47615
-0.492116
2.21183
-2.3103
-0.186839
0.262799
0.241969
-0.127537
-1.60387
1.27347
6.9056
0.453242
5.22173
7.27731
-1.48128
-1.3708
-0.902014
-1.75098
2.33333
-1.17098
3.60153
-0.673454
-0.126392
5.12217
1.79275
4.12987
0.882194
1.26326
0.958512
-0.523456
0.146803
-1.88558
-1.11213
-2.01648
-2.65513
0.232454
2.11956
-0.241682
-2.35842
-1.06693
0.833444
-1.02881
1.83353
-1.25622
1.01867
-0.745839
0.512434
0.514715
32.9101
2.4813
-47.8726
3.79987
-0.582931
-0.543864
-29.4969
-2.63565
0.4812
-1.25477
0.144849
-1.73433
-0.654385
0.872536
0.873427
2.54929
-6.78433
0.62808
0.173141
0.855295
3.56317
-28.8898
-1.44409
7.71356
0.718484
-5.37725
-2.54391
0.240619
0.245873
0.46365
-0.0633033
-0.10612
30.6203
-0.095402
-0.747001
-0.0567309
-4.58207
0.282551
0.479248
0.820404
6.32515
-4.08084
-1.0781
-0.513367
-0.0855504
3.41938
-1.6045
0.135973
-1.91454
0.671475
-0.951871
-1.11169
-2.22538
-0.559252
0.484603
-0.235245
0.078289
-0.384161
1.64864
6.51016
1.03956
-0.635098
-3.75123
0.22622
-0.803438
-1.83252
-1.49319
0.220965
-2.67408
1.51591
-7.58648
0.682313
0.621152
-0.910354
-0.492149
0.896109
19.4975
-14.7815
0.155319
-0.087186
0.0516881
-0.527983
1.31166
1.34152
8.87382
1.82877
-0.266408
-56.6137
2.32807
1.40423
-3.85709
51.4285
3.02698
-0.79909
0.603794
-1.364
-0.160361
2.74842
-1.11475
0.0441166
0.175842
-0.553851
1.47232
-1.13444
-0.193874
4.71859
-1.11376
-0.926991
-2.23815
1.38365
2.29524
-0.537732
0.50217
2.02204
0.364273
-0.587784
14.084
0.146413
-2.78958
-3.7304
2.27819
0.341549
0.381223
0.994378
0.590256
-0.649014
-1.13589
1.90287
-0.481232
0.287833
0.729433
4.97741
-0.402011
0.528381
0.854008
-20.6551
-0.877396
-1.39386
0.481563
-0.083467
11.2283
3.69792
-8.62146
-0.0295321
0.941661
0.41136
0.508395
-0.893757
-29.687
-0.270074
0.540669
-0.741346
-3.33303
2.42389
-0.837091
-15.0647
-1.06145
0.772342
-0.742281
-1.45634
-0.162753
0.0286867
3.53214
17.895
0.582223
0.992419
0.289855
0.660674
0.388751
-17.812
2.70268
-0.253125
0.745276
-1.05714
0.561841
0.93347
1.58599
-18.5694
-2.13394
15.9079
-1.49042
2.72429
-2.88878
0.0584482
-0.643986
-0.260409
-0.0523453
-2.67722
-0.398888
-0.350196
0.369091
-3.93777
0.0740526
0.398194
-0.825307
-1.48278
-1.30358
-2.62379
0.585838
0.25451
0.342262
-0.333981
-0.450922
-0.0406708
-1.08602
-4.16936
-1.02131
0.906991
4.56139
0.533996
0.428094
-0.530562
1.88195
0.369742
-0.128523
0.318214
-7.21518
-0.0221313
0.454048
7.47846
-1.43032
-0.00881955
0.255541
-0.102461
-5.57399
-3.37259
-5.02184
46.8685
-0.0586675
-0.103698
0.763097
0.877755
0.236413
3.40167
0.311848
-4.20157
2.29636
-0.708578
0.659369
1.26931
-0.593805
-0.672543
-1.24413
-0.196158
-0.517296
-0.37923
0.402083
2.17732
1.36754
-0.444673
0.021239
0.392087
0.0777866
-0.452621
0.218006
-0.312288
-8.87395
1.69653
1.62009
2.22069
-5.04598
-2.2365
0.128303
-2.55214
3.03473
0.110818
0.750425
-1.55181
-2.28894
0.0361508
-2.4522
-1.18214
0.800731
-0.492467
36.7911
-0.456422
1.58109
-0.888031
-0.251203
-0.407807
-1.24705
0.721129
0.24368
-1.45935
15.4356
-50.4193
-5.53874
-157.174
-0.612431
-3.12245
0.366671
-4.01137
-0.273996
-1.72319
-0.806896
-1.44417
-4.36959
1.70898
-0.445632
2.20162
1.15085
-9.41089
-2.26624
-1.06883
-0.0691134
1.21143
0.708321
-1.28581
1.04215
4.07466
0.841597
6.99412
2.43136
0.908364
-0.582535
-4.44364
0.410981
-79.2526
0.350925
-0.220329
0.158277
-1.40791
1.8299
-2.85314
-3.66641
-2.24128
-2.69168
0.422691
-4.92831
-0.290333
-1.25697
0.223504
3.04981
7.45212
-1.1123
-0.879978
11.3957
1.42066
0.269606
-1.99577
0.130702
-2.61181
0.3958
5.07419
5.10923
-0.610277
0.108547
0.368395
-0.645166
2.09642
0.626423
3.33283
0.019775
-1.228
2.74273
0.588675
-0.770223
0.335236
0.430407
-0.478894
7.6217
0.955641
0.74998
-0.439044
-0.941574
-4.68525
0.993844
2.16202
1.4665
-11.7108
-0.00398532
0.514199
2.23915
-0.19434
0.843629
0.852231
0.0946571
1.11235
-0.200932
-1.65818
0.707183
1.21679
-0.876895
0.717576
-3.32011
2.36936
-0.311074
-0.376778
3.73621
-0.56625
1.45676
2.20417
2.10696
-0.799587
-0.155887
-5.77353
0.619556
0.898237
108.706
-5.95058
-1.56939
-1.73665
-1.77376
2.12382
-7.27004
-1.26528
0.0772532
-5.31267
3.68135
-0.134445
11.1751
0.09685
1.42383
4.70189
-0.273348
-2.2758
1.12445
-0.369536
-0.619099
-3.76646
2.98129
-1.76799
0.12255
0.801074
-4.57944
3.95468
-50.1666
-2.12366
0.433227
0.997389
1.52009
-0.925404
-1.40634
-0.447132
0.621216
-4.50213
-1.21899
0.306238
2.03225
-3.89006
-0.188445
-0.401217
2.88695
0.701416
-0.387271
-2.803
-0.0388131
0.377385
0.0930241
-0.111516
0.33059
0.868958
-49.862
0.204949
0.956687
-0.446239
0.140693
0.860905
-2.53344
0.850506
26.0641
-2.65122
-0.247042
0.667702
-0.960403
-4.39376
-1.17528
-0.486548
-0.0555071
2.37442
-0.254101
-2.42917
-1.01636
-0.346932
2.72653
-3.40009
1.25526
2.19366
-0.438159
0.542969
-0.277078
-0.619014
0.508845
38.9407
-7.11815
4.69987
-3.58753
-1.18262
0.419396
-5.88327
-0.178456
-0.997545
2.60565
1.04481
0.410938
-1.30538
-0.208163
-0.0854535
114.309
-0.583229
2.51511
8.91604
-0.203862
-0.773649
1.08629
-0.43799
0.450342
-2.19984
0.231924
-3.49787
-0.215569
3.48123
0.0875518
1.41371
-0.0382562
-0.160318
-0.258808
0.161522
-0.868079
7.09396
-8.77691
5.10502
0.770441
-2.07841
0.964333
-1.31902
-0.559789
1.36948
2.95744
0.0807233
-0.61542
-8.27215
-0.643588
-3.05548
-0.595092
1.0585
8.69464
-2.74328
1.78817
-1.48103
0.852807
-10.8163
-0.409807
-1.37073
0.305455
0.138514
0.34302
-0.292097
-2.29724
-1.03631
3.95664
-4.4193
-1.92437
1.61614
-0.48648
-0.59905
-0.103722
-1.26597
-0.0961773
-0.15536
-0.583369
0.107526
-21.4661
9.20814
-0.415665
0.799193
0.140171
2.3397
-0.295884
-2.25788
-1.25941
2.83529
0.0795299
1.00918
2.58841
0.268378
-11.487
-1.16819
0.107231
-0.395341
-1.96716
0.962525
-8.52246
0.997245
0.188967
0.343748
0.432303
0.468588
0.952054
-0.694434
-2.53415
0.312806
-0.261376
-0.680614
3.4568
-1.28853
-479.201
0.0618993
-0.240433
9.20987
-6.14388
-1.15069
-0.187448
2.71055
-3.87158
-6.31801
-2.53114
-0.322117
0.0909591
2.86251
-2.26031
-1.75347
-1.38556
0.919505
-5.17209
4.68733
2.24418
453.452
-2.19549
-3.0236
0.0809589
-0.687454
-2.44133
-6.53431
-0.714013
3.03206
0.509606
1.08009
-2.41221
1.24878
-1.53812
10.6907
1.60429
2.43876
-4.40062
4.00228
-0.0241669
1.42007
-4.09718
-0.533673
-1.31774
-0.547506
0.256712
0.301778
4.47316
0.372793
0.0208173
0.601969
1.41668
-1.1588
2.04508
-3.03085
0.554021
1.20208
4.59859
-0.185427
-2.88226
2.4908
0.48955
4.3327
-1.86805
1.43575
7.58497
1.04638
21.7473
-0.112913
-0.327261
-0.581727
0.628229
1.21584
0.896034
0.0841746
-1.20643
0.220016
-3.81876
2.58759
-0.00287122
3.57044
-1.49677
0.904755
0.297418
-15.1212
0.399947
-0.193501
0.501948
-0.252388
1.60409
-1.51374
-0.13147
-1.15337
-0.914066
2.56686
-0.384232
0.227548
7.0003
-0.998533
-0.904592
-0.606069
-0.737912
3.56535
1.83767
2.41711
-4.56112
0.209904
5.9534
-0.659017
-0.800026
0.448023
0.133347
-0.128451
-13.0183
-0.116032
0.253887
7.09685
-5.42547
-0.917335
0.194735
-0.254696
-0.147548
4.10112
-6.63183
1.07509
-1.11718
-0.488807
-0.866956
0.398463
0.609527
-0.759594
1.04213
0.353706
-39.1559
-1.71068
0.272121
1.43715
3.32048
0.587924
0.600123
0.499622
-0.293333
-0.124195
0.151135
-1.41165
-0.182387
3.26833
-1.81103
-3.46394
15.8306
2.78441
-2.62956
0.912793
0.979886
-0.00202991
-1.37747
-2.05641
-1.08921
-0.141238
0.582155
-2.90388
-1.15671
-0.852906
0.298825
5.95692
2.98757
5.89536
0.630675
-0.980208
0.293833
0.890857
1.3998
0.472756
-3.89933
-1.01075
0.425622
0.807274
-0.496821
-1.51202
9.04623
4.97342
-0.999196
0.0019584
2.57903
-0.586165
-2.71468
-0.218833
-0.0674348
-0.113504
0.969916
0.385484
2.60683
-8.30529
0.89542
0.042652
-0.319205
13.5659
-1.68049
-0.139613
-0.0721429
-0.209314
0.00451944
-0.193526
0.34189
-2.82835
2.56291
-6.36154
0.676672
-0.0470046
0.834835
-2.01815
-0.650552
1.02185
-3.01048
0.863671
0.511947
-0.472614
-65.3924
2.9974
-0.685464
-0.376385
-8.16995
0.676409
0.725271
0.935274
1.42722
-0.342836
0.0909989
0.505311
0.161728
0.570881
12.3091
-2.17575
-0.302682
-0.395382
-0.109823
-0.271051
0.382256
0.362777
1604.97
1.07434
0.826338
-1.06574
10.5771
-2.03428
3.9473
-2.60341
5.31968
-0.811608
1.5566
-1.17969
0.411874
2.25013
-0.159832
-1.92989
-0.967458
-0.0592637
-2.36788
-0.861199
-9.8014
-0.402062
3.54911
-3.61647
0.0649625
-1.47741
0.504566
-1.75167
0.607044
-0.472623
-0.85507
0.0969604
-1.86786
-1.27413
-0.0997386
0.649735
-2.51776
146.251
-0.0421601
-0.0510749
0.564924
5.82484
-2.63614
2.61605
0.124092
-0.153457
1.50562
-0.099365
1.78643
-0.616233
-2.97289
-2.32773
-0.144569
-68.6106
2.5591
5.05018
-1.57134
-0.405901
-1.70805
0.170657
0.892776
-2.61492
0.824249
-5.85331
-0.157099
-1.19975
-0.471128
2.28388
0.651735
0.844932
0.618828
-2.16239
4.40284
0.287083
-1.42976
-77.2689
-7.63741
-2.37009
-2.26495
0.214049
0.232424
-1.94882
0.35041
15.342
-0.452305
0.248516
-0.347297
0.711262
0.933001
1.45475
-0.4607
0.291538
-1.5292
-0.914726
-4.09974
-0.0168235
0.433757
3.02458
11.1775
-10.6092
2.0297
1.70812
0.434576
-543.781
-131.684
1.4777
30.0859
-0.399998
0.778224
1.04098
-0.164265
-0.127202
-24.3723
2.88354
1.47349
-5.93063
0.630871
8.04968
-1.24672
-12.1467
-0.472127
0.827133
1.1962
0.974669
11.2901
2.36977
1.80688
-0.746104
-4.87478
1.18762
0.199998
-1.68513
4.59585
1.55351
-0.407483
0.332431
-0.285146
-0.0860611
-0.680086
36.2009
-0.129037
-3.98976
4.26477
31.5775
0.409193
7.70156
-3.21467
0.832666
0.991477
-0.961079
-0.246074
-3.43802
2.72018
0.900195
0.491427
-4.47991
-0.677082
0.569743
0.657987
0.825389
-0.72054
-1.26494
-1.84379
-1.02353
-0.238566
-0.414882
3.77624
8.30711
-1.3845
0.164653
-0.280883
-7.36673
-0.738193
-0.836983
-1.91611
0.803754
-1.73133
1.89225
-4.99088
-1.55529
-1.17315
-6.26333
1.92423
-0.99654
1.42094
0.164589
-1.05453
-0.517704
-3.34634
-1.02329
-1183.5
-1.69021
-11.1971
-0.0834419
-1.23182
0.352319
-0.226531
3.89922
1.18225
-0.505706
-0.611393
4.97711
3.57273
-0.0249729
-2.48963
-2.29966
0.464356
4.07371
21.2858
7.64602
0.363586
3.41624
0.710035
-0.0704502
-0.0841856
-2.01799
1.67086
-2.87721
-3.22457
-0.890347
1.47622
-0.293282
-2.63901
-1.95547
-0.224665
0.0843746
2.74785
0.724084
-0.877699
-0.16358
-44.6834
5.11282
-1.21743
-1.69608
-10.9821
-3.15064
0.0752727
0.774016
0.114732
1.18838
-1.53931
0.400682
-2.64432
2.04016
-3.00495
-2.85998
1.4255
-1.87456
-1.77566
-2.05447
-12.0808
0.313595
-47.6663
0.00824041
-0.97152
1.9968
5.365
0.0715382
2.03342
-18.6495
-0.206317
0.734421
0.557482
-0.634587
-0.0757147
-2.25162
-1.77839
12.1964
0.430223
0.599951
0.23019
0.320132
0.768176
-0.842644
0.653593
-0.292926
3.58168
0.502137
-1.45186
-1.0537
-0.32625
-0.916164
-20.3684
-0.482362
-1.04047
2.42344
-1.43027
-0.408064
-0.30401
10.8891
1.02022
-0.622538
1.07025
0.549997
0.839862
4.39462
0.764373
0.651901
1.58257
0.507005
6.69304
-2.8146
-1.57033
-0.830782
-0.601215
2.81725
0.0218799
-2.49454
-3.3417
-0.0736606
-2.73977
-1.59616
-5.28891
-0.337506
3.91573
-14.5724
0.324547
-0.365322
0.438563
0.290845
0.416333
0.371252
-1.415
-2.56618
3.37594
-0.495588
-0.0306078
-0.59011
0.115604
-1.13242
2.16362
0.458547
-0.820222
9.8941
2.07711
1.67456
0.017694
0.148055
-0.816795
-1.63035
1.63664
16.928
-0.265093
-1.78116
1.3081
0.880633
-17.6007
0.776846
0.669934
137.805
-0.905109
0.364177
-0.670814
41.3461
-0.455095
-0.412355
-2.92898
47.2921
-0.19277
-0.327637
0.942508
-0.968772
-3.31904
0.0302513
0.254207
-6.53476
0.820111
-6.09588
-1.57905
-1.10794
0.913464
0.412006
-12.7332
0.884361
0.151353
1.4659
-1.2223
-3.85293
-0.363894
-0.350664
-1.40954
-0.301256
0.289161
4.57382
-0.200845
0.801667
-1.42139
0.0790904
-1.82797
-0.244394
0.0900709
-0.398768
0.145633
1.24429
-1.48197
-0.0454675
3.73231
0.196839
-0.856356
-0.463653
-0.211139
1.77727
-1.17449
-0.377063
0.3599
-0.127038
0.687125
0.0761526
-0.253252
0.778935
-2.22559
-2.94409
7.1428
1.30113
-0.356374
-1.70629
16.0026
-0.286147
-1.91713
0.741113
1.02541
2.91613
13.0547
1.64044
-4.52145
1.39584
7.22895
0.0604273
-0.250726
-0.894904
-0.288299
0.851125
-4.44851
-0.65029
-0.241155
23.118
0.180272
2.49704
3.86977
-0.910036
-3.53463
0.279157
-0.219096
-1.7417
0.0831471
0.297496
9.70558
-0.149371
-4.14249
-0.368336
0.27396
-0.972295
-49.8998
-1.89092
-0.0248688
-0.218684
3.29698
0.352093
4.47578
3.14324
-0.961112
-1.62288
0.264357
0.912015
-3.82288
-3.64968
-2.8837
-4.06536
0.850226
-0.730722
-0.862625
0.64896
-0.734922
-3.47297
-0.250741
-0.279773
-0.672276
-0.400466
-6.45827
-0.175938
0.176341
14.1296
0.570768
-0.0118888
-0.69387
2.17609
14.9913
0.907812
2.32556
-2.47475
-0.695022
-0.434664
0.375537
1.59441
-1.21426
1.69634
-18.4643
0.256302
56.0439
0.692441
-0.149934
-3.75961
1.55511
0.504166
8.45437
-1.76659
5.17699
-0.21459
-1.44497
1.25073
-0.208277
25.6883
2.94629
0.274675
3.98419
0.917082
-0.226722
-0.624031
0.647375
0.776387
2.54857
-2.17649
-1.26552
0.813931
0.968768
-2.7627
-0.542586
0.428882
-0.975489
-10.7432
0.804333
-0.824232
4.83647
3.43882
0.521425
-1.86449
3.30679
3.84448
-4.43866
1.44099
0.672514
0.0437609
-0.558083
-0.350376
0.176402
-0.233806
-0.495717
0.163076
3.5634
0.109319
1.52387
-1.04149
62.0652
0.0305856
-0.676815
4.15691
148.572
0.8939
-0.372844
-0.292562
-1.82283
-0.26492
1.70523
-0.0679563
-0.45657
2.27399
2.65976
0.392467
0.347818
0.582813
0.170085
-0.447931
0.461165
-0.289782
-0.177863
-0.489306
0.818584
8.95706
-2.3249
-0.620829
0.841352
0.231709
0.427972
-0.0386504
0.302226
-0.708129
0.927381
1.24892
2.85625
-2.02083
-1.03682
0.817698
-1.83406
0.470165
7.01492
0.532652
1.9298
-0.466728
0.207202
0.115517
0.229952
-0.263475
-27.4791
-0.164462
-0.309166
0.355154
0.622988
0.0148662
-0.221417
-8.29155
2.41131
-10.4869
-1.61107
-0.856822
7.62853
-2.99771
0.789588
2.42021
-0.373864
-7.02022
-1.27081
-2.16459
0.0284652
-2.74584
0.702579
2.09742
7.57772
-1.28305
-2.86482
1.78783
0.249163
0.176432
-0.409366
1.40539
-14.2943
-1.72194
0.358014
0.987336
0.640787
0.286519
-2.14518
0.682825
0.143578
-0.724265
-1.92352
-0.941457
-1.19618
-0.406765
0.0770021
3.17454
0.0364988
-6.08986
-2.58759
5.4956
4.96669
-11.3305
-3.37365
-6.38832
-0.937019
0.413134
4.89619
-0.540264
0.00819323
3.29608
-0.56147
-0.11635
-13.2794
0.678105
-0.39475
-0.95429
-40.4031
-0.78567
0.413502
0.678328
2.6195
0.822562
0.201125
-0.929231
2.49854
-1.09928
8.94277
-0.451402
0.659211
3.33724
-0.785641
5.6644
-2.62722
1.36999
-0.665311
0.986925
-1.33359
-0.851762
-0.176169
2.62696
-0.229189
-1.17496
1.87247
2.25914
-5.51155
0.0484871
-2.31286
0.790137
-17.833
0.569282
-0.551105
0.963668
-0.108152
-0.33947
-2.81449
1.24605
-0.48358
-2.47098
0.033429
-0.121887
-4.01048
-2.29519
-3.64048
5.21134
-0.516215
1.25979
0.400647
23.522
0.0685574
-42.3579
-4.47507
0.424749
0.885862
1.03955
-0.573202
0.27106
-0.541445
1.14737
2.04284
-0.920278
-0.0209375
-1.03516
-2.19078
-0.270702
-0.597563
1.28236
-0.724092
-3.98287
-0.220969
1.19966
-2.84213
-0.0636625
-4.00778
1.6771
0.929653
13.1077
0.954723
0.527534
-2.24967
-0.223077
2.44448
-0.123476
-0.458892
3.19907
1.49273
5.68929
3.88405
79.1772
0.689083
0.0359974
7.97582
-2.35956
7.95635
0.882754
-0.324677
0.866669
-1.48121
1.28016
1.05972
-0.21322
-4.45542
2.79284
-1.05018
0.354621
-0.993406
-0.419031
0.171846
1.04717
0.0507015
1.19224
-0.851887
0.756385
0.00896124
-1.8595
0.150248
-8.24915
1.37818
-0.323867
0.542676
-0.131648
1.08707
-16.3653
0.338685
-1.78694
0.835751
-0.513375
0.250284
-0.114325
-1.03408
-5.61061
1.25349
1.35151
0.954302
0.422975
-1.75575
0.698198
0.437234
0.286614
-1.95139
0.40959
0.0298386
1.19582
-2.15875
4.41813
4.14636
-0.537122
2.00835
-43.6104
-1.29632
-0.975832
-0.074475
3.29059
-2.12797
-2.35071
0.218949
-0.00381125
0.334028
1.71883
-2.868
-1.67484
0.197654
0.400656
-1.32647
0.786878
-1.58117
-5.09931
-0.931916
5.62102
-0.514361
-0.181338
0.796718
-3.18683
3.51374
-1.40735
0.861387
-0.250562
1.06985
0.302884
0.401606
3.23523
0.193944
2.82916
0.935626
3.19926
-0.967317
0.124262
0.52734
-0.996559
-0.30492
-11.3559
0.928911
1.96371
-6.17038
0.938506
-0.0376031
0.223305
0.340511
-0.0932328
0.22952
0.240836
0.308705
-0.994227
-0.834956
237.813
-1.41187
-0.744038
-2.75525
0.43539
0.386321
-1.68688
-1.49594
-1.09379
9.90729
-4.17005
-0.093168
-2.11545
-1.96533
-1.87914
0.311934
-0.764488
-4.02402
-2.02136
-0.912209
-0.53955
-12.8741
-51.5683
-2.18836
-1.47678
-0.256163
0.0638446
-0.127947
-0.298512
4.08476
-0.382189
-10.5909
-2.12061
-0.897123
-431.453
-0.0741688
-1.0843
-4.74125
-2.13114
0.0966063
-10.7043
0.617822
-0.19278
-1.23276
-0.41959
-4.94737
-0.264761
0.0112557
-2.84452
0.27526
0.461542
0.474111
-0.265407
-0.530597
0.850734
-0.493923
0.797963
-0.479756
-0.569711
-0.236739
-0.314921
2.61651
-0.0461847
0.444907
0.255993
1.55978
8.38178
-4.50429
-0.113779
0.766335
-1.01309
0.739364
1.14044
0.222044
-0.391653
0.212695
1.49375
2.22056
0.510385
1.62995
0.767607
0.0217948
0.746555
0.0215309
0.155128
-1.89965
0.120324
17.464
1.69494
-3.61935
-0.169262
-4.06615
-1.98538
74.5062
-1.40355
0.265752
-0.153219
3.12424
1.0992
-7.254
0.247134
-0.620132
0.173223
-11.4806
-1.92592
0.453372
-0.622326
-0.671722
6.49422
-0.641642
-0.267839
1.74457
0.408172
-0.6003
-0.181194
-2.88088
-0.355874
-1.4233
-0.64673
0.780485
-0.712438
-0.813724
0.42295
-1.10572
-0.787508
-5.55435
-0.355922
0.24314
-0.449182
0.749729
-0.936138
-1.34698
0.266588
-2.87229
1.61008
-4.13146
0.505753
-0.357089
-0.458996
-0.935553
1.93243
-1.56521
2.52851
0.482202
7.48207
-0.147099
0.407883
0.345905
6.00534
0.78123
-0.712827
0.215786
1.76739
-1.73773
0.350269
-1.38891
2.88301
1.25316
3.47656
3.49939
-0.408117
0.144987
-9.06804
0.497339
-2.51949
30.898
0.589691
-0.293108
3.451
-0.886828
-0.682266
0.724
1.87186
-2.07084
-1.65722
0.896516
0.0716964
4.40777
-3.22297
1.48934
-0.203784
5.16387
0.0307635
0.599823
-0.997875
-0.0374272
0.60098
-1.81922
1.2938
1.40266
1.56242
3.40844
0.0768992
-4.37461
-29.5082
-0.691208
0.153248
-6.53756
-0.0957631
-2.93017
12.2837
10.0608
-3.2983
0.0041585
0.898786
0.325749
1.16104
-23.9888
-8.78961
2.34728
1.75041
-0.805313
1.95994
-1.54085
-0.370303
-0.881081
17.4786
23.0735
-2.02105
1.02984
1.55257
5.85336
-1.91499
-0.489382
5.58896
0.596579
-1.57567
-0.352709
-1.13444
83.1133
-14.2548
-6.99803
-0.718939
1.07179
0.223218
2.61458
-0.412447
-0.933341
2.86714
-0.310322
-0.354762
0.376638
0.372677
1.99196
-1.26758
-0.0720189
0.918511
-7.95287
3.12367
-0.72794
1.03559
1.15922
-7.53346
4.01638
-1.45268
10.1833
0.140762
-3.076
-0.0917237
0.82497
-34.0422
1.09443
11.6153
27.6217
0.433693
1.08167
0.704384
1.52234
1.03136
0.300033
2.23927
5.12253
-2839.86
0.188834
-0.670169
0.0748329
0.0935195
1.7061
2.72854
0.589932
-0.145186
-0.532443
2.44242
-19.2935
3.52645
-0.75014
-1.17742
2.90788
-0.918317
-0.663929
0.9826
7.36539
2.67765
-1.73097
37.7974
-0.298687
0.50706
-1.77668
-3.27432
-4.54737
-0.0538518
-3.00444
0.16883
-0.355709
-1.36688
0.950783
2.08773
1.37068
-0.209488
-4.72065
-2.21527
0.782282
-2.5488
-1.98613
0.568694
-0.73877
-0.466338
1.45993
1.69079
-1.2408
2.63745
0.0388986
5.28158
1.02815
2.63769
0.515818
0.793738
-2.91944
-0.0167836
-0.256997
-64.0823
4.32276
0.985316
-0.152298
0.986479
-0.224805
0.95529
-2.82977
1.37047
-0.403722
0.0918053
-1.11136
-0.243789
0.753622
-1.4797
-1.94514
-4.50261
0.309947
2.01048
-6.60694
0.583145
-0.019214
-0.221811
-0.325811
-0.658347
1.19025
-2.59133
-2.14925
-0.21571
0.326144
-4.94387
-0.294828
0.35385
0.105253
0.768749
-0.282026
0.304139
-0.780116
-0.572683
0.000870614
0.0397086
-0.907694
-0.244963
0.385356
-0.699583
0.262383
2.354
7.83383
0.876976
-0.483037
-0.415499
-0.216383
1.13741
-0.598853
-2.42616
0.49975
2.20383
0.470556
-7.06582
5.47622
0.172931
-0.769318
-1.95215
0.121751
0.942448
2.72945
-0.566432
0.517096
-32.7445
10.9026
-0.890999
-0.489333
-7.87388
-0.822654
-0.10921
-0.592463
-2.08663
-0.590921
0.778699
0.219172
0.992387
5.42373
-0.423151
0.15566
-0.525662
5.47892
4.01345
0.239907
1.89026
0.896942
4.54476
1.22435
1.47519
-0.366431
-0.311089
1.64264
27.8366
0.00786551
0.705398
-0.473248
-2.54487
8.68648
-2.73884
-2.7134
0.201188
7.96434
-1.70487
-0.0427541
0.2291
6.16559
-0.619337
-7.70278
-0.460304
-1.1663
0.456638
1.5825
-3.40693
1.30886
0.377155
-8.41843
-0.201803
6.70151
-0.0211418
2.41593
-1.18289
0.403825
-3.0567
4.50887
-1.72705
0.687492
0.631721
0.754011
0.690466
-0.0372806
-0.0998094
-0.573697
0.0190751
2.10954
-0.560946
10.1523
-1.12497
0.561573
-0.10319
0.502807
-0.0683829
-0.544737
-2.3905
0.0199351
-41.4487
-1.40355
0.00141091
0.0868805
0.124183
-0.589703
0.983143
-2.52369
1.77696
0.860659
0.960815
-1.93671
-1.57923
0.0681243
-1.56615
-2.12485
0.299608
-0.899126
1.5111
0.112891
-0.857931
-0.976165
2.55463
1.16431
0.929564
-0.264834
-0.26485
-0.0864645
-2.97794
0.243292
0.974771
-7.29325
0.889731
65.8007
0.42614
-0.0497382
0.742202
0.170197
-6.49057
-0.460188
-1.3898
0.680393
-0.0671726
-0.374264
-0.925423
-0.317402
0.807667
0.0686889
-1.11775
1.52087
-0.337081
0.863825
0.413177
-1.05682
-0.582504
6.37195
4.39532
0.490137
0.596771
-0.0951116
0.529126
-0.278557
-5.03918
0.833674
-0.454498
-1.18712
0.363695
1.53373
-1.47391
-0.349596
-0.597077
0.993689
0.336546
1.28092
-0.58677
-6.95864
0.358084
-0.594461
-0.0303971
-3.47918
-8.91246
-0.966455
-1.27785
0.565066
0.586484
-1.09019
-6.20664
-2.59181
-0.496395
-0.706919
10.0895
50.2718
-1.90228
0.856779
10.0068
0.693399
1.54379
1.53294
-34.3414
0.448121
-1.73621
-13.9322
0.0813358
-1.76367
-3.30794
-0.37991
-0.91809
4.97876
-0.384365
1.17624
3.37193
-0.924469
3.42772
0.546166
-7.12617
1.50426
0.0277315
2.28809
-2.2693
0.23112
-9.91185
-1.43434
0.454334
1.20921
-0.730261
-2.74656
-0.764586
-0.623198
0.54945
-0.566416
-0.80253
-1.42336
-9.33836
-1.04718
-1.26698
1.04916
-1.23604
0.000275631
-5.87335
-2.99818
-2.91394
-1.13452
0.101685
-0.798581
0.846676
3.28015
0.27762
-12.0018
0.0200794
-0.835999
-86.1193
20.9575
-0.107257
0.126683
-1.01232
-0.349258
-0.237854
-0.375599
-0.499102
2.26676
-0.0642915
0.817812
-0.613293
-5.62626
2.70704
0.310742
-0.264075
0.169814
0.131483
-1.68967
39.4824
0.397868
-0.218518
-0.382711
-0.0503134
0.728427
1.33254
-4.44711
0.383614
4.11084
-1.52798
1.44339
0.833746
0.607948
3.34403
2.06441
0.370144
-2.28097
-0.524144
-1.23488
-0.132771
-0.00351942
0.968138
-7.03267
0.117935
-0.18781
-2.82889
-0.369402
0.483299
-1.99849
4.67343
0.194345
-0.323906
-0.440324
-0.680298
9.74952
-0.766538
0.550469
-0.379887
-0.58297
-0.943962
42.0318
1.0761
-3.3562
7.57904
-0.0844011
2.70965
-4.04777
-4.27404
-0.336171
-4.12104
3.42652
-0.503056
0.526053
-1.57312
-0.545911
0.0467224
1.53571
-3.4146
0.32261
-4.03175
-0.0312814
0.260957
2.26486
10.8423
0.958505
0.063379
-1.09591
-1.53633
-4.08135
-1.40077
-0.302926
-0.696427
-0.356997
-0.636321
0.175381
0.686946
-1.55603
-351.008
8.99303
-2.28019
0.0662994
-0.200632
-0.545646
0.333512
0.883079
0.497459
-0.350651
-0.88014
0.630721
-3.05344
0.755291
-125.827
1.02196
1.31968
16.868
4.12408
-0.507732
0.316839
-3.1536
1.63323
0.336829
2.9113
0.0064323
0.37705
-0.0965284
0.335516
-0.767509
0.263655
0.327007
6.35322
1.29577
-0.344963
-5.50978
0.161056
-7.81046
5.28964
-2.79777
0.100349
0.294213
-7.50426
0.175718
-0.897995
-0.37489
-0.329409
-0.7854
0.126573
4.62009
32.9945
0.486719
-2.14354
3.13841
0.00893625
-0.135005
0.36159
1.3734
0.226163
143.454
-0.149708
-0.4822
-6.26862
-1.89228
1.91231
-0.778445
1.76138
0.0901457
-1.3012
-0.251928
0.120397
0.0670042
0.48732
1.35732
0.594155
-1.29505
0.754683
-2.23791
0.951499
0.557481
1.05883
-2.88808
-1.32024
0.112061
-0.0296207
2.16082
1.02095
-4.32525
-0.0709708
-0.142621
0.420105
-2.90492
2.33294
-0.148785
-6.5187
-3.0056
1.12186
2.65489
-0.385241
0.475725
-2.37311
-1.82734
-1.09012
0.958282
0.399355
-1.09939
0.137121
-4.9173
1.18823
1.13418
309.817
1.26494
-0.256556
-1.11596
0.118502
7.68843
1.58472
-2.16435
-0.201284
0.298453
-1.80752
-2.41994
3.29968
4.64594
0.832966
-28.418
0.0824187
-0.599097
0.249023
-1.42987
1.59205
7.14676
-3.60207
0.825654
0.80774
0.44498
1.78772
-0.334007
-2.72297
1.71489
-0.0737843
1.94064
1.52297
-2.26427
-0.533308
-1.99558
-0.645998
-0.326567
0.236748
0.19037
-0.958557
-1.39282
-0.326801
-18.4943
2.59115
34.7361
-5.51326
0.614606
0.301218
0.855066
80.3221
1.35532
-15.9758
-15.8537
6.43266
-9.57872
0.384222
0.00491256
1.69384
32.1289
15.161
-0.475614
7.11353
8.76115
3.07912
-14.8437
1.22601
-0.586763
0.0257463
-0.385809
-0.690102
-56.2879
0.851291
-0.873
0.17406
-0.11176
-2.4335
-1.08175
-3.45977
-1.54877
-0.410754
-1.82591
4.86117
-0.774001
-0.0755095
8.91416
0.235452
-0.634879
0.311367
1.53932
-1.19175
2.71171
0.173225
0.610629
-1.58626
7.11747
0.35118
-18.9254
1.01274
-1.25871
1.2214
4.06562
3.56403
-0.249445
0.220712
-0.345813
-1.71097
-15.8843
-2.74308
2.09189
1.2211
0.476572
0.226207
-13.6457
-3.48002
0.330875
-1.54594
0.178382
0.260786
-5.01514
-0.550433
-1.01438
-1.80862
-2.59279
-0.805971
-0.943297
0.790602
-25.7925
0.776176
-0.358589
-2.28483
-0.92506
-0.255825
4.8617
-1.23468
-0.00567462
0.300538
-1.54577
0.0811563
-4.02158
-2.40665
1.07251
-3.94799
-1.27508
0.685954
-0.422544
1.20336
0.29223
1.51806
0.804835
-7.14697
-2.3743
0.0435861
-7.29501
-0.937026
2.23653
-0.172569
0.0548256
0.491705
0.605855
-0.432317
0.631803
0.0321305
1.75972
-8.11865
0.344105
9.89281
20.209
11.2382
8.28888
-1.13449
-20.2091
-1.32802
1.23999
1.15411
-1.5972
-26.7503
0.517917
-4.9636
3.5581
-1.10549
-0.02026
-10.9438
-10.2436
0.560052
0.971716
-5.81766
0.0365985
0.0571173
-0.114264
0.475045
0.87619
-0.701569
-0.599287
1.38325
1.50074
-2.37725
0.846002
-1.32459
0.556073
-283.349
-0.886768
1.21849
2.20202
-1.61141
0.356038
58.6405
-0.235423
-1.32573
-85.7542
-3.19163
-1.77132
-0.639563
0.0260939
-9.82161
-0.456061
-6.04994
-1.06801
6.81012
0.609924
-2.53105
0.397943
-2.35575
-16.4311
-1.96469
-0.268411
0.340108
369.89
-0.295242
13.7709
-28.4733
7.69503
-0.788864
-1.37651
-1.74608
-0.0162793
0.995294
-0.358037
-0.529265
-0.651956
0.630545
-1.76789
1.03105
-0.766499
-2.80242
1.89568
-0.730276
-0.504933
-0.126036
-2.10592
0.801303
-0.747697
0.0508013
-2.4105
0.380972
-2.28198
-28.2485
-0.0835223
-0.561294
-0.725543
-11.1776
-1.33269
0.471981
-1.22184
-0.380448
0.277731
-0.156822
-0.573286
0.661478
-3.26901
0.528203
6.51606
0.325846
5.70316
0.0391584
-0.782046
-0.855333
-0.265677
-13.438
0.225377
3.39418
0.0552865
-0.27341
0.928294
0.72489
-6.43343
-1.94409
65.4052
-1.19623
-0.406916
-2.69015
0.607083
0.162446
0.372784
-7.45937
0.357381
2.40794
-28.835
-0.363241
0.333878
-7.40096
0.14601
-0.404015
1.99297
0.410538
-0.71573
0.256864
-1.96691
3.20776
1.23678
-0.218592
1.51624
-0.528118
5.87576
4.68037
3.43054
-8.24048
4.31192
3.08473
-0.407466
-0.800905
-0.550217
-0.37638
1.99712
1.26279
6.61862
1.05564
0.682787
3.01219
0.550237
-10.0588
-4.29199
-0.0726897
-1.45966
0.392747
-15.9989
-0.674234
30.9521
-0.730821
-2.78751
0.360838
-0.213599
0.980882
-3.02244
-0.902916
3.39391
5.38762
-0.288378
-0.012359
-0.000412024
2.2676
-0.868807
-16.0043
17.2129
-0.533987
1.82892
-0.215449
0.511953
-1.33136
0.404082
-2.47514
-36.7638
-0.53135
-0.486071
0.423318
0.212376
1.31846
-0.2987
-1.03902
1.35432
1.32998
-1.93908
8.48786
0.0827329
-7.67899
1.79367
-0.788025
0.0636599
-0.306944
0.749268
-0.252304
0.557408
0.990164
-1.39956
2.96461
-0.0457308
-4.28066
-1.50579
0.117217
3.73248
-0.557842
-13.5955
-1.78911
-0.532836
1.79994
0.764922
0.20696
-0.0541125
3.78371
1.22942
1.76529
-0.399845
2.67602
1.27993
-1.11137
-3.10252
8.94217
-2.42532
0.551626
0.310169
0.277353
-0.664456
3.38001
0.423577
3.43341
-0.403682
0.224111
1.86009
-0.108072
-13.3717
1.25058
1.3402
0.73678
-0.0591001
-0.182537
-2.4072
-1.34884
-0.468657
-0.671512
3.725
0.114816
35.9146
1.79576
0.555173
-0.971039
-2.50283
-0.105301
0.868543
-0.468446
-1.25731
0.891718
-6.07785
0.18568
-9.49899
0.867635
-0.712381
0.0291149
1.77167
0.359304
-1.54608
2.93137
2.77536
0.328913
-1.45835
2.1465
0.759172
0.0180753
-1.61181
6.20546
-0.408726
-0.214426
0.377535
-0.832616
0.395998
0.126801
1.87463
2.31329
-1.78892
2.30288
0.51896
1.08993
-2.59962
-0.508282
0.488572
-1.13505
-1.59481
1.63446
2.32433
0.958819
-0.396668
-0.25327
-1.51044
0.493591
-0.64639
-4.26165
1.87407
-1.27017
-0.552994
1.10891
0.825669
-5.20665
-11.8397
0.708803
-0.289468
-6.15961
-5.48193
0.572093
17.1988
0.611044
-0.176153
0.0656025
-0.447896
1.20446
-0.487599
-1.22481
-7.38199
2.34002
1.85335
-0.338015
0.273263
-1.13747
-0.0534863
-0.449241
0.286333
-3.07877
-1.40345
0.7264
-0.852995
-1.55447
-0.326103
0.775487
-1.07392
0.515092
0.689645
1.42594
-1.02473
2.09646
6.53917
8.81693
-1.91877
0.0761156
2.86124
-0.321587
0.548923
-0.520231
2.22826
-1.50636
-1.07885
-1.89271
-1.47389
0.0764909
1.19343
0.0685693
-4.30932
-4.14254
1.1179
0.651929
3.72349
6.81196
0.675879
1.43175
-0.353083
0.116866
-1.5328
0.447738
-0.787227
-1.38338
3.58853
-0.930558
-4.56511
-0.00257259
-1.22996
-0.365355
13.0542
0.956164
-2.26348
2.6878
-6.65432
-0.000360266
-0.778601
0.713142
1.09438
-0.345536
-4.02415
1.04967
-1.30397
8.37059
-0.274073
0.229098
-0.878911
0.579036
1.7756
0.6851
-5.95261
-0.980032
0.0328158
-0.354887
-1.27887
4.19323
-0.00276876
-0.104568
0.1501
0.429923
-1.89162
1.45193
-2.39121
0.739023
-1.83711
-0.612022
8.9621
16.7026
-0.302658
-2.63982
1.64417
-4.26365
1.74721
-0.192368
0.561247
4.01487
-0.74531
-2.02525
-2.02657
-1.07018
1.81737
-0.466454
1.00578
-1.34102
-6.12677
-0.125121
1.52031
0.263209
0.138404
-6.60309
0.173721
0.659496
52.8907
0.357243
-0.192359
-0.50868
-0.635449
-29.8383
0.689411
-1.75771
-0.450896
0.273914
0.768775
2.21504
1.08224
-0.520486
-0.322731
-1.084
-3.19321
-1.23044
15.519
0.554294
14.1212
18.7685
0.101249
-5.74118
0.881045
-1.20467
-0.325694
-0.59439
3.52203
-0.72803
-0.559784
-0.528308
-0.613369
2.46978
0.480803
16.9959
-0.752895
0.0154147
1.49298
-0.41202
-0.926911
3.49535
-1.36441
-1.13297
1.27069
0.27383
6.96801
0.585302
-0.503104
-716.134
29.9305
-0.46084
-0.21757
-0.064616
1.53622
-1.22897
0.338439
0.298563
0.911907
12.2334
-0.424286
-1.15536
0.609023
0.723664
-0.331886
-1.4897
-0.563043
0.990283
-1.27943
-0.933466
-5.37675
1.00969
0.336528
-2.97042
6.92122
-0.822801
-2.78268
1.06669
0.733644
0.996741
-0.114151
1.96251
-1.57959
2.49915
76.7081
-15.2102
0.941127
0.82512
0.996656
0.953055
-3.06372
-2.49276
2.75242
-1.75719
0.846561
-19.4358
1.46597
-3.26305
0.044519
0.371953
-0.125732
-1.54426
-2.78464
-1.27416
0.881702
-0.126355
3.33539
1.86456
-0.0823499
-0.750805
-8.94658
-0.879459
1.43305
1.01286
-2.55086
-0.558037
0.950154
3.16385
-1.95903
0.0704693
14.9089
1.34334
1.94828
-0.328139
0.412935
-10.4917
-0.859227
-1.36862
1.14695
2.41887
-0.516676
0.392327
10.0631
-4.56019
0.095045
-0.428002
0.254236
-1.80317
0.947516
-3.37348
0.522671
2.33177
-0.188994
8.03531
3.45848
0.239515
-0.0256428
1.12015
0.512044
1.40675
-1.05297
-0.820818
-0.347086
0.191712
-0.00259419
1.00366
0.52009
-1.28291
-0.364319
6.05404
10.868
0.116911
-0.958687
-0.0555103
4.74875
4.86785
2.12334
-0.326772
1.21907
-0.439729
-0.48951
1.01337
-2.06211
-44.3945
-0.122273
-0.451396
0.956209
-4.05991
-0.242563
-1.17198
-1.36055
-0.231634
1.95647
0.167317
1.1839
-1.00337
-0.52991
1.37391
-0.387508
-3.83279
-0.154172
0.298199
-37.0503
-3.98319
-1.07258
0.0223724
-14.9346
-1.14835
2.00913
1.63347
-3.33418
1.70315
-0.460178
2.44614
-4.64734
1.13041
0.228762
3.71878
-4.88335
0.603362
0.262818
0.940549
4.15576
0.0946968
-0.379817
-0.167524
1.53786
-1.17292
0.297867
-0.802212
0.696554
-1.86784
0.354908
0.522251
-0.21675
-40.2072
-0.0459193
1.54457
-17.0074
3.43511
2.19823
-0.795716
-1.75011
-71.8967
0.385651
-1.49759
-0.77894
0.375577
5.4726
-1.35461
2.45718
7.38774
-7.54545
-3.43086
3.51002
-0.619839
-0.259219
0.856597
-1.69595
0.922307
-17.8091
0.20147
1.23703
2.42303
0.369534
-4.18962
-0.518684
-2.45106
-0.92485
3.42879
7.09746
-0.200723
-0.383034
-1.1774
0.511956
0.595056
1.03596
45.0694
0.95878
-0.453109
-2.83657
-0.227675
7.42276
22.6747
5.18307
-0.381748
-0.779493
-0.891421
4.07035
-0.539924
-0.475056
0.635664
-1.92623
-1.50249
0.843514
-17.13
-5.14038
-1.81711
0.403936
0.144799
-4.57194
0.0931454
0.636594
0.377605
0.832274
0.0813557
0.47697
-4.36006
1.12617
0.598689
10.5217
-0.644419
0.0918593
-4.06417
-0.0796617
-0.652328
2.64099
-0.087813
0.525054
-1.02064
-2.04016
-0.208493
0.0215674
-0.509411
22.3709
0.148739
0.85344
1.05176
-8.92976
-1.33871
0.587282
-23.0295
-4.79326
2.1801
3.13624
-0.556924
1.77915
-2.83209
-0.161741
0.147353
0.304076
0.872987
2.20686
-0.0372966
-5.44579
1.04623
0.704737
1.39583
-1.85268
-1.60833
-0.106747
-2.56727
-2.06883
1.02356
3.28613
-1.26497
-1.40593
0.290496
-2.45934
-0.547863
-2.15683
1.55132
1.58568
-0.209746
1.22481
-5.99106
0.665715
-1.26649
-0.616596
-0.161649
0.793724
0.632277
0.88396
-0.257642
0.461475
16.3732
-0.74194
-0.94878
1.16135
-1.93103
0.595976
-0.542312
-0.30199
0.542206
9.56616
0.143984
-0.244146
0.641005
3.2925
0.337162
-5.08481
-0.315234
4.36126
6.25267
-0.784573
0.683446
-3.37143
-10.1288
-0.241405
-5.17583
0.110761
-4.85137
2.05242
6.87478
2.52054
6.33405
19.8161
-0.00613504
2.13093
1.2936
0.425166
-1.06784
0.786996
0.727847
0.693455
2.51697
-0.0551675
2.3862
0.968429
3.00259
6.66657
-4.3091
3.00611
3.93504
1.03278
0.334864
0.743568
0.783594
-0.114618
0.626646
-1.02263
-0.683537
2.1343
4.52185
2.11399
3.68117
0.35518
-1.07368
-0.111496
17.0402
0.100313
-0.240306
3.17828
-1.63726
-0.14578
0.214752
-0.480019
0.926457
1.98573
-0.362914
-0.163256
0.0774613
0.692713
0.34662
-0.677491
1.29231
35.6352
-1.01598
-0.990017
1.31118
-0.0419783
-0.757927
3.47018
-0.93824
-1.8977
1.94801
-0.349794
1.83882
-9.03043
-0.966267
-3.10425
-0.38885
-0.631839
0.873102
-17.3585
-2.27387
-1.05729
-0.511269
-0.0438068
-1.22947
0.528696
0.142332
3.98769
0.143386
-0.614865
4.77182
-2.40223
-7.5608
0.557547
4.27017
-0.37443
-1.56595
0.579989
-0.3431
-2.02144
-1.03247
-0.687608
1.06797
-0.907512
3.84786
0.122273
4.39232
-1.70848
0.215673
-0.266789
0.302641
-0.714315
5.0336
0.51155
2.43528
-0.265423
1.39432
0.574766
-0.962642
-2.78992
-4.48049
0.898532
12.519
1.93983
0.665375
-0.0746527
-5.2102
-2.2931
3.62462
0.00357167
1.71882
-0.133748
0.549988
12.2241
-143.116
-1.21426
4.58872
-0.0195013
0.404566
-1.13898
-0.467864
-6.93612
-0.919734
-1.26122
-0.281294
-0.620471
0.156067
3.21925
-0.601288
-0.861849
-70.5398
-3.09637
-1.96083
2.14853
10.8933
3.39938
-1.39259
-0.978967
5.41832
10.4523
3.8717
1.54615
-1.16517
-0.354814
2.69236
-0.208075
0.0343993
-5.38558
-0.151292
-12.1576
-1.5396
-0.554613
0.77286
-1.2307
0.165253
0.484874
-0.0773646
0.228272
-0.646397
-1.1065
-1.22148
0.160485
-0.358731
0.136982
0.332321
0.338152
0.725841
0.382684
0.404808
0.993612
4.63448
-0.641691
-0.440518
-0.337368
0.832894
-0.922393
-3.32102
0.410811
10.8932
-2.70661
0.140632
1.31703
0.19048
-0.02873
39.274
-0.398404
-0.930181
-0.662874
-630.573
1.05184
-0.110397
-0.669764
-2.94544
12.287
-2.36448
3.63899
1.77606
-1.18756
1.00034
1.648
-0.611923
2.52596
-0.515955
0.27827
-0.780812
2.17171
-4.68395
-0.534468
3.81986
-0.753144
3.3401
-8.3715
11.6422
1.27454
30.9402
-0.922003
-0.149236
8.99103
1.29878
-1.00855
-0.200687
-0.158443
-1.16197
0.751936
1.60742
1.30333
-0.0496312
0.32989
0.716019
-0.779763
2.30885
-0.64181
-0.434063
-0.519221
-6.84076
1.59498
-0.184642
1.93378
-25.4283
0.0370208
-7.56604
-0.577049
0.859978
6.60752
3.82563
-1.73519
1.05504
0.60763
1.15884
1.80309
5.77455
-0.53704
-1.5406
-0.529755
-1.23701
0.489618
1.41152
-8.53067
-1.67703
1.76136
-0.689441
-2.02086
-0.372223
2.60862
0.0860683
0.542744
0.729943
5.56305
-0.175856
-0.218361
-12.8767
-0.471151
0.439075
-1.15022
0.710676
3.37266
-1.32197
-3.20475
0.0916679
-0.984192
1.15882
0.490256
4.8433
-30.1418
0.830023
11.1055
0.658495
50.4135
1.75351
-1.42524
0.598828
-0.132423
4.01896
2.97517
0.70327
-2.43416
4.00619
0.139955
1.20764
0.187054
-1.8065
1.9681
-0.607925
1.11331
0.633736
0.624795
2.58989
0.731397
-9.22355
0.444832
-1.06204
-0.643355
-1.02053
-6.39279
0.239546
3.85104
0.0105334
-1.78695
0.291062
-1.68143
-1.26575
0.0359564
-15.8234
0.0615053
1.29825
3.60079
1.55078
8.78203
-0.693762
1.21901
-1.25286
-0.439994
-0.527872
-0.0456112
-0.977765
4.49267
-1.23175
-0.478375
-19.4731
-26.8222
-1.22436
0.385255
0.247647
-0.0953381
4.44764
2.58075
0.611468
1.50674
0.355331
-0.715604
-0.035868
-8.01514
-0.857487
7.49424
-13.6606
0.814923
-11.5251
2.40568
-9.46731
2.29527
11.7912
-0.305155
1.08573
-1.91892
0.144995
-2.51456
4.92301
2.07204
-0.281807
1.66481
-0.641757
2.7378
4.88027
0.29988
-31.7147
-0.779051
0.328264
-1.57279
0.427923
-0.248759
-2.08693
-0.519922
-0.982331
1.03342
-0.666056
1.78226
4.41565
0.590487
-0.0426529
-0.640968
0.252004
1.21489
-0.762464
-0.593931
-4.30126
-0.497589
-0.916485
-0.083438
-0.752909
-0.642955
0.175472
0.290395
-0.916403
0.19372
22.9677
1.03033
-0.307998
-0.980556
-0.649527
-2.42031
-1.39928
-0.151019
-0.31459
0.395011
0.337051
0.238183
2.44191
-7.186
0.12429
-14.4877
0.503626
0.869729
-0.269352
1.04498
2.88077
-0.495657
-0.209913
-1.15445
-0.420939
-107.024
-0.471613
-0.916956
3.82969
-0.739814
-0.762066
0.30039
0.165911
3.6446
-1.33771
2.05168
1.17587
2.52889
-0.0417516
0.578188
1.42525
-0.415882
-0.11425
0.412905
-0.167167
10.2767
1.12016
-0.347853
0.042688
-2.2712
-4.01434
-0.601019
-0.101277
0.258602
-1.11247
0.328477
1.33735
23.7726
3.55378
0.714769
0.0254232
-2.82798
-0.107778
-0.432533
-0.085027
-0.0227478
-1.59912
5.62278
1.57205
-0.590382
-2.51212
-6.00758
0.186696
-2.1113
-2.22668
0.452954
0.0252055
-5.71824
0.490293
-1.85065
0.00371078
-1.09349
0.233444
0.188433
-1.27555
-1.17284
-3.19974
-1.37512
-0.206734
2.39139
-0.177019
-23.9224
0.683302
-1.46414
-4.72121
4.074
-14.1715
0.099881
0.958635
-0.920512
-4.83511
0.789214
0.363492
-4.49499
-2.88014
1.76064
-0.785606
0.432486
23.1427
339.749
1.10354
-5.35487
-0.474154
-4.44524
-0.424364
1.6924
3.05695
1.58704
0.903755
0.222831
-0.435397
3.52808
-0.207209
1.31084
0.771732
-0.415602
-2.01118
-3.48992
-1.39661
0.912412
2.08802
-1.26872
0.580486
-1.93006
3.9777
32.8601
-0.635452
0.516041
1.24955
0.250619
-3.66412
0.339373
-1.53154
0.566277
-3.91831
-1.70982
-0.135031
-0.644755
0.290178
1.72107
-0.0785264
0.256881
-0.730796
-6.97729
7.14499
-5.01789
-4.07837
6.58693
-15.508
-110.512
0.045414
0.0954697
-0.0623376
1.49758
-1.20454
-3.35887
-1.15143
-0.629986
-0.148792
0.819368
-0.683463
-31.1589
-0.0194186
-0.829891
1.02543
0.519663
1.61571
-0.928475
-0.179569
-1.41185
9.2455
0.533131
0.00402353
0.0535541
-0.961987
-3.53856
0.284942
-20.2264
2.04893
0.420957
0.721954
4.75652
-0.684755
-1.96402
0.333136
2.61773
1.25414
0.412643
2.32254
-0.668324
2.01367
0.116562
1.60179
0.294382
22.3602
-1.48463
3.55808
5.21947
2.00649
0.0109379
1.14791
0.14197
-0.703486
-12.0398
1.16041
1.06615
0.216244
-1.69979
0.577143
-1.47889
1.57158
0.36729
-0.852732
-0.157609
0.15722
0.960217
1.99512
-0.206281
-5.64856
0.820769
0.0267742
0.172024
-0.22146
-1.50228
1.8491
0.535433
-0.348228
-6.81134
3.53828
0.461261
-0.09686
-1.26755
11.3396
9.9617
-3.61875
1.57171
0.530998
-6.97598
-3.89143
-0.139246
1.78733
-2.87022
-0.00707973
2.43609
-0.994995
4.00992
-1.87505
0.0248365
0.572726
-0.91249
0.513774
-0.517783
-0.121289
0.53421
2.62973
-0.683666
0.119182
0.769849
10.5837
0.203241
-0.0178004
1.97696
8.53056
-2.07537
55.7898
4.19902
-1.17034
-0.979364
-1.12991
-0.662763
0.465153
-2.084
5.57314
-0.396837
-3.05007
0.116099
1.46722
-0.460083
1.6231
1.85119
-10.4932
1.12891
0.154047
0.0459594
-0.982537
-20.6893
0.669491
2.11588
0.49585
2.42013
-2.2405
0.133524
-27.9967
-0.679693
0.213332
-0.855847
0.372492
1.16052
6.00909
-0.0423429
-0.646536
-2.00878
1.65557
0.820226
-1.18416
-0.875663
-0.58291
-0.307381
-8.75116
0.331781
-0.461569
0.0866411
1.36143
10.054
0.485949
-1.63678
-0.532365
0.587392
1.7025
0.461701
-1.27653
-0.609634
0.299349
0.378727
45.488
1.7953
-0.252596
-2.31026
3.14596
0.056138
-0.777133
0.387853
-1.61614
1.27604
8.7074
0.0317702
1.75444
0.818376
-3.94013
0.615166
-3.89379
1.36284
0.100032
4.30902
0.224599
0.914074
-0.172494
-5.35005
-4.5672
-1.10923
-0.63175
0.28656
-2.14678
0.51894
2.04102
0.467356
-1.85451
0.536632
0.136752
0.366678
1.16169
-0.846293
-1.09237
-3.82505
3.68595
0.995172
-0.489263
-0.0285963
0.722586
1.56315
32.9242
1.11052
-0.915079
-0.793295
-0.334329
-1.24833
-1.9803
-1.04542
3.16817
-0.344624
1.03626
4.41114
-0.194964
2.49131
0.23995
-1.29067
-2.51361
0.894113
2.27523
0.0765215
1.43916
-0.447614
0.318253
-0.144707
-0.0405475
-0.182776
0.288745
-168.249
1.46482
-0.429741
0.550706
1.17459
4.64029
-0.68497
-2.12608
1.05749
-1.5207
0.399605
0.200535
0.377584
-0.451357
0.0731855
-5.76353
0.681966
1.05069
0.946972
-2.90175
-0.268768
0.175189
8.31133
-8.68377
0.791793
4.36515
0.578699
2.62807
0.425816
2.16455
0.290565
46.838
1.05588
-0.310093
7.10621
10.9388
-0.710953
-0.583296
-0.82111
-0.0403699
1.25662
0.502339
0.758472
0.561373
1.33343
0.619337
-0.256352
-0.153086
-0.45413
3.67933
-2.97906
1.15942
-19.4632
6.17249
0.637916
-0.0990661
1.59007
-0.119017
1.65468
-8.74683
-2.07398
-0.577869
-0.59625
-1.91086
1.7693
0.0516513
1.21106
-3.22934
-0.00972969
-0.3286
-0.743571
-0.947041
0.595535
5.18196
0.544727
-0.805206
0.404841
-0.322687
-2.83049
17.6713
34.7673
-2.03615
13.2652
3.74379
-0.71384
1.03566
0.0341425
0.543572
-0.2565
1.39963
-2.34108
-1.60339
-0.260313
0.688173
-0.433836
0.0422269
0.347878
-2.89645
-18.3822
1.7343
-1.82638
-1.10534
-9.09212
-0.0911049
0.470836
44.2214
0.360738
19.9244
-2.56685
-1.58129
11.8705
-2.14794
-1.65264
0.211808
0.425036
1.68311
-0.71974
0.0524781
13.5165
-12.094
0.120603
-1.44502
-0.824951
-6.78972
10.2872
1.96542
0.81562
1.50688
0.104514
-0.942137
0.533622
1.08979
0.29666
1.55311
1.63963
-7.80669
-0.433077
-0.280026
17.1704
-0.526902
21.7602
-1.17005
14.0351
12.9433
0.0998353
-1.12801
0.0761104
-1.07668
3.72663
0.57839
1.2505
0.329318
17.1355
0.96365
-0.3341
8.42822
-2.33125
1.15779
-0.126651
0.580031
-0.757059
42.268
7.43505
-35.8165
1.86065
2.6048
-0.403627
0.202989
1.96238
2.3446
1.92484
2.03538
-0.646575
5.60969
1.12882
-0.305931
-1.03733
4.3678
-7.22831
0.341864
-8.85919
0.843532
1.05099
-1.9483
-0.036704
-0.12168
0.0077296
2.13683
-0.0134015
-7.04884
6.3018
1.72772
-0.0355858
-0.694497
-1.56032
-0.631618
-0.250637
0.594694
0.545663
-7.14451
0.261402
-27.2647
-0.604592
-0.529394
0.0581561
0.696029
0.700029
0.704879
0.602853
0.994914
10.0151
-1.03775
0.316132
2.05064
-0.303771
1.03099
0.836637
-0.847151
0.170727
-0.325906
-3.9198
-4.73583
-0.350653
-1.57753
4.85332
0.025269
0.282626
-0.0491604
-0.0983095
0.211251
4.01364
0.2049
-2.73987
2.12938
67.7955
-20.4305
-0.204667
0.60621
0.742199
-1.89452
-4.12961
-0.308167
0.968221
-0.910547
0.390001
1.86145
-1.82897
1.62061
-3.19097
-3.51203
54.9788
-2.17307
-1.75361
2.70456
1.64695
-0.50871
0.152914
1.20932
0.776282
-7.11892
-0.361137
0.403769
2.58454
3.13776
3.21597
0.992739
-0.62781
-19.1733
0.728325
5.95571
-1.85272
-16.2735
-0.304025
-0.696136
0.0685062
-0.588794
-1.55027
-0.292351
-1.07031
0.208942
-0.179602
1.51766
1.62275
1.18868
2.6217
0.594394
0.0100325
-2.60309
1.43055
-18.5185
3.23751
-0.50854
6.25164
8.07019
-7.90383
-3.34579
0.147349
0.94619
-2.35691
0.349229
-0.81989
0.316213
0.11227
0.107253
-1.41392
-0.321878
7.60216
-1.06461
-0.35982
5.62287
-1.53626
2.85412
0.0232391
-0.170221
-1.38687
-0.0394674
-0.0018405
1.28228
0.587224
-0.207181
1.3925
3.62515
-1.68687
4.00773
1.66407
-5.16832
-1.90789
5.04008
-0.766291
0.22103
-4.31588
2.55963
-1.00229
-19.696
-8.91899
-1.17734
0.0828791
1.09936
1.45002
-0.597745
-0.884777
0.339068
-17.488
1.20969
-0.805189
-2.67266
0.151003
-0.796421
-0.326985
0.174335
0.942075
-1.46053
2.61975
-0.656367
-1.0373
-2.16446
0.449208
4.2723
2.14757
-0.134978
4.97438
-4.06909
-1.8497
-4.57719
1.01722
-0.618222
-4.03262
-0.436823
-3.73136
7.46217
-0.86195
0.676841
0.498943
1.38549
-4.09938
-4.88166
-1.45937
-1.8277
-1.22185
5.0771e-05
1.40548
0.265333
2.56285
0.490933
2.48022
1.54892
10.2715
-1.07461
-0.371316
-2.11069
-0.159607
-0.785735
-8.63764
-1.6832
-0.944446
-0.331995
-1.36657
4.13012
0.741938
0.574845
-0.724814
-2.33912
-2.14151
-1.24043
17.5066
-4.5811
-0.101796
0.678681
-4.18583
-1.23706
0.482893
-0.756331
-1.6065
1.24217
14.3443
0.223398
3.00019
0.460984
4.87551
0.537333
-0.165123
1.35543
1.14919
-11.8533
-0.142008
-0.823676
0.630953
0.125596
0.569949
-1.4483
2.43515
-3.31658
0.276376
2.7001
0.596271
-0.11527
-1.87637
-0.663625
-1.40679
-0.324383
-5.96795
-0.730756
-10.5331
-0.898275
-0.459253
173.415
-33.1357
-3.70674
0.9398
0.883719
-0.336665
0.564179
4.14951
-0.624193
-0.6569
0.062371
-0.996921
-0.607744
0.853864
0.367746
-0.0570216
-0.766658
0.62071
8.87356
0.460138
4.2476
-0.742707
-0.584812
-1.12503
-0.154571
4.24573
2.40588
-1.41871
3.00608
0.243493
-2.45417
-0.274316
-1.00357
1.61222
-1.56488
2.28674
-1.68989
-0.138935
-0.572265
0.0895693
-1.68118
-0.281666
-3.18894
3.01568
-1.46092
-0.687664
1.07064
-4.10387
-2.32759
-0.322882
-1.5618
1.83371
-0.300156
-5.99715
0.213879
-1.76145
-0.253545
-0.34843
-0.680087
-8.25594
-3.76767
-1.33929
-0.293486
-1.97091
0.486019
-0.720456
7.03233
16.0925
1.2575
0.0961943
1.81991
2.92093
-0.280599
0.360342
0.999987
1.93141
0.758932
0.222144
-0.68824
25.8158
-0.195795
0.158127
0.640944
1.05365
-3.13072
1.46828
-3.56437
-0.0572302
0.279168
-0.0952099
-0.166814
4.82367
0.379289
1.6296
-0.615243
-0.303154
2.93075
4.49085
0.0602885
-1.83949
-5.37414
-3.66752
-6.07691
-0.444402
-1.3862
-1.62833
-0.939729
-0.260374
-2.08955
0.0807851
-0.0867493
-2.68361
467.84
0.869537
-3.92006
0.709432
-0.848014
-0.885042
-2.47546
3.79843
0.0596124
2.41222
-6.93315
-1.04682
-4.52996
-2.53887
0.327926
-17.3677
-0.0507436
1.11949
0.399839
0.375982
-0.879452
0.471154
-0.0870832
-1.09466
-2.82807
1.05744
-0.912847
-11.0611
-1.3515
0.940218
0.54296
-1.83413
26.3889
-0.22818
0.0174836
-0.444641
-0.396192
0.906325
-1.57101
-23.9061
-1.80918
0.106077
1.35791
-0.523424
7.04913
1.93557
-0.150257
-0.018292
-0.16058
1.45322
6.77093
-27.216
3.80886
-5.50303
-0.0538499
-0.173166
-0.392292
-1.3517
-0.852927
1.0616
0.115184
-17.4923
-0.650416
-0.727416
-0.123939
0.866123
0.462817
0.427724
-0.232025
0.51888
1.70277
0.602086
-0.413438
0.272569
0.706961
0.05371
2.09141
0.638968
0.311663
-0.285838
1.53098
0.966631
-1.83204
-0.403901
-0.393438
-3.40586
3.58395
1.049
-9.56646
-0.00916073
0.460999
-0.939127
0.984079
-2.44496
-0.417439
-5.54797
10.9128
2.25538
4.59111
-0.642864
-1.50821
4.71365
-0.685886
0.658498
2.45677
-8.62581
1.78238
0.345882
0.2527
0.164092
-0.542354
0.0630802
0.508805
-2.25643
0.103677
0.332389
1.8746
-1.21047
4.58482
-0.410172
2.01371
2.66577
-0.200801
18.6185
3.7918
0.0645754
-1.09071
-0.399839
-0.644828
0.979667
-7.51287
-1.76438
-2.93203
-7.7308
5.10628
-1.31295
0.144295
-4.28838
0.634908
0.244387
-0.799231
0.115391
1.02363
0.183969
1.00497
6.38665
-0.265612
0.0600009
-0.0425488
0.990602
-0.981081
-9.4026
-0.811053
-2.52168
-0.507327
1.0574
0.46299
-2.16284
-0.48584
5.207
-0.228227
-0.708973
-0.1789
1.28512
162.161
2.04844
-0.393889
-1.36913
-2.46776
-78.6588
0.94802
2.29345
0.596647
-0.970945
2.56365
1.1787
12.6197
0.181067
-0.75358
0.248191
3.88331
-1.53628
0.594372
0.124935
-1.57233
2.15141
-0.178856
0.754998
0.135939
-1.85807
-0.406771
0.480189
-0.417087
1.36224
-1.03618
1.36307
-0.0125697
-0.66799
0.705399
1.80844
-0.774576
2.31096
0.952741
0.346973
-2.48821
1.31896
-5.04251
-1.62383
-1.46171
-6.33053
0.231682
-3.22092
2.74329
2.60366
3.28288
1.26567
-0.111797
-1.12383
3.51218
-0.0794273
-0.476124
1.6233
1.87782
-0.55416
0.0510319
71.7428
-1.41984
6.321
-1.03255
1.51097
-1.13487
2.2994
-2.22577
0.678412
-1.41019
0.428623
2.71845
-1.86563
-0.767777
-0.139358
2.31959
-14.9617
-4.58029
-2.95603
-1.14497
15.4308
1.19869
-1.18058
0.493531
0.0359719
1.11757
1.70331
-0.146242
-0.806013
-0.0423389
1.03829
1.2704
-1.03901
2.94084
-0.267359
2.29851
-0.284609
-0.625869
4.98509
29.6269
-0.47201
-0.172234
-0.426891
-0.888239
-1.09564
0.575824
0.600989
-0.686599
0.785354
-1.51769
1.12903
-3.9023
0.238427
0.722199
1.21003
-1.08899
32.2169
-0.0798886
0.229525
3.14782
-0.194172
-4.54968
0.453915
-2.86869
-0.142356
-1.44513
-2.29824
0.68579
1.11145
1.66826
2.3441
0.570874
-1.37406
-2.10925
0.233664
1.38974
-0.705345
2.98376
0.346728
-0.0650379
0.203741
1.25411
-0.286335
-0.463112
-1.28039
-0.0682961
-0.925445
-7.13692
7.81176
0.0749596
1.20575
-6.33148
1.69741
1.52241
-3.66539
4.02529
15.8002
1.18859
-1.26198
-1.31556
2.5179
-0.0973349
4.74296
-5.31682
-1.93648
-1.73358
1.60319
-0.133663
-8.05419
2.80304
1.90272
0.074619
-1.66735
1.05607
-3.10382
0.0103678
0.376666
-0.12521
-1.35153
-0.50572
2.11222
7.49261
-0.285998
0.300467
0.141829
-0.323305
-2.19279
2.89685
-0.379399
12.8375
-0.0194431
-0.630539
0.310083
111.607
-14.3125
-1.97843
0.386245
-26.2791
5.3824
1.96477
-5.31822
-0.309163
0.248497
2.29706
0.441659
-0.804323
1.79308
-0.222666
0.77868
12.2897
-1.64544
10.9304
0.223214
1.80446
-1.18079
-1.8086
-2.10761
0.049772
0.0643633
0.741678
-2.44184
0.896238
-2.74332
-0.550886
2.60293
-1.54557
1.84411
-0.43787
7.12488
0.284787
-1.35146
-0.174006
38.7687
1.1181
-3.55296
19.8432
-0.767083
1.31003
-0.554029
1.50624
3.60028
-2.89945
0.195401
-1.42608
2.02364
0.564183
-9.26645
-0.294567
0.336601
-911.423
0.504805
111.74
-2.70112
1.35638
-1.34284
0.833481
2.65287
0.405074
-9.38672
-0.440264
0.399716
-0.0358723
-0.382404
1.23992
-5.0256
0.621632
12.9584
1.07705
2.85699
0.381992
-0.409676
0.22989
0.689451
1.29538
1.37537
0.373334
5.78874
0.831129
-0.640931
0.389243
-0.648557
0.145073
1.44104
-0.100335
-1.38518
-3.14156
0.64877
0.266548
0.966257
-0.446422
-0.908607
-1.89588
6.71204
0.707121
0.537503
0.782683
-1.3196
-5.24391
-3.89341
0.132623
-2.52943
-0.542828
0.882927
0.452619
-0.312449
-1.15218
-4.63151
1.68441
-0.77993
-0.334415
-2.06761
1.40756
-4.73853
10.9489
0.189351
-5.03426
0.0941701
-0.671149
-3.2094
10.0092
-1.35598
-0.44753
-0.823436
0.388441
0.370289
0.910027
-0.651713
0.369003
0.745812
-33.9556
-2.72071
1.06765
0.130868
2.01198
0.806478
8.66926
-0.303327
0.360819
-0.177404
-7.20985
-0.237597
-0.233016
-0.205837
-0.59957
-5.4154
-4.7677
-0.445997
-0.619179
1.58862
0.454296
0.225198
2.31276
10.5794
0.959415
3.62532
-0.197506
0.594515
-0.882731
-0.558563
0.538282
-0.548709
1.27271
-146.619
-1.10381
6.65525
-4.31627
-0.735604
1.62354
-0.183888
-1.55088
0.0846572
0.106148
-11.2875
-3.57992
0.277628
-11.251
9.68583
-49.04
-0.295107
2.27998
0.0714595
0.984745
1.93483
-26.4179
2.41725
2.50078
-5.01184
-0.416694
-0.554742
-2.02247
1.20593
-6.05026
-3.54954
3.20467
7.34505
-3.92657
-2.65727
-0.343555
1.298
-0.595164
-0.754294
0.361508
0.0336618
-45.6105
-3.68168
-0.569205
-0.348267
1.86422
-58.9504
-0.547061
0.418571
80.5685
2.59168
8.86055
-0.312585
-0.366244
1.20726
-0.631043
0.392554
5.2713
-0.491484
2.52783
-23.1814
-0.720741
-0.676365
-0.971228
-1.15273
-0.939038
2.8921
1.56191
-2.02571
-1.1634
0.814743
0.628419
0.8638
1.85959
-1.13394
3.10331
-0.562745
7.06693
-22.3049
0.135256
9.46669
-0.227436
3.48143
0.30809
0.502851
0.191904
-0.86424
0.0451734
-0.439047
-0.131269
-26.1622
0.294112
1.3483
-0.08459
-0.0064877
-0.529826
0.284027
1.14973
1.37203
1.15961
1.6104
6.41751
0.480745
-0.714028
0.482826
-1.25565
-1.14787
-0.676084
-1.44996
-0.205678
0.262037
-2.12463
1.87326
-1.50164
-1.06902
-0.0290956
-1.19688
0.788363
-2.17617
-0.503568
1.8564
-0.00201279
1.84024
-0.393261
-1.62049
-0.0715131
0.0386526
0.225395
0.0828737
-0.129431
3.75884
0.46643
-0.998096
4.90912
0.522045
2.21319
-0.607338
-3.38558
0.319026
2.28976
14.9876
-0.328434
-1.5681
-0.296464
1.47085
0.310663
2.58316
1.26108
-0.446128
-0.112939
0.275828
0.128714
-2.14428
0.74295
4.98426
-1.85915
-1.1355
-0.521023
-0.437602
0.242869
-2.0641
-0.126954
-1.03252
8.52059
2.2566
-1.6014
0.921741
2.30166
-0.459225
-2.26009
-0.34564
0.245728
-1.03366
0.580515
-0.57602
0.465099
-0.208594
-0.238008
2.91747
1.85395
-0.351499
-0.187902
-0.841133
1.35329
0.705338
21.2247
4.69813
3.20175
0.495864
0.0995008
0.10562
0.633392
1.11386
-0.771683
-0.242873
-0.422961
1.03708
-5.2751
-0.676236
3.77786
-1.0383
-0.150031
-2.34177
-1227.24
0.666941
5.13323
1.35433
12.1975
-0.330454
-1.7643
4.37925
-0.405511
-1.18165
0.3331
-3.02626
2.03016
-9.8856
-2.52521
0.435596
-0.345177
-2.17561
-1.43078
0.985524
-0.422149
-0.867794
0.189868
2.33697
-1.54559
2.06438
-0.203619
0.0531166
-101.298
-1.30482
-0.841096
1.93576
-3.75275
-2.80104
-0.108477
1.16736
1.53684
1.34145
-0.248103
0.666595
1.36416
-9.6809
-0.595434
0.925758
-0.76366
-0.163383
0.804121
-0.887865
-0.498444
0.657272
0.0627569
-0.419776
2.63911
-2.58859
-0.667307
-0.695555
0.713254
1.13515
11.1585
1.33802
-2.33447
0.149293
-0.0615221
-0.484577
3.16521
0.782943
-1.0582
-2.03988
1.41429
0.509955
-0.0824054
-0.827518
0.870316
8.31136
-0.903683
27.6651
-1.45015
0.659197
0.200682
-0.165767
-5.33086
0.438483
-10.4957
-0.912905
1.58828
-3.61301
-22.7831
0.642331
-1.3132
-2.01327
0.933618
0.878948
-1.04761
-0.424995
-175.68
0.26777
-0.414201
0.834974
0.689179
0.853108
-0.473045
0.455192
4.08458
-0.0833832
0.83493
4.33561
4.17263
2.67389
0.342414
0.147842
-0.41917
0.718709
-0.330095
0.313619
3.25817
-1.83256
2.35468
0.967197
-1.83827
0.0201272
0.654382
0.545405
-4.12132
-1.80585
-0.0182277
1.81895
-1.95699
-2.88742
3.13379
-0.481119
2.56169
0.141322
1.43594
-17.4991
0.04538
1.84775
-1.51645
0.0460802
-7.18238
0.230305
1.89026
-0.0613694
2.98129
0.73455
-0.474496
-1.08336
-0.660082
0.315006
0.290986
0.354794
0.0560418
0.2312
-1.69224
0.19789
0.7099
0.271921
1.49288
1.84795
1.27749
1.54111
8.71806
-2.35346
-1.23279
-1.8941
-5.27762
1.35022
-5.00738
1.53688
-0.0366502
6.49854
0.747923
6.3914
0.330181
-2.44389
-0.24936
-1.88494
11.0891
1.80916
1.02758
-0.466466
-1.07729
-17.338
-18.3254
-4.07938
2.07671
1.82931
-4.80633
1.48512
1.38525
-1.92414
-0.323985
0.928431
0.550973
-0.0961369
0.582113
6.39627
2.58235
-4.69248
0.0887863
0.435409
-0.905797
-1.61917
-1.31575
-2.6406
2.32238
1.42928
0.558928
-0.779714
0.709594
0.984676
-0.340168
-0.194367
0.770135
0.877676
-1.01034
-2.07935
2.34778
5.20248
-12.9606
3.36233
7.70654
-8.28894
-7.72048
29.2547
-1.43661
0.813718
-0.0297282
0.0797589
0.805541
0.270365
-1.23801
-1.70651
4.07587
22.13
0.746676
0.154917
0.769254
-22.4975
-15.4612
-10.6091
-0.959633
0.435155
-0.204625
0.0372442
0.042718
-1.28869
0.364909
0.945232
0.974397
-3.7994
0.643018
-0.297798
-1.2421
-0.593853
-1.6727
2.99457
-0.738981
-0.275877
-0.122643
-7.55413
-3.99428
0.150726
-2.68232
0.762691
-0.574778
-0.873954
0.297706
-3.15633
1.42743
1.58395
-1.05797
1.49839
3.5625
0.263181
-0.122633
9.06204
1.83939
0.521556
-3.3274
-48.1131
0.281509
-1.65024
0.175881
1.34845
1.29764
6.53701
-0.41869
-0.929642
0.369766
6.88145
0.380737
0.438142
0.106538
0.288258
-0.48649
0.189596
0.87635
-0.545311
0.543004
0.814052
2.45525
-0.889683
-0.189517
-7.45296
-1.49266
-5.58508
1.53969
-0.252015
0.677544
0.704761
0.613114
7.18951
5.77989
-0.768307
13.1787
-0.870666
-0.423513
3.80859
6.31135
1.07199
-43.2875
0.19638
-0.00278512
1.5112
-1.10572
12.9636
1.67798
0.37847
1.26763
-0.606619
28.62
62.443
2.50582
0.827682
0.0740344
-1.34717
-9.59896
0.485004
18.3089
1.37264
-5.03452
1.98356
-0.404502
0.333794
-0.42912
1.07182
0.984236
1.15835
0.37838
1.23843
-0.310375
0.0455022
1.84029
0.357817
3.91557
5.45949
-11.9861
-16.3485
3.15486
1.2083
3.77512
0.619906
0.441917
-0.188167
-7.42682
-1.73744
17.4292
0.380942
-0.184253
0.621666
7.9522
2.90766
-1.04657
0.529143
4.71025
-0.0948219
0.599005
1.5339
-4.76108
-0.775992
7.96174
0.186266
1.44266
1.2634
-1.58848
-0.893222
-1.22732
0.593404
-2.19812
0.751075
-0.746938
-0.661511
0.918428
0.927291
-13.9948
0.183404
0.860279
-0.0113139
-4.24039
1.8742
0.0282121
0.624019
0.565946
-0.0556584
-2.27288
0.0439666
-3.21641
0.013032
2.1969
1.92155
0.700964
-0.194756
1.16885
-3.68099
-7.34992
1.88871
5.42244
-0.0161753
-10.8946
-0.177553
-0.274127
0.0663997
-3.95461
-4.63606
0.956291
-0.258955
-1.84357
0.637908
-3.37503
0.877237
-0.362988
0.993586
4.64279
0.453564
-0.622504
6.01689
0.553474
-0.852943
0.258155
-0.380704
1.5573
-1.09844
-0.329764
-0.647435
1.48316
2.32049
5.30484
8.15425
-22.2989
-0.478973
0.234567
-20.6947
-1.75531
0.0209805
1.40018
0.382461
-1.50683
5.5702
0.127017
0.295586
0.322311
-1.33643
1.3368
-1.44389
8.87968
-2.37965
2.73244
-0.206246
-0.873137
-0.00066844
0.459432
-1.12828
0.329417
1.13069
0.456108
0.427213
25.8384
-0.356792
-0.797925
0.208723
-0.793405
0.699718
-0.203558
16.8978
0.0876208
0.023276
1.09823
-0.758243
-2.26908
0.654184
2.27829
3.28339
-0.625488
0.915088
1.11652
-0.361381
1.41307
-0.911778
-0.154071
0.078917
-0.100591
-0.157651
-0.952752
0.795637
0.0400231
0.530074
0.0268592
-3.7858
-0.0363254
1.86071
0.808092
0.147935
0.504517
-2.85295
2.23096
-0.53219
-0.165412
0.481058
-0.297168
-2.4668
0.823765
-3.41002
-0.018992
-1.09706
-3.78129
0.852932
-3.11346
3.27376
-0.196369
-0.0310124
0.573496
-0.224312
-0.193241
1.27296
-21.7124
0.185383
1.54986
-2.99472
9.5813
-4.76814
-1.52929
-0.446013
0.0089095
0.733127
4.32339
-0.743577
0.246508
-3.12722
-1.3493
19.8836
1.95387
0.496395
0.386143
0.703103
0.438016
-2.50762
-0.301745
-1.10079
169.174
-0.690859
4.24588
-1.4275
-1.56879
0.810181
1.00101
18.0483
0.103916
-0.164344
-1.64673
0.017205
-0.83871
0.296015
-0.417774
0.8447
-1.30561
-0.58663
1.12887
0.858776
-5.2372
1.77553
0.0254586
-0.1788
0.141604
0.537647
0.612935
-1.30159
-0.60359
0.947262
-0.711951
-11.6818
0.209087
-0.128302
-2.3116
-1.56697
-3.89296
0.168454
-2.91797
-0.224883
0.307917
-0.59451
1.02895
-1.343
0.976768
0.0510169
1.89306
-0.194005
-1.11911
29.3553
-0.104862
0.422017
-0.320574
-0.385205
-1.50231
2.42002
-3.67728
1.577
1.11226
0.738898
-1.50693
-0.341602
2.06485
0.183977
0.528623
-0.102077
2.74924
7.87274
-0.589531
-0.0812043
-1.57408
-0.807768
2.49146
-2.76122
-4.65058
1.72227
0.707594
-9.41431
-0.958882
-0.308646
-1.06859
-0.416322
0.903265
-0.554601
0.353786
-0.166624
-0.271682
-0.380201
-2.46434
-1.35106
1.73364
2.42665
2.098
1.0285
0.494449
4.79553
-2.63664
-0.853967
0.479619
2.57931
-1.09048
0.614721
0.0833536
157.869
-0.607686
1.08925
-0.103954
-0.95431
0.768869
-0.184311
1.81106
5.22594
-0.0991467
-0.415616
-0.245848
17.388
-0.175415
-0.701424
0.111782
1.96986
-0.194443
0.708657
-2.58265
-0.304135
-0.838
2.87866
18.5739
1.75283
-0.257519
3.16832
-0.0173462
-2.85214
3.17415
1.66418
0.137987
0.247107
-1.96607
1.5777
-0.454561
-3.24602
-2.53316
-1.54281
-0.257579
-0.652175
4.15094
-0.953915
-1.4645
-0.0949338
1.15253
-0.00437971
-0.200218
0.549814
-2.25876
-0.558343
0.310963
-0.35559
0.577248
-3.40438
9.31848
-0.372313
0.599957
-0.547215
0.862375
-0.30262
0.764772
-0.268745
0.0739794
0.12853
-0.108303
-0.885787
-2.31076
1.58053
1.1554
-1.87164
1.07537
0.952064
-0.139977
-29.6795
-2.9532
2.08749
-0.319955
0.197159
0.0442249
0.509344
6.48751
0.102158
0.345227
2.35943
-0.773778
-0.310786
-0.465421
-48.7638
1651.38
-3.57732
1.02136
1.4093
1.20538
0.336154
1.09328
0.315925
0.203297
1.98574
0.703867
-0.129143
-9.79852
-0.703254
-1.14037
1.46977
0.774589
1.69063
-1.40075
-13.534
-0.168001
1.1445
-1.50115
-0.923758
0.999291
-1.6853
0.578744
-0.174115
13.0334
-17.4739
-0.729153
-1.34797
-0.594768
-0.572883
0.0811176
-6.18072
-0.05028
0.367763
1.0285
-10.4951
1.4674
1.01713
1.88937
2.24431
-6.04218
-0.0717814
1.13864
-0.324653
13.7903
1.03665
11.2651
0.667526
-1.41238
3.74181
216.103
3.49473
-3.68483
0.495645
-0.00178162
7.25126
-0.385026
-0.439663
1.3207
-0.558296
0.133133
1.45224
-0.403887
5.40657
3.84945
0.465441
-0.228133
1.3112
-1.5985
0.705017
-1.29637
0.299256
-0.706116
0.188422
-1.19957
-6.1728
3.56745
-0.131881
1.8155
1.11483
-0.0624167
-3.14671
-0.840266
0.180669
5.02737
1.16666
-1.09372
-0.790923
-8.1388
-9.34098
-3.93983
-0.51549
-19.0219
-1.01408
-0.635773
-0.136243
-0.26688
-0.816931
-0.0277148
-0.655049
-0.25346
-0.225445
5.95267
-0.583893
-0.456326
2.59222
4.302
1.26297
-2.02313
-1.67605
0.0488835
-4.52219
0.179126
0.136568
-0.414207
-0.0142512
0.248834
0.333159
1.68359
-1.20629
-2.41781
-0.291836
1.14382
-0.213995
0.159964
0.132522
1.17813
0.998132
-5.82373
0.00396386
1.49695
-12.6799
2.27121
0.395152
-2.33699
8.01272
6.59236
3.26456
0.681946
-0.303567
1.10958
1.16075
-0.503905
-0.659222
-0.00969905
-0.148999
-0.0978349
-0.48355
0.158599
-2.41189
0.540954
-0.336225
-12.9361
-2.03295
1.90123
0.699809
0.575856
0.0263726
1.12426
9.16483
-1.70082
-3.24817
2.90176
0.231414
2.09559
-2.22457
1.47854
-1.83351
-1.0751
-1.75729
-9.87456
-1.10743
0.72072
-15.7293
0.390087
0.00549102
-3.64549
2.21823
5.2945
-0.665657
1.39004
2.93921
-0.628701
-0.493108
0.429659
-0.45494
-0.197705
0.983
-0.720948
-0.6167
0.145676
2.97621
2.7421
0.746334
-0.305315
1.15302
1.44251
0.878989
1.44573
0.395458
-0.32996
0.0184371
1.19281
-0.586535
7.37161
3.90903
0.896672
0.347225
-1.20045
0.14402
-0.63384
0.00235954
4.99351
0.109244
0.458563
0.526959
-0.325406
0.506028
-0.120257
-0.806385
2.47516
0.336065
0.538121
-0.0755081
0.552072
-0.559889
1.28139
-0.963249
3.20913
-2.2509
-1.85378
1.85822
-0.220034
0.265337
8.61507
-1.7027
1.23347
-0.909637
-0.232064
0.376843
1.72563
3.07492
1.40994
0.51107
0.361732
-2.14456
1.6585
-3.23654
-1.48638
1.45417
-6.03315
0.334012
1.05814
-2.44656
-0.0930895
-3.01771
1.33589
-0.247152
5.00754
1.68747
-0.177938
0.0871814
-0.795678
0.0458346
-1.1165
0.43699
-5.39589
1.06946
0.579268
-0.710738
2.30393
2.91117
-0.738337
3.49204
-0.553304
4.44222
-6.79326
0.282364
3.29108
-32.5555
1.5345
-0.293352
1.61597
-3.22549
-3.65604
-1.36312
-2.14345
1.40938
-20.0546
-0.399563
5.2455
0.160503
1.31062
-0.219803
2.1576
-0.0782224
4.43348
0.0584308
0.0447662
-0.963024
-0.992902
0.209142
0.84136
3.15394
-0.435519
-3.10629
-0.805212
74.4143
0.711547
0.984769
-0.955688
0.504935
-0.293151
-3.47976
6.53056
0.726034
47.7824
0.803759
-31.9158
-1.06381
-24.3899
0.790141
3.12462
0.0276596
17.3637
13.0664
-0.51092
-0.880289
-0.099492
-4.93445
0.427692
95.1511
-2.62718
1.77736
-1.9102
-1.17863
0.376353
0.0109801
0.444402
-0.93481
-11.2164
0.245221
-0.289924
0.520549
-0.0201522
0.461383
-4.19697
-0.69558
-1.19462
1.19237
-0.0612731
0.112941
-26.8602
0.468567
1.65663
-0.626034
5.25694
0.276121
-0.949359
-0.779672
-0.111978
0.438639
0.894485
-9.8635
-0.160564
-0.841554
1.25766
7.03904
-0.483895
0.684433
1.51656
-0.449977
-0.177459
-2.40904
-29.6343
0.348574
1.90892
2.01281
-22.711
-2.24873
-3.28059
-5.74803
-0.736859
6.46569
-0.536667
-1.16698
0.26527
-0.544782
-0.485915
-5.83868
-3.71485
-0.0339804
-0.696378
-145.636
0.705757
-3.18513
0.324389
0.689282
0.32346
-0.276635
-2.39271
1.25379
-5.31775
2.23012
-0.55857
-0.19877
23.8014
0.647926
-2.89605
-1.65386
-0.644033
-5.62188
2.73355
0.912571
-0.700831
-0.357645
-12.9052
-5.60987
3.92927
0.215047
-1.66641
-20.0531
6.02033
0.751117
0.0639771
0.0357891
1.03696
-6.61831
0.0315331
6.19833
1.14379
-1.44368
0.399421
0.0695362
-0.554275
-2.30949
-0.824945
-0.512131
3.3927
-0.437716
-2.15092
-4.09167
0.401044
3.19103
0.283951
-1.983
0.447841
0.973578
-0.516662
-0.238606
0.259256
-0.835096
0.795765
1.60459
4.54757
0.143598
-0.354399
-0.106607
0.565416
1.08885
-9.08302
0.143147
-0.105753
0.134847
-1.64803
-0.622299
2.40348
-0.1708
-0.551415
-1.51486
0.150732
-0.828204
-1.75432
-0.936166
1.69283
0.774403
-19.0903
-11.0104
-0.556221
-4.23194
-0.0728848
-6.29168
-0.136297
-0.44055
-0.153594
1.49839
-2.95443
2.40009
1.86654
1.72938
-1.92784
0.0135285
-2.08577
-0.628101
0.229383
-3.19269
0.855695
-0.329184
-1.24817
-0.546586
0.10209
-0.483673
0.414553
-5.13193
0.479513
0.297754
-2.46581
4.58084
-0.493169
-0.224409
-0.0656267
0.373256
-6.5907
-0.693177
1.78175
-0.34711
-0.352079
17.2889
-1.0084
2.51165
0.237971
-1.37599
0.845168
0.89447
84.3325
-0.609639
-0.413453
4.30813
-0.682996
2.37792
2.69381
-2.80353
-0.288915
1.97515
1.07511
-0.424325
3.28478
1.69016
1.15868
0.407022
-8.57825
-0.790589
0.508096
0.455916
1.24847
48.7012
0.792048
-0.555042
-2.82353
-6.27513
-0.82253
0.855088
-0.149403
-27.7089
1.04248
-0.347538
4.04863
1.62885
-1.46426
5.36971
-7.69573
4.435
0.372255
0.175207
1.19497
0.427685
0.389003
7.59936
0.215246
-2.479
1.34244
0.234491
-7.8665
0.429922
6.1622
-2.28696
-2.58934
0.365288
-1.82517
-3.79298
-0.339065
4.59287
-0.455991
1.31596
-1.69341
-4.03439
5.06864
0.551959
-0.939949
-0.113282
4.37254
0.354967
0.386152
16.5543
-2.92304
5.63597
0.137419
3.55562
-1.10195
1.46075
0.599316
-0.846947
-0.296846
-0.308614
0.137723
-0.201213
-0.32956
-0.587599
1.44021
-1.62594
1.23899
0.259215
0.215292
0.311993
0.821136
0.0225518
-1.96985
-0.489667
-37.9186
-2.2
-3.54885
0.246003
0.360065
-11.1914
-0.629822
2.23293
-0.261847
-1.76813
0.73355
-0.404961
0.198294
-0.322097
0.365137
1.4161
-0.665003
0.438984
14.9596
-1.962
1.44808
-4.60189
0.26851
0.136775
-1.01741
1.08445
-0.407238
-0.570434
-2.28733
0.969635
0.814192
-60.9143
1.7265
0.0512308
1.86851
0.471107
1.68461
-0.585295
0.115889
-4.74973
2.74277
-3.10398
-0.154794
-1.08479
-1.44629
-11.3836
1.36086
0.930101
1.43963
0.637642
-0.123034
1.63547
-3.96028
11.083
1.27403
-0.880664
2.0401
-2.27771
0.248011
-0.249913
-1.94823
1.76925
0.0841546
0.830526
1.291
0.821495
1.58832
2.55591
-1.82914
-0.265324
1.14234
5.82415
0.427041
-1.23945
-0.17607
-1.12518
-0.826507
-1.23653
-3.28283
-1.18465
0.72742
2.33586
0.33452
5.20581
8.67721
-0.0142571
-13.728
24.954
-1.23179
-3.88475
-2.71671
-1.63216
29.7351
-2.0429
-1.055
-0.59708
-0.0549882
-0.10468
0.15199
-10.2522
0.00482596
-11.0732
-1.53828
-17.09
0.324749
-0.482738
-1.70299
0.0335022
0.559618
-1.15824
173.723
2.49234
-4.76831
-0.479649
0.775714
1.86798
-0.934212
1.27431
1.47898
-0.714901
15.9683
3.75858
5.1117
-0.278129
-2.77291
-1.06755
-0.0655269
0.580388
1.10204
-0.563253
-6.29071
-1.16531
-0.37787
-1.82375
0.405914
-1.10769
-0.962219
0.978431
-0.119611
-0.258594
-1.64975
0.470569
0.299861
5.10422
1.39553
-9.99205
-0.462893
2.17913
-0.121446
-0.349737
-0.940941
-1.16852
0.426511
0.339096
-0.0533439
-0.644924
0.0539715
0.503687
-32.6161
0.908478
-3.12569
-0.897247
128.744
-5.34072
-1.31635
1.40149
-1.65816
-0.782587
1.01565
-1.28755
-1.8281
-1.60708
-1.90584
-9.8442
-1.02128
-1.80263
-16.5164
-0.371646
-0.420385
-6.42695
1.79013
1.26376
0.933722
-2.63942
-0.486818
-1.35688
0.892635
0.644072
0.914377
-1.3704
-1.26339
-2.73961
-1.23961
0.0877613
0.895435
1.20478
-0.257208
-10.7504
-1.32907
8.62805
0.876007
0.328422
2.40872
-0.130523
-1.88538
0.898189
-4.07933
0.0456968
-1.03126
-0.542825
-2.14368
0.244467
14.7396
1.0391
0.192643
-1.9149
-37.6776
-9.97755
6.65635
0.229741
-0.028418
6.73269
1.32521
0.5375
-2.57689
-1.9732
-1.56128
0.469857
0.57281
-0.296155
5.34634
-0.0668882
0.560459
-0.192888
3.62659
2.36377
1.83191
0.593886
-1.74332
0.444237
-0.154378
-11.6509
-0.462809
1.28484
1.12522
0.343053
0.582553
-0.564553
-3.18987
0.131437
-6.58833
-0.417284
-3.89523
0.745642
1.03889
-0.0637312
-0.393462
1.51593
0.504457
-0.353959
1.9884
1.04878
0.0577228
2.5011
1.28743
1.08425
-0.6244
-0.557036
-3.83459
-0.709757
0.131208
-6.313
3.0634
0.101061
-1.75723
3.04701
1.53779
-1.3394
-0.572038
116.781
2.4851
2.75293
0.142172
-1.00142
-0.18866
-3.37393
0.434354
-1.57989
1.29017
-1.28867
-0.0174204
4.52902
-1.62611
-1.09951
0.220485
-0.204596
0.323439
-1.49735
-5.24369
-0.467371
-1.03814
0.459521
3.41289
-1.35978
1.46191
0.36099
0.261285
-0.613738
-0.623085
2.31818
2.29774
1.88981
0.0348899
-1.1192
-1.25403
18.2368
3.64085
-0.827108
9.46797
-0.452075
-0.764383
1.82453
0.695962
-3.45811
-3.34
1.08311
-0.708956
-4.00732
2.97648
-1.58598
-0.645099
-1.32771
0.641282
-0.605772
-2.03535
-1.3177
1.85823
-0.509755
-0.206742
0.669408
-0.333068
-3.56854
-0.595204
0.0989567
-0.841822
0.88841
-0.617744
-1.15275
0.758841
-1.14385
-4.03865
-0.184604
-0.903613
-0.724531
-0.833744
0.252086
-1.13014
1.28031
-2.98341
1.85399
-0.20422
0.116144
7.76452
10.2966
-0.286962
2.23772
0.149792
-0.271097
-0.270697
1.39793
0.313724
-0.154836
1.60906
-5.53911
-1.06327
0.932624
2.44205
-0.921794
0.0783728
-1.8625
-8.35114
0.159875
-7.24091
0.62959
-2.61796
-29.3412
0.576021
-4.09143
-1.01074
-0.379474
0.388142
-0.503418
-2.42715
-3.59184
-3.08401
0.163449
41.4432
2.19122
1.84606
0.932321
1.60087
0.230997
0.420803
-1.29906
-0.951336
-3.33165
-0.603103
1.32007
1.28414
1.87662
-0.430105
0.0172436
87.6903
6.87897
13.6805
0.133877
-1.51978
-0.277235
2.19721
-0.10308
0.472077
0.618712
-0.405301
-0.680661
1.35552
0.274419
1.53031
0.0754259
0.32237
-0.320062
6.49055
0.955232
-1.53498
-0.435833
1.37622
0.408292
2.8268
1.86814
-1.00354
1.38222
0.795639
1.11399
-0.0996025
-23.0917
-3.85634
-0.866846
0.118037
-0.689615
26.2749
0.432846
0.198777
-1.14152
-0.040651
0.381683
3.22318
-11.4219
0.201038
1.78872
26.3175
2.97815
-0.788366
-0.0542777
0.0515968
0.0723554
-1.22481
0.0610646
0.0410519
-27.6261
0.130389
-0.487484
-0.528136
-0.71169
-4.60997
-0.171849
-0.919389
-0.884536
-0.187306
-3.95603
0.795689
5.5444
1.08984
0.241269
-2.80872
9.50868
-1.97432
-3.649
-0.559023
9.82462
0.802304
-14.3707
-0.841097
1.25641
-0.135901
0.207241
-1.59018
-0.510294
1.65206
-0.193167
-4.16744
0.251854
-1.43736
11.0578
-0.377947
-0.110506
0.20871
11.6604
-0.137361
6.05714
1.50881
2.64329
2.08655
-0.903592
-0.504893
0.127631
-0.455107
-3.18131
3.40066
-0.567213
0.208571
-0.668811
-1.20503
-1.14928
-1.10304
13.5808
0.0320503
-1.59725
0.394364
-3.58515
0.0179516
-4.54437
2.52632
-0.721249
51.4474
-5.03329
-0.591465
1.18428
2.15039
-0.369942
-5.77192
-0.156504
-1.92896
4.45376
13.4662
-0.416129
-0.388409
-1.13787
-0.184996
0.634417
0.175255
1.11677
2.15877
0.184498
1.15737
-1.33636
0.125258
-0.373333
0.751864
0.42699
-0.480184
-0.387265
0.234141
-0.895018
8.79094
-0.131345
0.632148
0.325643
-3.03174
-0.799536
-0.895006
0.525547
-5.9753
5.44382
6.78595
0.161798
-0.801862
-0.507232
1.33765
-0.931941
-0.586246
-0.326519
3.6536
-7.86148
-8.92511
-2.29472
-0.253528
-0.633329
-0.40053
-0.235854
-1.33568
1.29224
-0.712257
0.461693
-1.20868
-1.70027
5.48165
1.49017
-0.132603
0.193508
-0.488002
-0.524437
0.121511
-0.49556
1.00419
1.25693
-0.835589
-2.05542
-22.2859
-1.07512
0.606665
-2.31658
-0.317433
0.689748
-0.593662
0.0711698
-3.74525
-12.328
1.07208
0.900687
6.2168
-0.931681
-0.638534
17.3921
-4.38175
0.95997
-0.398549
-0.00189696
-0.576839
-0.213657
-0.583721
-1.72523
-0.898122
3.09879
0.867755
-3.77337
0.730077
-0.402019
-0.0961385
0.754944
-0.0668733
-0.750873
-0.342651
0.42201
1.31425
-13.0461
-4.10385
-4.07012
-0.500959
-0.0934332
0.759061
1.15326
-3.05398
9.70881
5.98753
4.2611
-5.87959
0.304622
-0.267576
2.01133
-0.937024
-1.57427
2.24994
9.44754
-0.630164
-0.856634
-2.68122
0.208711
-0.777109
-0.396259
0.19669
9.10035
-0.325438
0.0439643
-2.73293
0.863111
0.640729
-0.643227
0.911017
-1.59101
-1.27598
0.362479
1.61642
0.094235
-2.8472
0.286106
-1.29041
1.41003
-1.03605
-0.421172
0.476169
4.7236
0.127345
1.61189
-0.297915
0.959277
-2.74285
0.00700149
-1.39201
-0.0687647
6.68789
-0.51904
-0.35697
-3.09738
-0.034673
-0.242655
0.140107
4.27898
-0.196571
0.0792258
0.00798392
-0.414164
-1.14055
-1.19695
-1.08096
0.563618
0.237455
-3.33766
-0.830192
-0.395997
1.67347
0.370175
0.456504
1.01068
-1.90519
1.54721
0.926472
-0.88077
-1.995
-1.65661
1.15259
16.1408
-15.5796
1.08665
-0.342947
-8.71571
-0.788717
-1.81138
-3.14424
-5.53027
0.565082
-0.509779
-0.168443
-4.14192
2.08375
-0.192145
-2.74241
-0.285666
-0.0814538
-1.1855
-0.303707
-1.12231
0.0796441
-11.5625
-0.291949
1.26198
-3.15576
0.85043
-1.53403
2.81679
0.598658
1.38096
-5.7831
8.08285
-1.39089
-0.122469
-2.70777
-0.539767
-0.912991
1.45784
-0.732074
0.133485
-2.86567
-2.52477
0.790325
0.637215
0.426542
0.0635232
0.689547
1.55256
-0.632446
-0.986625
-2.16391
-6.35668
0.678669
-2.54422
-0.446926
-2.83973
0.39741
-0.810824
-1.7245
5.81262
-0.0726306
0.81442
2.99318
45.47
0.636194
-0.142683
-0.407416
0.711145
-1.65478
-13.8835
0.159939
-2.27493
-0.102717
1.4329
0.589012
-6.73701
2.00797
0.387691
4.50093
-1.71853
-0.0931179
0.436465
0.915076
-9.96605
-1.65518
0.185265
-3.08718
-0.137857
1.8329
-2.34008
-1.3794
-13.8138
0.948224
-0.0257766
-4.65474
-296.67
2.86286
-1.80721
-1.35348
6.45645
0.563376
3.80809
-1.2797
-3.60487
-3.85594
-1.47796
-101.075
-0.793432
1.71839
0.287427
0.580071
0.449334
0.19688
0.120581
1.26224
-0.466919
5.1611
-0.565345
-75.2929
-0.776833
1.00096
-1.84271
-0.615945
-5.49662
2.22466
2.24635
0.298308
0.461175
2.40797
-14.3537
-0.429832
1.17679
-1.90025
-1.09887
34.9389
1.64187
-0.0450156
-1.59282
1.04689
3.19625
0.235712
1.5852
-0.346688
-2.17313
-3.74411
-0.603887
-40.5193
1.12434
-0.188152
0.690088
0.76075
1.24969
0.304795
0.153434
-135.855
-0.961163
-0.648698
-1.16956
-1.57322
-0.427044
-0.795096
0.0926515
0.764972
2.82662
8.43798
1.18774
0.588141
-7.56868
2.40869
-0.8605
-0.652591
-0.904095
-19.8
-3.90423
0.254225
-0.288525
-4.15527
2.3376
-1.00119
-1.52192
1.0163
1.51086
-0.629542
1.4252
0.478652
-0.264124
-0.174354
2.24005
-0.0466686
0.246642
0.769223
-0.785759
-5.77217
0.474487
-5.2654
2.72794
0.678444
-2.42075
-2.25271
-0.906555
-0.231106
-1.56413
-0.576377
-0.275604
1.08053
-0.371137
0.226765
-0.810441
9.73381
1.463
0.694685
-0.0789904
-0.121828
-0.679168
0.0586475
1.62167
-0.569027
-2.12713
-0.357684
1.15848
0.1381
-4.52654
1.24017
0.318006
0.510324
0.329227
8.28404
0.418593
2.26207
0.388844
0.907172
3.12102
0.0869419
0.232142
0.358952
-1.33188
-0.634363
3.6348
-4.94009
-1.70007
0.143043
0.65993
-1.05579
-0.944899
-0.653848
-0.130999
-0.244243
1.51844
1.57727
-0.707063
-0.60435
5.21558
-0.641513
-15.4615
-0.429653
2.12064
74.3814
-1.86068
-86.211
-1.14298
2.11711
0.387445
10.6813
0.817655
2.11979
142.398
3.41026
1.29102
1.96162
3.35061
-2.14593
1.13192
-6.1724
53.1458
-2.84825
1.59744
0.438796
-1.16376
-0.60559
-3.20037
2.17933
-0.613007
-1.83118
0.623147
-1.74556
-0.0667134
-0.0237434
3.46985
-36.4053
-1.65551
2.78064
0.534553
-14.1174
-8.86995
-0.064042
1.41433
-0.348739
5.36124
0.868666
-0.209316
-0.250804
0.42469
2.43199
20.968
-0.262076
-2.65745
0.31862
-2.8987
-0.133447
-5.06575
-1.22758
-2.04364
-1.97737
0.725736
-0.622969
1.04213
2.06626
-0.717984
-357.904
0.0331843
1.18423
0.491407
-1.41277
2.26749
-2.43098
-2.0923
-0.455242
15.9914
-1.02638
-10.4428
-149.804
0.571386
1.198
-0.630486
0.0996193
-8.35091
0.461726
-1.91911
-3.37766
1.28299
-0.00911592
-0.104792
-2.10908
-0.466185
8.41664
3.66313
-0.541434
-0.507632
-0.092366
1.07796
-0.264603
0.704186
-0.450617
-2.67427
1.5549
0.220168
-16.1457
0.479541
1.64769
0.616563
-0.219058
-0.359987
1.11421
1.08045
0.354171
-1.30227
-0.766789
1.46624
-0.961892
0.617272
-1.27972
-0.146177
1.26447
-0.586516
-0.432741
1.40479
-0.997014
-291.904
1.74351
1.53382
-0.744416
0.608594
1.88373
1.8449
-0.950449
-0.0877475
-2.51597
0.143251
0.273701
-9.89414
-2.29181
-0.904661
-0.0331565
-2.01219
1.04064
0.256444
-0.619063
0.00606064
0.296297
-0.386671
-32.1631
-0.521178
-1.4302
1.74607
-2.17541
-6.13126
-0.318245
2.45697
-4.43505
0.906817
7.50724
-0.676117
0.932784
-6.79022
5.77534
-0.1769
-0.218731
-1.61328
1.18407
0.261382
3.41104
-1.20052
2.60859
2.25429
317.673
-3.82569
6.15536
0.761304
-0.514626
-0.187166
-40.4078
1.3691
0.285588
-0.131413
-0.136471
-1.85478
-0.612601
-0.267423
1.15532
32.9107
-0.259934
-0.0302078
-0.691593
-1.03336
-1.08039
-0.960419
98.449
0.324841
-5.24341
2.02745
-0.693131
9.4497
0.960304
-0.211814
0.437895
0.313582
12.1079
-0.226904
-5.14439
8.62061
3.67916
-0.488753
0.825895
-11.5243
0.105196
-0.457989
-0.498214
0.201428
-6.37932
-0.879888
0.696868
-1.74436
-0.179129
0.952072
-0.980952
0.223268
-1.47633
0.982753
-30.0366
-1.30664
2.05746
-0.691018
-0.680246
0.27504
-1.29743
-0.393279
1.24552
-0.76677
-2.10667
1.67488
21.4237
-1.1397
-0.448024
0.989508
0.131527
-2.12394
-0.894997
1.4308
-2.32665
0.38255
0.477632
5.57002
0.0179899
0.378442
-8.27103
-1.29152
0.85713
3.21019
2.54739
-0.995225
4.23225
2.45813
-7.63592
3.88954
-0.360961
0.312073
1.07462
0.760919
2.07205
0.675131
-2.97612
-0.253578
-1.6897
0.378775
8.55262
-0.301267
0.0792523
0.739029
-0.938673
-1.97086
-4.11905
3.06148
0.110413
-0.112977
7.33478
-0.848454
1.59319
0.53448
-0.169633
-0.0294222
-0.230177
0.10125
2.36141
0.144444
6.69415
-0.134818
1.21089
0.693462
-0.275413
0.775082
-12.0151
-4.74883
-0.39011
-3.29614
6.40552
8.76555
-1.29429
0.101454
-2.27212
-0.416496
-0.629741
0.011998
2.33627
0.706391
-0.0302252
0.120688
-0.734657
-0.691867
-0.0103589
-0.576135
0.338867
100.407
0.847233
0.542414
0.00430307
1.49512
-0.834994
-0.881483
0.558671
6.9814
-1.2069
-0.580313
-17.3721
-0.536261
-0.532979
2.45696
1.58101
0.676728
0.609678
2.9333
13.5528
0.822672
-9.96415
1.00061
-2.4438
1.03095
0.265132
-0.707971
-1.36545
0.14958
0.308716
-4.10492
11.9737
-2.058
-0.347207
1.28606
-0.358928
13.8555
4.45362
2.8255
-1.61168
-0.823497
-38.9547
-0.21947
-0.698318
0.497547
-21.6218
-0.0463955
0.510567
6.7534
-0.603529
-19.691
-2.13051
-1.15734
-0.698821
-0.111065
-2.87356
-2.01848
5.3799
2.13201
-0.0195031
4.57804
0.337875
-7.49897
-0.0502702
-1.61258
1.05628
-0.0122326
0.0505739
1.32018
0.135822
-8.37488
-2.21809
-0.285911
-0.391808
-0.660592
0.446441
-0.579685
1.10702
-33.6365
1.99506
-1.63331
-0.395186
-0.453235
-6.06974
0.147557
-3.70588
0.95045
0.683745
-1.38672
-0.978326
0.221765
0.821219
2.36873
-0.0883012
-2.90045
-1.13569
-1.7301
1.43859
0.308532
1.36268
4.69128
0.384631
-180.625
-0.254663
0.110215
10.5151
0.177425
2.1082
-0.0914255
2.93918
1.04126
-0.0363359
2.50694
0.463465
0.27984
6.04038
4.51781
-1.80127
3.59489
-0.0909688
0.0762654
-17.0963
-2.29972
0.0360156
0.328341
0.0181375
2.89629
4.28629
-1.90988
-1.68466
0.0466541
0.797935
-1.84566
-0.824317
-0.158911
-3.38449
-0.0612512
5.69682
-3.71842
-2.62271
1.30546
-3.7522
-1.08419
-0.605806
2.50907
-0.486146
1.02792
2.76241
2.74248
-1.98813
-1.69862
-3.53418
-2.33285
0.213515
-0.225491
1.34969
-0.113063
0.475264
-0.0730468
1.5335
-2.54185
-2.63453
-1.59308
17.7641
-1.31041
0.704951
0.37627
-1.66386
-0.0104426
1.25497
0.118991
-0.736923
-3.33118
0.890844
-0.710182
1.80184
1.33706
0.340467
0.454884
-0.463472
-5.85077
0.200986
-4.26813
0.967052
0.361469
1.72067
-1.81907
1.46836
-1.46048
-3.00342
0.726347
-36.0648
1.39378
0.104599
-0.275088
-0.651637
-0.348141
-3.44989
2.68063
-2.02863
0.381959
-0.676641
3.26035
2.14475
-2.91098
-1.44043
-0.213511
-2.01467
3.47456
-2.06458
48.4242
-0.199638
-0.943379
-5.45597
16.0386
3.98087
-0.190738
2.62456
-1.20836
4.53897
-2.66776
-0.186622
-1.66974
-0.818387
-0.540701
5.62901
2.7566
-0.985819
3.34019
-0.23697
1.41092
-2.16263
0.347559
7.762
-0.231861
6.19454
1.62125
2.37787
-1.77664
3.55119
-0.468099
1.40968
3.13168
0.0331267
1.6365
1.18278
-0.509131
-0.813402
-0.585809
-1.24144
2.52392
-0.514226
-0.496643
8.2856
2.91079
-0.663559
1.12131
0.0229897
0.197202
-7.42466
1.80833
0.728341
-0.184357
1.35973
0.020795
-0.559302
1.20923
1.76505
-0.744877
-1.19455
0.602088
-1.63306
0.552832
-0.417452
-3.42797
0.340634
-5.3547
1.93869
8.10321
1.2001
0.702099
1.31626
0.853324
0.116265
8.12245
0.0781462
0.147838
-0.436086
-0.659403
-8.12224
0.571374
0.40154
3.25558
2.45264
-1.37604
2.43745
0.996062
-16.5181
0.0862006
0.68648
2.34731
0.342916
0.0361351
-2.33448
0.221409
-398.567
-0.675224
-1.02637
8.16569
-31.2983
-16.1199
6.02505
-1.59309
2.10121
-0.429661
0.171366
-11.1788
0.925149
-0.286513
-0.230589
0.250381
-8.45817
-1.31254
0.476295
2.72991
-0.153175
23.028
-0.0246903
2.30771
0.335892
1.96096
0.573671
3.66434
-5.14932
-0.0587587
2.01354
-0.796137
-3.44195
0.858284
3.49241
-1.95818
-0.453897
-1.66086
-0.303402
-0.757477
-0.0183975
6.82078
-1.7586
1.01139
0.079104
6.9592
1.05083
0.0325002
0.811678
189.341
0.254275
1.28094
0.520807
1.39309
-2.93358
1.37465
-10.1335
0.142701
-0.754915
14.0116
4.99004
0.554292
17.9514
22.7198
0.83366
-0.629413
-7.25345
33.6975
-0.887018
-0.28262
0.130011
-2.34736
5.43753
-0.353875
1.19528
-0.124227
-3.68185
-5.92801
4.85182
-1.03814
-6.40923
-1.37052
3.54889
0.666971
-0.875519
0.848045
-1.67633
0.987783
-1.78046
-0.717338
-1.18773
-0.227054
-0.28705
0.26914
-0.625432
0.685388
0.214344
-0.533195
0.466957
4.88912
-0.468976
2.66733
-0.350281
-2.05593
0.650044
-0.250056
-1.28243
0.346633
-1.19358
2.27277
-0.684685
1.04655
1.49263
-0.319996
-0.44404
-0.65867
-2.43583
-0.79785
0.0212394
0.576857
0.348107
-1.01036
-0.974467
0.173847
2.91868
0.189864
-0.278875
-0.0740042
-0.624944
1.0766
-0.311846
-3.79011
0.768605
0.319073
0.91058
-5.06821
-0.858733
-0.292129
-0.909771
0.781437
-4.24079
-0.439222
3.44729
-0.423101
0.49699
-1.29357
-1.11261
-0.556441
-1.91654
-0.963503
-0.568949
-0.71344
1.48113
1.15503
0.792577
-2.81156
-0.629356
-1.95762
-8.08549
-27.0638
0.461367
0.970252
-0.0583363
4.6228
-2.8952
-18.5025
-0.504612
1.70658
5.15292
4.50193
-2.27639
-0.826432
-1.30812
0.00883311
1.45568
-3.3327
-2.46364
-0.412893
1.0246
-0.486276
-1.90919
1.54101
-8.2545
1.78697
-0.283595
0.392037
-2.22782
-0.591697
-0.670543
1.27324
0.622591
-0.188087
0.209312
-1.62046
1.00578
-0.43216
-0.0378756
0.236191
0.0113496
0.661953
4.09185
-2.34653
0.365239
0.597871
-2.77282
-15.2444
3.50964
1.14771
1.4701
-0.207769
0.266452
0.325993
-2.17668
-2.13156
0.316974
-2.78639
1.81122
-0.979885
-0.901876
-0.258546
-1.12546
0.147122
3.04409
0.309089
0.0349532
-1.61574
0.698801
1.92736
-0.0376669
-4.91111
0.324823
-0.787867
0.34073
1.87094
-1.87324
4.44059
-5.90402
5.27627
-1.27056
-2.47049
-0.47351
2.42783
-0.67021
-0.483628
-0.604598
-0.471394
0.905056
-0.239591
-1.57852
0.0224666
-0.319731
-0.0670927
-2.53552
-5.43108
0.788254
0.143945
0.680744
0.562465
1.74723
1.21443
-2.44709
5.87173
-5.78243
6.52108
-0.487144
0.0575775
0.887541
0.249205
-0.519231
0.571888
-0.0683722
0.187309
0.294312
1.66954
-4.45752
-3.46605
1.25921
6.24115
0.946512
6.82673
-0.735844
-0.0259743
-15.0424
3.35549
0.0377142
0.256878
1.98964
-0.0458557
-3.13985
4.11693
0.97224
-1.85094
0.380349
0.126311
-0.532304
8.48425
-1.63423
2.3192
-0.00679271
-0.419142
12.449
1.00814
-0.360093
2.45284
0.293933
-0.831497
-1.4512
-0.821779
0.633728
-0.0344044
-22.0291
0.777962
-1.23141
1.25742
1.09341
-0.905041
-2.15426
-1.28689
-29.7342
7.18304
19.3503
-1.21112
0.430834
-0.478965
-0.540276
-2.52545
-0.932744
12.2353
-4.76951
-0.525628
-0.64971
-13.4235
0.341386
-0.638139
-2.48674
1.11537
1.50649
1.45922
7.33157
16.6347
-1.73481
1.78322
-0.851894
-2.44187
1.02703
3.06069
0.800089
0.295008
0.0207501
-1.00362
-13.9858
-0.316147
1.71132
-0.304919
-0.104011
-1.562
4.03733
3.49806
-0.477062
-0.0211887
-1.57524
-0.542743
-4.51996
2.11443
112.142
-2.57045
-0.436526
-1.70215
-1.43458
1.98268
-0.33132
-4.78689
4.29055
0.723375
-0.0255404
-1.48344
-0.26892
-52.1498
-30.3795
-1.53441
-0.436054
0.791348
21.9356
-4.54194
2.03406
0.262927
0.917898
-3.46113
-0.204207
17.2829
0.302925
-0.145874
0.80139
-1.3546
1.40485
-0.0793877
1.22155
-1.09321
1.58742
-0.144243
-0.896695
-0.0642316
-1.53929
-1.2892
-0.618673
0.30229
-0.0230946
-1.30924
0.166667
6.92184
1.13962
1.91642
-4.38264
38.9341
-0.586571
-1.15144
30.6469
1.07462
0.743393
0.538178
1.14475
-9.99632
-1.7344
2.37741
0.226565
35.9675
0.697744
-0.615815
0.411403
-0.131358
-3.96498
-0.149996
-0.741501
0.787001
0.20319
0.222234
-1.45918
-1.23767
-0.838011
-2.6614
1.09548
0.153939
-0.525822
0.294916
1.24037
0.548422
1.84104
0.969595
-0.305225
0.212563
-0.817042
-1.1042
-2.6885
-3.62563
0.162226
0.311044
1.09784
-9.53391
1.69832
-0.817603
1.17418
-0.838959
-18.6947
-0.68562
-0.29804
-0.530241
-0.342718
-1.65279
-0.918234
-1.31764
-12.5918
-0.370032
0.239171
-2.91576
2.67811
1.37266
0.385198
-0.219804
0.35825
19.9314
0.0537582
5.81125
-0.11477
1.57515
0.178798
-3.99984
0.85563
-2.44599
0.335959
-1.10812
1.56627
-1.80957
-275.684
0.15197
0.305727
-1.59665
0.885091
-0.70678
-1.15613
-11.7817
-1.12974
-0.692855
1.28795
0.143417
-0.498401
-0.822247
-1.12392
1.98864
0.386719
-0.901067
5.63226
-7.71794
0.0166593
3.62303
-0.637165
-2.01194
2.04521
-0.5487
0.301188
0.0934762
0.365361
-1.71924
-1.31271
-1.42733
2.96358
1.28751
-2.89348
1.04807
0.164961
0.0829071
-0.106646
4.429
-0.224811
4.16557
3.13559
-1.11292
-0.00244865
-1.61804
-2.51627
-1.28022
0.507167
0.417908
-1.18856
-0.634605
-0.514852
-0.635881
0.224689
13.3901
-0.692078
22.2976
0.34189
-0.120385
-1.19018
5.73812
0.877851
-0.065689
0.26356
-2.06185
2.5767
0.514266
-0.084134
-0.478732
0.344613
99.391
-1.71166
-3.40474
-5.54869
2.73584
2.69613
0.777406
0.834241
11.4063
-1.85885
2.34193
0.667312
-0.183904
-0.471591
0.430837
0.875971
0.341462
1.11223
-1.44717
0.225969
-1.14403
-1.19979
1.92988
-0.425875
-0.413525
1.24007
11.2148
-0.210407
0.237012
0.244904
-0.0610545
0.0854851
3.10206
0.641442
1.53691
-2.95791
539.574
0.194477
-0.874433
-0.0564841
2.28175
1.47862
1.55339
-1.50265
-0.0280669
-1.13019
0.953533
1.4832
0.260086
1.31852
-0.378151
0.59412
11.7077
6.18766
0.945852
-0.946813
2.3529
-0.74766
-2.86944
-7.54045
-0.360755
0.32027
-0.47181
2.3721
1.52222
0.829163
1.95406
0.0844089
5.65542
0.709419
0.464076
