1.9536
0.558675
1.27946
1.41215
0.12058
3.92926
1.19387
0.555841
1.47996
0.427509
0.099233
2.07567
1.10824
0.488717
0.886185
1.69672
0.198273
0.160459
0.64341
1.16562
0.371519
0.770313
1.11256
0.429466
2.06338
2.07234
1.34346
1.83996
0.365636
0.700224
1.28224
0.771811
0.256348
0.811007
0.637717
1.29491
2.51525
1.90068
2.87106
0.2001
1.72975
0.451396
0.43607
2.02699
3.08361
0.184241
1.41066
0.660105
3.13518
0.50934
1.74453
0.722055
1.23028
0.126914
1.37976
1.07051
1.93194
0.378944
0.0530611
0.989724
0.886297
0.488986
0.683389
0.047983
1.09113
0.762469
0.337374
0.565634
1.97938
0.439488
0.869964
1.29166
0.598727
0.936482
1.08894
0.779509
0.414168
0.392583
0.3869
1.11975
1.04786
0.453034
0.381554
0.647383
0.432675
0.882825
1.98248
0.532707
0.344653
1.17205
0.735046
0.587616
0.795727
1.04123
0.843837
0.716211
1.29766
0.857149
0.143919
0.0995935
0.487724
0.613081
0.660122
2.36495
1.14195
1.44791
1.78579
0.469189
0.399866
0.333784
0.120997
1.66109
1.02434
0.393911
0.372388
0.436775
1.81337
2.87974
1.18962
0.864849
2.66005
0.268071
0.552374
0.280129
0.96567
0.365199
0.359382
1.47844
0.549764
0.412609
0.714053
1.60458
0.876138
0.937022
0.753873
1.73807
1.37334
0.771693
1.11101
0.945949
0.871746
0.337492
0.152883
0.917615
0.523294
0.490383
0.163874
1.0203
2.60259
1.71277
0.23589
0.605728
0.528879
0.87973
1.18754
1.23487
0.617565
1.67201
2.22455
1.54596
0.990515
1.41263
2.11873
0.964643
0.915367
0.66599
1.05778
0.770929
3.72759
1.11488
0.570897
0.0867332
0.756928
0.437156
1.19219
1.60954
0.231463
1.63701
0.389762
0.909142
0.872957
1.62712
0.136831
1.03073
1.30356
0.516782
1.57602
0.546645
0.250602
0.652761
1.50708
2.71141
1.19181
0.897094
0.540501
2.16235
0.656362
0.422524
1.52869
0.808825
1.3433
0.499794
0.369074
0.692405
0.606494
1.88721
0.37851
0.935114
0.284873
1.12238
0.242931
0.362038
0.599412
1.46389
1.37694
1.01238
1.42442
0.516471
0.602544
1.26118
0.337236
0.976628
1.65497
0.85406
0.38561
2.74758
1.41876
0.22206
2.35522
0.275899
0.103482
0.794662
1.10914
1.28651
1.18508
1.47607
1.25232
1.7494
1.53593
1.603
0.317385
0.834151
1.02301
0.756163
0.88809
1.01883
0.740775
0.888089
0.735586
1.48969
1.57291
1.10084
0.765347
3.02078
1.01222
0.494153
1.15951
0.689349
0.703627
0.524931
0.670775
0.859623
1.35395
0.211845
3.21064
0.213784
2.35633
0.320782
1.0852
0.955645
0.774174
1.73771
0.221368
1.54179
0.507808
2.30074
1.1201
1.52603
0.575918
2.36299
1.89337
0.627897
0.481533
0.850769
1.20549
2.3719
1.77066
0.882418
2.58204
0.685272
1.35914
0.373243
0.545255
0.153802
2.83556
0.389241
1.03211
0.425289
0.494475
1.45123
1.85269
0.908924
0.971172
0.446466
1.24761
0.22611
1.73904
1.21516
1.16245
2.54036
2.99086
1.61981
0.530425
0.459211
0.474271
0.372788
1.73174
0.214751
1.39157
0.0472193
0.385727
1.23895
0.397281
1.14318
1.03003
2.37826
0.642348
0.446197
0.136678
0.856657
3.15682
1.0282
1.44733
0.213573
3.87287
1.06645
0.402872
1.37294
1.55534
3.10824
0.410182
1.04628
1.53029
0.183191
0.719647
1.46424
1.28891
0.330757
0.687716
0.811086
0.485325
3.85334
0.343001
1.03043
1.32184
0.856657
0.478313
0.598822
0.320076
1.18348
1.55548
1.29054
1.11136
0.590722
0.798551
0.0470993
1.17173
0.624849
0.700538
1.042
0.834199
1.10547
0.844054
0.862073
2.36658
1.74654
0.44677
1.2289
1.28692
0.78651
0.763479
0.800366
0.0426067
1.67001
0.706041
0.0320643
4.91228
0.779219
0.596498
0.878711
1.17987
0.524832
1.98501
0.680564
1.22258
2.03313
0.844298
0.89089
0.897438
1.08204
0.169672
1.14114
1.37816
0.645301
0.388393
1.48414
1.41214
1.4169
2.19457
0.548487
1.30508
0.46491
0.600174
1.17373
3.68549
2.13639
0.821144
0.253637
0.502497
0.377916
0.472532
1.29111
1.81865
1.8663
1.79452
0.612671
0.991092
0.620422
2.46571
1.05922
1.43877
0.574355
2.15993
0.958394
0.840829
0.304049
0.613548
1.00887
0.927635
0.84933
1.4006
0.412012
2.63963
0.896646
3.0376
0.814429
0.646675
1.28095
0.3298
0.262171
0.354796
1.18017
0.592016
0.447699
0.628553
0.405959
0.802864
1.60297
0.773298
1.82849
0.978927
0.684902
0.783918
0.306153
0.875333
1.6688
1.97039
0.586014
1.46059
1.17608
0.915458
0.509759
1.22489
0.270062
1.28442
1.2841
1.31847
0.477924
1.94247
1.07862
1.50673
0.71921
1.45662
0.541007
0.402569
0.831838
0.364349
3.46234
1.59817
0.560806
0.864537
0.307559
0.276323
0.354073
0.966617
0.27398
0.744803
0.382254
0.531032
0.607599
0.674632
1.32935
0.712653
1.23166
0.678373
0.708964
1.31341
0.936327
1.42932
0.530799
2.16709
0.701286
1.29529
0.142313
0.649778
0.581993
1.23867
0.714196
0.865423
0.871335
1.13168
0.840971
0.405355
2.62841
0.674321
0.794123
0.383744
0.851339
2.24602
3.02127
2.82086
1.43511
1.09075
2.1488
1.89797
0.268682
0.44457
0.403178
0.622233
0.268941
1.16309
0.878103
3.89084
0.723106
0.536725
1.41271
0.0319783
0.797126
2.05543
1.70099
0.581961
1.34098
1.05368
0.659036
0.204366
0.609702
0.967173
0.245258
1.46271
1.77753
0.715407
0.48592
0.402828
1.7638
1.22581
0.221332
0.588766
1.05662
0.47885
0.435286
2.32288
0.641573
1.02425
0.94181
0.64624
2.05898
1.46417
1.81942
0.259008
0.940474
0.173792
0.438188
0.41892
1.00701
0.800989
0.373967
3.25422
0.819213
0.644851
0.785997
0.164422
1.34834
1.90441
2.53496
0.280698
0.444565
0.799981
0.909446
2.88668
0.0363342
0.366711
1.52329
0.943584
0.515353
2.03655
0.156441
1.34926
0.483532
0.858608
0.109982
0.520903
1.77348
0.774853
0.553451
0.189181
1.18007
0.787356
1.38587
0.570617
0.446546
0.133819
2.19351
0.747437
0.444309
2.39602
1.17941
1.49933
0.49694
1.2907
0.344951
1.56965
1.09549
1.21022
2.30384
1.15339
0.416012
0.655854
0.219067
0.225115
2.27278
0.989527
0.989255
0.570506
1.54956
0.250537
1.56722
0.806696
1.58108
1.93587
3.0223
0.938139
0.420264
0.553083
0.519076
0.85833
0.508175
0.939303
0.720533
0.611315
0.38284
1.04643
0.229284
0.373886
0.519204
1.11777
1.55582
0.440969
3.14033
0.250407
1.41118
1.28527
1.49703
0.532823
0.556879
1.09446
0.859735
0.510406
0.522367
0.58439
2.10361
0.948627
0.74339
1.08088
0.737527
0.642947
1.65643
2.36473
0.537409
0.0534946
1.65735
0.94959
0.299664
0.17327
0.709786
0.72389
0.765614
0.476492
0.542925
1.49476
0.196431
2.66323
0.724554
2.53626
1.77075
0.591039
0.369009
2.63254
0.504288
0.657579
0.732919
1.02856
1.46728
0.413135
0.711355
0.93694
0.261018
1.64643
0.719981
0.654274
1.32668
0.710951
2.2756
1.18538
1.59636
0.069013
0.658204
1.75493
0.296066
0.552775
0.493111
2.08123
0.511085
0.631116
0.322937
0.859297
1.23624
1.47309
1.47541
1.5386
0.144292
1.21697
1.3807
0.995553
0.843638
0.918951
1.5588
0.489928
0.670976
1.28906
1.91647
1.55591
1.42292
0.602243
0.678256
1.98646
1.92599
0.807928
1.38554
1.47039
0.539617
0.294315
0.650143
0.839385
0.184379
3.34763
0.725626
0.666752
0.467539
0.805822
2.20367
0.466192
1.59562
2.8602
0.217051
2.2987
1.22524
2.45631
1.17741
3.30105
1.0539
2.26353
1.00028
1.56668
0.418697
0.756993
0.655341
0.165511
1.2697
2.58936
0.623491
0.686979
1.32648
4.19198
2.40887
1.88431
0.653432
1.09473
3.14289
1.12985
1.15656
0.2864
0.931021
2.03647
0.465909
0.860782
0.680114
1.14486
2.30455
0.647065
1.04009
1.0591
0.47633
0.807309
0.469156
0.601105
1.18896
0.876275
1.49446
1.47467
0.861847
0.717318
2.27614
0.31394
1.33479
1.94367
2.24757
1.81486
0.894426
0.285076
0.384085
1.4282
0.529546
0.274005
0.8902
0.760581
1.02905
1.31508
0.853908
1.18947
1.47183
0.405826
0.373963
0.588123
0.863902
0.8879
0.274687
0.259935
1.9764
0.504313
0.518446
0.779931
0.445498
0.654757
1.10116
0.332082
1.03135
0.43279
0.172091
1.67644
1.88504
1.35485
0.315452
2.03079
0.53624
0.128131
1.404
1.35985
0.88496
0.521071
1.42829
1.02275
0.810637
1.35956
0.567253
1.5516
0.838073
2.58927
1.10914
0.314594
1.00661
0.388315
1.55766
0.816599
0.916468
1.56669
2.6061
1.11355
1.0391
1.16443
0.739057
0.299066
1.13152
0.762183
0.574369
0.716982
0.729861
2.09152
0.963066
0.739723
0.103145
0.818031
1.51878
1.1535
0.46752
1.59818
0.876452
2.72028
1.14937
2.25943
1.20948
0.871797
1.19897
1.30736
1.05761
0.797728
0.887912
0.724894
0.219124
0.762512
0.59938
2.11601
0.304141
0.0266993
0.193468
2.85776
2.60794
0.16593
0.905222
1.54355
1.47193
0.698617
1.8014
0.66594
2.722
0.484445
0.236265
0.376513
1.16242
0.920168
2.0379
0.695446
1.15598
1.92904
0.437162
2.13193
1.36406
0.593697
1.91882
0.876532
0.608192
2.24699
0.742276
0.769367
2.13089
2.43151
0.482821
0.57669
0.112906
0.532933
0.690869
1.74403
1.51958
0.765073
1.10685
1.36274
1.78739
0.513416
0.641458
1.07493
1.12738
0.755878
1.55387
0.33079
1.06269
1.41134
0.907827
1.11179
1.00916
1.24597
0.889213
1.78513
1.53399
1.83752
0.704353
0.626335
0.784001
0.850109
1.858
1.31622
1.41252
0.806265
1.02724
0.542875
1.31416
0.595448
1.18294
0.766381
0.593141
0.398756
0.366286
1.31039
0.665648
1.20175
0.655879
0.625269
0.737268
1.46272
1.18675
1.51924
0.229388
1.74049
0.232994
1.80636
1.60889
0.249689
0.268225
0.212059
1.13969
2.48647
0.938944
0.595316
1.01771
0.904614
0.684945
0.203754
0.381587
0.896747
1.01861
0.613229
0.792186
0.274465
0.664309
1.04555
0.538903
0.763049
0.331728
0.809401
0.684725
0.624061
0.733944
0.546083
1.59609
0.627318
1.01991
0.464014
2.00773
0.510014
0.500746
0.547358
1.3057
0.367084
2.35546
0.562565
0.125348
0.243958
0.209426
0.841252
0.699074
2.01862
0.168149
2.23092
0.367228
0.659038
0.453407
0.118574
1.36154
0.728092
3.544
2.15322
0.920246
3.13418
0.262138
1.16798
0.772484
0.261019
1.36434
1.63646
1.61057
1.24152
0.156552
1.40947
1.09906
1.02529
0.494322
0.723608
1.60915
1.64925
1.99829
0.507761
0.223252
3.29242
0.381854
1.51117
0.740705
0.863197
1.59644
0.60244
0.621746
0.512866
0.536788
0.186799
1.65873
1.80312
0.923664
2.12436
1.40794
0.547177
0.839075
1.37792
0.411662
0.22026
1.53134
2.3066
3.42657
0.716353
1.31817
1.50135
2.34417
0.475332
0.306426
1.18321
0.471971
0.212834
0.47665
2.74707
0.462783
1.01457
0.427399
1.21139
1.48755
0.376334
1.58686
1.40611
0.274568
1.19678
3.02557
0.724765
0.648538
1.5189
1.21285
0.742117
0.619552
3.20344
2.28749
1.93808
0.997938
0.488364
1.09828
0.554815
0.630314
1.75546
0.655253
1.03882
0.310528
0.459543
1.05212
1.13613
2.47308
1.04262
0.750786
3.82751
0.286688
0.472615
0.767738
2.56904
0.65201
2.07122
1.25776
1.26974
0.710708
0.301559
0.827049
0.851324
0.721494
1.17287
1.35066
0.681342
0.501459
3.05069
2.56452
0.41134
1.00638
0.680557
0.408647
0.354885
0.453806
1.29871
1.17153
0.431898
1.23702
1.779
1.6508
2.16932
0.379735
2.18199
0.18735
1.08816
0.667059
1.98035
1.24784
0.529652
1.94093
0.678211
0.368754
0.828649
1.95261
0.451517
0.262102
2.19741
0.664548
0.276951
0.772408
0.786809
1.00797
1.47562
0.242898
1.9509
0.500677
1.04309
0.679254
1.36405
1.23298
1.58458
0.906996
0.499534
1.31621
0.772443
1.11722
2.81838
0.663867
0.653534
0.860382
0.350002
2.21887
0.775851
0.569003
1.53702
0.21609
0.621068
0.941094
1.43764
1.59837
0.713803
0.589805
0.893381
0.95827
0.49864
1.28153
1.02862
0.838108
3.20579
1.32074
1.15964
1.10638
1.06999
0.275049
0.299014
2.02655
0.364108
0.834853
0.111313
1.54823
0.744367
1.32021
1.09976
0.558764
0.623127
0.933317
0.160738
0.120132
0.503406
0.416355
0.86347
0.519576
0.254269
1.33482
2.34634
0.482822
0.300054
0.051029
0.339336
1.94326
0.316735
0.576591
0.824975
0.546954
0.765378
0.45974
0.624923
1.36577
1.30167
1.08921
0.555257
1.24586
0.847259
0.058778
0.457706
0.863625
0.185095
0.561319
1.90821
1.44777
0.355426
0.723904
0.782474
2.51196
1.05881
0.263825
0.403687
0.295653
0.859276
0.473339
0.846098
0.681876
1.94934
0.589682
1.70618
0.621854
2.42464
0.820951
0.514726
1.19136
1.47928
0.0985763
0.295105
0.767599
0.761936
0.127805
2.57148
0.452373
1.37778
1.404
1.05084
0.0874273
2.25654
0.20705
0.18202
1.58333
0.613103
0.124259
0.231542
1.26583
1.33364
0.305688
0.431016
1.16736
0.654636
1.08732
1.35217
1.93297
0.499584
0.653746
1.97827
2.83212
1.19188
1.11657
0.41092
1.16909
1.55201
0.831639
2.41304
1.38214
0.236697
0.262864
0.553204
0.412982
0.292721
1.32888
0.712995
1.79451
0.662038
0.772473
0.571297
0.491884
1.32287
0.702746
1.00189
0.324645
2.42135
0.689257
1.93281
0.373443
0.794621
1.50165
0.98411
2.27722
1.06993
0.874956
1.39243
0.887334
1.61382
2.61922
0.340284
1.41705
0.77476
0.236063
0.954175
0.600556
2.17499
1.07278
0.95985
0.61231
1.10269
0.65295
2.50665
1.10884
2.32061
0.154458
2.21496
1.66333
1.3665
0.524695
0.43849
3.60564
0.701933
0.184337
1.11916
0.322089
1.05513
0.499966
0.63846
0.920979
0.850479
0.531482
1.79688
0.400389
0.449434
0.2402
0.753545
2.39971
0.297035
0.407666
0.698422
1.02285
0.697615
0.93159
1.28884
0.601341
0.531249
0.217459
0.218062
0.236533
0.745864
0.0661059
0.358075
0.449632
1.32524
1.3495
0.27681
0.636893
0.294123
1.7039
1.3945
3.33796
0.856111
0.505595
0.994355
0.55297
0.566854
0.458179
2.55795
0.329972
0.439761
1.72476
0.741801
0.616184
0.158732
0.640981
0.984821
0.504958
1.56148
1.66762
0.514039
1.72232
0.829234
0.931276
0.979678
0.0723521
0.425978
1.00106
2.20399
0.538784
1.38474
0.710984
0.869453
0.741519
0.634299
1.28013
2.0211
0.0804196
1.49656
0.222965
1.31204
0.734553
1.31728
0.517109
0.440236
0.543888
1.00856
0.411557
0.777586
3.01696
1.08416
0.662138
1.09989
0.640206
1.11386
0.746021
0.337334
1.05069
0.795953
1.01331
1.01394
1.64392
0.428097
1.0986
1.92104
0.998633
1.66228
0.467022
1.39984
0.79163
0.343718
0.601037
2.04519
1.41626
0.779681
0.684649
2.01841
1.32492
1.87756
1.7716
0.342913
0.952493
1.02768
0.70747
1.19483
0.767231
0.262691
1.26913
0.381743
0.613816
0.539662
1.49801
0.689198
1.96962
0.369982
0.868825
2.5821
1.43989
1.46778
1.17837
0.860696
1.0985
0.526934
0.584628
2.1807
1.32413
0.397507
0.436386
0.480463
0.756346
0.9104
0.97025
0.331056
0.473601
0.438798
1.40634
0.924538
1.73732
0.331158
0.816129
1.07095
1.16528
1.66408
0.0575036
0.382019
0.609969
0.694215
0.541102
0.642315
0.968237
0.608569
2.22094
1.23191
1.27697
0.626072
0.166215
0.794152
0.6303
2.70026
0.509443
1.72707
1.30457
2.50237
0.730023
0.590155
2.05054
0.333262
2.34155
0.0376112
0.184732
1.58896
0.609886
0.313735
3.50325
3.09481
2.13915
0.828496
0.490987
0.167589
1.45379
0.46875
1.0273
0.720132
0.127208
0.286345
0.435488
0.708573
0.554076
0.238838
0.375505
0.373871
0.703567
1.16816
1.0911
1.97422
0.897898
0.218868
0.250933
0.728205
0.299593
1.03575
1.60636
0.374814
0.449618
1.96712
0.231612
0.38024
0.364227
1.79044
0.996969
0.347917
0.586131
0.744888
1.25321
0.575741
0.983454
0.901167
2.8875
0.945092
2.16019
0.203315
1.47741
1.70277
1.2271
0.196967
0.889184
0.589881
0.310283
0.30312
0.357346
0.513414
0.72617
1.33882
0.983964
0.438841
0.955196
0.84359
0.817466
0.933486
0.192692
0.444211
0.426898
1.13099
0.743636
1.1882
0.378357
1.65004
1.73484
1.05341
0.688923
0.36242
0.503442
1.71698
0.785254
0.674224
2.63482
0.38246
0.491895
0.307346
1.43354
0.350716
0.162923
2.44474
0.838923
2.03191
0.58324
2.06039
1.68401
0.590982
2.17813
0.329558
2.72104
0.667062
0.75517
1.19147
1.44183
0.58667
1.69098
1.00936
0.735176
0.253495
1.30476
0.599531
0.657008
1.02848
0.53359
2.93066
0.463039
1.62176
1.58906
0.172089
2.2928
1.51769
0.998963
0.106325
0.99074
0.271761
1.83545
0.460787
1.51987
0.348776
0.784979
1.03354
0.304112
1.0915
0.406412
0.454995
0.823668
0.263898
0.474167
0.367312
0.912204
1.07839
1.54151
0.544145
0.964299
0.501549
1.3127
0.628551
1.38115
0.785762
1.18198
1.23038
1.52294
0.229224
0.345558
0.310772
0.955271
0.569542
1.06113
3.83006
0.309519
1.23264
0.271534
0.676991
0.867525
0.721965
0.524948
0.721473
0.34122
1.24065
1.88832
0.390585
0.969868
0.703906
0.752906
2.31562
3.84609
1.79803
0.268161
0.178891
1.22414
2.45632
3.74578
0.904403
0.212311
0.821637
1.80511
1.57094
2.46231
0.536153
0.325789
0.781859
0.515966
1.67268
0.783228
1.10306
0.186562
1.39867
0.371633
1.74922
1.82631
0.751482
0.468686
0.662351
0.235387
0.952384
0.138391
1.14403
2.71884
0.834309
1.81795
1.14635
1.53011
1.13918
1.0663
0.695421
0.31899
0.928345
0.322399
1.20308
0.688762
1.21051
1.33588
0.655553
1.36316
0.24756
0.435129
0.700755
1.2496
0.94842
0.481297
2.0735
0.270398
0.553078
1.10429
1.32738
0.497299
1.81164
0.645586
0.562972
0.924322
0.908686
1.34908
1.08414
0.449615
0.920758
1.51421
0.143918
0.0910483
0.419406
1.61923
1.55393
0.231791
0.0783836
0.914335
1.31222
1.74562
0.483776
1.88457
1.3435
0.462915
1.56774
1.31261
0.659412
0.867325
0.232604
0.213884
1.75774
2.99905
0.747994
0.327366
0.164627
0.798366
0.478521
0.0845588
0.418335
1.38044
0.496618
0.632175
1.88461
0.735681
0.453587
0.246801
0.770632
2.17799
4.29127
1.63515
1.02902
0.961744
0.847169
0.91982
0.521076
0.424492
1.01403
2.36975
2.08561
0.449454
0.94758
2.82996
0.635203
0.740322
0.0192491
0.915197
0.959176
0.386057
0.76485
0.778159
1.0619
1.374
1.09205
0.17097
0.775128
0.660229
0.0944119
1.22355
0.810593
1.60651
0.826938
1.14898
0.694511
0.93577
0.306986
1.07534
0.325671
0.615663
0.547876
0.65829
0.377259
0.820297
1.42697
0.387786
1.23683
0.775084
0.55361
0.652716
1.86877
0.249655
1.55821
1.47494
0.805428
3.24288
0.417454
0.0844488
1.1124
1.5368
3.51697
0.693958
0.967834
0.204442
1.05175
1.09217
0.688722
1.70685
0.697586
0.339298
1.39139
1.60787
0.24893
1.11548
0.362852
2.64387
1.44403
0.402344
1.57954
0.247201
0.216726
0.243758
1.98916
0.194614
0.800844
0.114459
0.391642
0.199202
3.60216
1.11634
1.38082
0.892795
0.32501
0.747003
0.796188
0.426251
1.22583
0.581836
3.16993
2.6419
0.992995
1.06874
3.0482
0.635136
0.655137
0.400477
0.729283
0.468246
2.30385
0.781753
0.594849
1.12287
1.38269
1.45126
0.903679
0.191199
1.50835
0.818393
1.63053
1.40265
0.229112
0.721368
0.454266
0.637037
0.620704
1.06781
0.925924
2.23823
0.216737
0.315544
0.732679
0.510291
0.886028
0.539709
1.24401
0.708572
1.37143
0.855747
2.31367
0.812221
3.54159
1.0283
0.344478
0.824512
3.76351
0.939783
2.02266
4.39774
0.168059
1.10514
0.182842
1.87336
1.06061
0.485319
1.50844
1.47754
2.08857
0.404484
1.28024
0.0921458
2.22654
0.787817
0.0527923
0.423144
0.625559
0.971797
1.75817
0.997537
0.343739
0.565367
0.897262
0.598564
1.67694
0.813712
0.91558
0.340873
0.780847
0.47444
1.33111
0.463235
1.72094
2.96498
0.453125
1.97649
0.670323
0.612568
1.34131
4.04575
0.848204
0.992421
0.806326
2.50171
0.971546
0.756429
1.28478
1.39164
0.3971
0.759822
1.30438
1.1122
0.894692
0.59366
1.71694
1.16985
0.255335
0.568047
0.652067
0.295412
0.592391
1.05107
0.567706
0.37102
0.363383
0.631953
0.480023
2.38596
1.47916
1.05665
0.597174
0.633381
2.12551
0.96154
0.149807
1.11428
1.70837
0.661303
1.24585
0.332216
1.63678
0.622301
2.39752
0.83976
0.542644
1.54658
0.392581
1.21716
1.62444
1.42999
0.366602
0.59276
0.205123
1.16305
1.88304
1.17104
0.846048
1.60102
0.21927
0.524356
1.18691
2.99353
1.14996
1.4437
0.484688
0.292448
0.36333
0.692108
1.79123
0.158401
0.829984
0.54942
0.736693
0.52502
0.403018
1.66949
0.45918
0.42351
1.85646
0.874274
1.79701
0.842186
1.44692
0.200281
0.233011
2.07574
0.225257
1.43569
1.12496
0.261321
1.48248
1.33661
0.28296
1.13201
0.719807
0.228037
0.638534
1.7669
0.0954709
0.349454
0.831061
0.462097
0.511029
0.632432
0.923915
0.611971
0.538989
1.91155
0.575533
0.465182
1.3659
0.195786
0.507049
1.1864
0.190988
1.19304
2.03579
0.8519
0.742735
0.694939
0.104886
0.802169
1.21909
0.997987
1.66677
0.542658
2.19756
2.4132
0.609261
1.04
0.0380053
1.2357
1.09286
2.74163
1.43408
0.431504
0.52842
0.593511
0.828089
0.0762551
1.18403
1.35118
1.1874
0.753375
0.305904
0.840831
3.57158
0.833547
1.55104
2.20571
1.68823
0.781441
1.05315
0.909342
1.07776
0.463908
1.61726
1.01132
2.61228
1.15008
0.236843
1.9796
2.02108
0.21346
1.48107
1.56082
3.04371
0.489243
0.979752
0.902961
0.977401
0.420759
0.761198
0.469538
0.189686
0.167828
1.19867
0.886938
0.553775
1.06237
0.691166
0.72603
0.772008
0.950557
1.789
0.567878
1.04037
0.317419
0.835712
1.09388
0.503207
1.10584
0.401843
1.37328
0.786679
0.608258
0.779926
0.985346
0.403775
0.807517
0.805568
0.0546226
0.537087
0.629759
0.946233
2.70692
0.644094
2.04778
0.281535
0.261192
2.68311
0.9983
0.747235
0.661514
0.492102
0.708263
0.737108
0.472676
1.17634
0.49832
0.466211
1.71967
1.43937
0.395815
2.03393
0.688283
1.50784
1.58494
0.0922501
0.540975
0.802299
0.697225
0.793377
0.745072
0.826078
0.500236
0.677388
0.347925
0.409641
0.763534
0.919779
1.51179
0.557794
1.81644
0.498914
0.565678
1.31706
0.503567
1.86792
0.738744
0.825211
1.536
2.10338
0.270083
2.41628
1.68497
1.48483
0.844599
0.495415
1.1066
0.775708
0.799194
1.21101
0.417113
0.39601
0.974981
0.241345
0.906681
3.29784
0.171391
0.271637
1.03984
0.483797
0.53624
2.1131
2.515
1.17815
0.974848
0.903198
0.324453
0.546878
0.528
0.80257
0.629576
0.152455
3.52238
0.327222
0.207744
0.931706
0.344383
0.748762
1.91104
0.904244
0.801274
1.38789
0.420516
1.09559
1.07455
0.36202
1.23685
2.63157
1.42299
1.15708
3.52799
1.94551
0.56149
1.37253
0.672032
0.411106
0.878094
2.30213
0.341192
0.787847
0.535414
0.36693
0.373999
0.426684
0.847652
0.521517
1.18574
1.48921
0.507762
0.313146
2.39328
0.420791
1.44701
0.535217
1.70647
0.553215
1.45033
0.167208
0.417605
1.37594
0.615454
0.228842
0.944037
0.321291
2.32923
1.36435
0.761606
0.479486
0.129366
0.340024
1.08024
1.67221
0.576462
0.482732
1.86709
0.883245
0.439982
0.534188
1.31078
0.810884
0.937912
2.48616
1.41815
2.32723
0.356277
0.60728
0.825308
0.849118
0.433116
1.13157
2.16592
0.274642
0.467951
0.376131
0.791344
2.52958
0.695759
0.343416
2.25975
0.557602
1.16099
0.175062
0.775622
0.384612
1.40147
0.305357
0.208592
1.09741
0.202237
0.4323
0.743273
0.921229
0.282917
1.4739
1.34918
2.6275
0.521963
0.602077
1.35506
0.3244
2.07087
0.274095
0.318737
0.535476
1.79477
1.10536
0.372388
0.588889
1.52683
0.885859
2.54723
0.53995
1.82212
1.10908
0.48991
0.839573
1.75697
0.997568
2.25834
0.653358
1.09429
0.649143
0.236026
1.39652
0.915263
1.7872
1.29554
2.19264
1.93537
1.22024
0.5478
0.14947
0.593992
0.984507
0.62958
1.5651
0.447713
0.119418
1.45837
0.702969
2.25442
1.11356
0.68272
0.619005
0.703093
0.24454
0.693234
1.23236
0.30439
1.49731
1.4409
0.733526
0.272888
1.92754
0.998515
0.761088
0.643379
0.580003
1.17076
1.38964
0.183685
3.44583
2.01323
0.982302
0.56676
1.56417
2.33622
0.841367
0.86857
1.16222
0.552888
0.867179
0.832155
0.810918
0.116508
0.648259
0.458599
0.0866809
1.78705
1.9527
0.518934
0.854053
0.38725
0.837959
0.813096
2.06862
1.17802
0.548448
0.835708
1.3897
2.18434
0.757172
0.947528
1.72201
0.600915
1.02625
2.07404
1.051
0.586083
1.2624
0.856762
1.34899
0.217247
0.600038
1.54282
0.98562
0.368891
1.79691
1.42101
1.01695
1.42117
0.212112
1.90477
0.354344
0.303808
1.98073
0.375962
0.710574
0.796263
0.796957
0.56786
0.291384
0.235778
1.89996
0.26196
0.249084
0.0409769
0.57075
1.76877
2.28905
0.876408
1.34664
1.0389
1.07082
0.374634
0.460836
0.431107
0.309079
1.29899
1.36141
0.45565
0.160636
1.00163
0.743511
0.939767
1.64702
0.617983
2.46388
0.396229
1.15049
0.885619
0.513155
0.448066
1.40361
1.77626
0.643113
1.41666
1.49259
1.63369
0.844804
2.82057
1.19609
0.595864
0.719177
2.27725
0.393678
1.26882
0.855679
1.08631
0.828739
3.41373
1.10531
0.642104
1.27619
1.59935
0.518885
1.10334
1.67119
0.212034
1.06315
0.49378
0.125049
0.650103
0.587159
0.56556
0.653074
0.417688
0.98908
0.882199
0.612538
0.670586
0.0816608
0.456576
0.503781
2.73202
0.39657
0.594023
0.818546
0.509322
0.499769
0.203136
0.443423
0.358783
0.865216
1.40869
0.511681
0.808722
0.406454
0.830224
0.867485
1.04205
2.08382
1.86923
1.83371
1.48402
0.872227
0.385807
0.916428
1.54782
0.55368
2.47246
0.405231
0.265024
2.02056
0.915215
0.874782
0.6768
0.999218
0.78025
0.538766
1.09244
1.32916
0.782786
2.20831
0.537848
1.64202
0.734935
3.19948
1.58654
1.77061
0.736824
1.11782
1.17247
0.72883
0.63739
3.27881
2.01566
1.80372
0.782146
0.806994
0.785641
0.708441
0.571436
0.0409857
0.349168
2.61906
0.145261
0.794629
1.16784
1.45958
1.76856
0.134688
0.516213
1.73894
2.77564
1.73842
1.29447
0.214237
0.548052
1.84412
1.65247
1.3618
0.766042
0.306837
1.32363
0.0533997
0.224801
2.02934
2.37987
1.54154
2.88144
1.14832
0.978241
0.821303
0.861698
1.22379
0.579196
0.343307
1.42655
2.58147
0.664561
0.641328
3.05365
0.970716
0.345371
1.34153
0.45166
0.199722
0.647783
0.654949
2.4027
0.797235
1.84321
0.237258
1.30361
0.698654
0.718207
0.31547
1.46145
0.576261
0.436775
0.699613
0.337103
1.02034
0.88496
0.408439
1.13124
0.116801
0.438589
0.61472
0.514236
0.597481
0.993181
1.23748
0.075217
1.4469
0.904761
1.14574
0.651237
1.72364
0.201885
0.826669
0.781442
0.913589
1.32782
1.56295
1.69195
1.04265
1.40859
1.07501
1.1676
0.525154
3.91906
1.13062
1.20714
0.317436
1.59069
0.476413
1.25351
0.287722
0.925839
1.02243
0.818253
0.358501
0.719035
1.41387
1.15482
0.644745
1.56641
1.06938
0.353308
0.794676
0.356253
0.708209
0.413023
2.92708
0.792746
2.61539
0.181193
0.607713
2.67155
0.766988
1.29968
0.114778
2.40722
0.430798
0.200321
1.15265
1.8957
0.162225
2.22045
0.818028
1.44938
0.639518
0.494457
1.04432
1.13028
1.10347
0.33248
0.431949
1.0709
1.60348
1.21135
1.12844
1.02941
1.61559
0.661209
0.121298
3.48118
0.167332
0.313839
1.01591
1.48955
2.78233
1.06275
1.04061
1.00517
1.60261
0.970485
0.898401
1.9931
3.05002
0.498891
0.35973
0.542645
0.717777
0.697278
1.11211
1.25618
0.445104
2.21867
0.75525
1.5563
1.04656
0.97516
0.56521
0.765837
0.30212
0.545905
1.78542
0.398194
1.09663
1.59053
1.88394
0.83006
0.405905
0.778054
2.47517
0.299693
2.18216
0.38986
0.462415
2.19793
0.540333
1.99394
2.1152
1.41854
0.786271
0.223081
0.329806
1.1032
2.51681
1.01908
0.942935
0.0578877
2.86844
1.3752
0.602267
0.540212
0.0694295
2.09252
0.475603
0.128573
0.919264
1.08283
0.807518
2.12571
1.152
0.685252
0.170869
0.303838
0.0982013
1.74297
0.200612
0.410014
2.34205
1.19434
2.35312
0.442014
1.99396
1.19826
1.025
0.161537
0.482633
0.135251
0.346233
1.38171
0.255281
0.429247
0.943721
0.431349
2.03823
0.0617641
1.96034
0.396291
0.0703604
3.49736
0.196247
1.8939
1.14125
0.682651
0.739611
0.664738
2.78792
1.29399
1.3954
1.18691
1.09285
1.18987
1.84741
1.68436
0.395002
0.533352
1.23323
0.0535578
0.244097
0.253138
2.11593
1.15632
0.955297
2.75708
0.933875
1.29886
2.57537
0.0913123
1.18286
1.24442
0.732663
1.09594
1.24489
1.25372
1.1437
1.55433
3.16418
2.69743
0.533608
0.6285
2.86612
0.116374
1.67126
1.2948
2.68851
1.35178
0.818578
0.642017
0.285767
1.92575
0.491557
1.2137
0.0568905
0.617754
0.886833
0.843254
0.36745
0.160064
0.762034
1.65722
0.592517
0.85121
0.519155
0.635896
1.07706
0.0723251
2.02767
0.623888
0.470024
0.862909
1.48656
0.397613
0.175336
0.352665
1.00381
0.0755888
1.60744
1.79344
0.853726
0.6902
1.75022
1.74172
1.10418
0.949216
1.02604
0.808246
0.395751
1.22719
0.156323
0.733665
1.21678
0.245173
0.220558
0.617907
0.987889
1.63248
0.319997
1.66996
0.292505
1.57394
0.103805
0.49942
0.0686929
1.17683
0.202893
0.803849
1.12965
1.47112
1.38372
0.791083
0.924123
0.12047
1.1525
0.755519
0.770522
2.11709
0.639953
1.07547
1.68259
0.631265
1.54853
0.708048
0.24393
0.355116
0.661161
0.582598
1.07376
0.876465
2.35449
0.372529
2.07113
0.93392
2.67788
1.50299
1.32202
0.700142
1.63594
0.0611283
0.373115
0.713239
1.16275
2.06303
0.893527
1.25992
1.49766
1.78328
1.05535
1.22076
1.26537
0.60223
1.56372
0.734482
1.34614
0.824088
1.88315
1.9799
1.20296
0.949179
0.435519
1.31974
0.0849891
0.969472
0.937928
1.85632
0.410217
0.772909
0.165006
0.752296
0.691001
1.10779
0.9026
0.228185
0.712576
1.25359
0.654079
0.955345
1.06105
0.387507
0.833055
0.128054
0.58791
0.146012
2.8384
0.738107
0.202378
1.11194
0.275918
0.760836
0.93652
1.32624
0.461652
0.609452
0.544201
0.158919
0.955414
0.553112
0.685012
0.940053
0.31777
1.52123
0.636201
0.914029
1.48843
0.432205
0.690071
1.37192
0.479904
1.51713
1.26627
0.962221
0.398439
1.20159
1.67765
1.25762
3.06602
0.622162
0.358632
1.84534
0.412093
0.244789
2.00917
1.36142
0.84721
1.48088
1.27679
0.672926
0.517145
0.739187
0.494092
0.381962
2.71712
0.723995
0.838454
0.560207
0.481123
0.566113
0.165717
1.08457
0.256684
1.32572
0.953877
2.19646
0.615681
2.78299
1.84467
0.503206
0.436212
0.361547
0.542683
0.219212
0.946163
1.51102
1.33282
2.29685
0.420447
2.37355
1.39038
0.556142
0.590063
0.86332
0.837369
1.75022
1.89703
0.978472
0.15356
0.560171
0.823176
0.466292
2.13239
0.446028
0.997299
0.449591
0.900042
0.34472
2.90183
0.119494
1.95362
0.355288
1.64917
0.0943723
2.12279
0.320256
1.74939
1.91013
0.860828
0.329183
0.463424
2.12558
0.0262668
0.410295
0.316582
0.296186
2.51555
2.05697
0.357171
0.393552
1.24485
2.28913
1.15574
1.04851
0.301778
2.95953
0.604535
1.23968
0.655265
1.36482
3.04995
2.27249
0.247943
1.29158
0.815973
0.463138
0.748406
0.470575
1.65158
1.52008
0.935027
0.79296
0.750784
2.12008
0.780313
0.358717
0.942312
0.955481
0.608613
1.17939
0.842732
0.960985
0.0791562
0.341335
0.383631
0.912467
1.15204
0.751041
0.474348
1.86655
0.9786
0.349589
1.5642
0.379259
1.11894
1.00125
1.07116
1.08061
1.5116
0.828359
2.14099
1.07911
0.71407
2.99616
0.457812
0.741515
0.425451
1.35888
2.52863
1.54951
1.03263
0.70505
0.464872
0.659655
0.682878
0.418641
0.695904
1.98709
1.98285
1.83825
0.312306
0.983537
0.315119
1.85245
0.277272
0.609437
1.91536
1.23817
1.28144
0.918985
2.89775
1.03228
0.363913
0.270309
0.338494
0.460582
0.612478
0.207177
3.16766
1.13121
3.00993
0.949147
0.773287
0.809481
0.111872
0.482444
0.927172
1.48754
0.81666
0.622158
0.511262
0.619092
1.0074
0.599736
1.03888
0.991817
0.711033
2.26849
0.471543
1.59356
1.60141
1.03968
1.66743
0.447994
0.331102
0.567818
0.750062
1.20209
1.93239
0.684479
1.00247
0.550653
0.248495
2.88204
0.427407
0.72334
1.21663
1.32486
0.23571
1.08816
0.613846
0.244399
2.48272
1.55875
0.69537
1.34862
0.57617
0.864311
1.18061
0.508561
0.374837
0.760604
2.34739
0.318211
0.368584
0.608168
0.735328
1.49147
0.704339
0.32877
2.53199
0.841085
0.616441
0.474745
0.726297
0.428342
0.96588
1.57157
1.05323
0.0616333
0.645427
0.495034
0.235468
1.25962
1.04859
0.867227
0.533928
1.06524
0.726991
0.651954
1.21454
1.53868
0.819288
0.640524
0.732279
1.42608
0.376133
0.675644
2.03611
0.299597
0.152368
2.11489
0.7355
0.839671
0.949263
0.725703
1.04207
1.07712
2.54268
1.78452
1.90962
2.12415
0.282455
1.51854
0.553423
1.75908
0.408912
0.34497
0.778496
1.05372
0.464233
2.18632
1.34329
0.864823
0.0975468
0.856229
0.277336
1.44753
0.727186
0.33183
0.763943
0.324326
0.911049
1.41045
0.308365
0.785189
0.354866
0.758889
1.28591
0.629247
0.988427
2.42672
0.983024
1.43346
0.418191
0.497182
1.90954
0.660688
0.856685
0.546057
0.311459
1.00075
0.129859
1.11716
0.469286
0.822547
1.39463
0.845313
0.1469
1.8012
1.43851
0.466889
0.381025
0.438922
0.364698
0.860897
0.448111
0.991914
2.1624
1.18434
2.19676
0.808438
0.801589
0.410015
0.729738
0.782227
1.14135
1.06777
1.13899
0.167039
0.983571
0.279689
1.05393
0.346186
1.2194
0.664622
0.32786
2.05031
2.60296
2.01278
1.34453
0.383442
0.130078
0.128569
2.34189
0.947801
0.2573
0.510909
0.252116
3.88139
2.61309
2.70137
0.402525
1.56055
0.629427
0.642073
1.26277
0.450978
0.210701
1.24097
1.13399
0.444212
0.284929
1.50557
0.389331
1.55481
1.00579
0.363398
0.286653
0.416726
1.04707
0.74568
1.57825
1.86495
2.00385
0.455266
0.144833
0.322868
0.298211
1.16525
1.25394
0.983202
0.436527
0.75121
0.508757
1.84221
0.367019
1.51203
0.0840153
0.860622
0.633102
0.643466
0.988727
0.614999
0.74066
0.476072
2.13337
0.229021
1.02323
0.813421
0.938841
0.52006
0.197354
0.818329
1.92361
1.74353
1.47404
2.36164
0.265131
0.287441
2.14409
0.294068
0.719223
0.144258
0.321677
1.63041
1.42193
0.440711
0.728389
1.66318
1.07676
0.321545
1.4609
0.0998632
0.632191
0.709222
0.795136
0.941035
0.512959
0.935795
0.877279
2.37065
0.563913
0.552391
1.24088
0.400864
1.06916
0.428052
2.75471
1.91387
5.5099
2.33926
0.42038
3.98804
1.28025
0.166817
1.67216
0.943557
0.198959
0.66024
1.621
0.380221
0.174888
0.130046
0.63637
1.65048
0.0831735
1.25652
0.516133
0.466754
0.416767
0.482677
2.2829
1.26862
0.252393
0.213306
1.40791
1.48518
0.516246
0.283075
0.924036
1.286
0.985095
0.599157
1.10652
0.97413
1.58095
0.651964
1.41498
1.25429
0.22209
0.13551
0.790261
0.511783
0.98286
0.324018
0.183335
0.327041
1.87417
1.5828
0.548854
1.30856
2.56575
1.97436
1.10178
0.921264
0.822745
0.931462
0.546589
0.828691
0.628607
1.37616
1.8836
0.191579
1.13604
2.33525
0.669595
0.655365
0.28675
0.312853
0.726538
1.46848
0.637038
3.55686
0.800232
1.09239
0.820063
0.619202
1.00675
1.50839
2.21726
1.3714
0.505242
0.645736
1.77204
0.997566
2.02018
0.984097
1.09977
1.28782
0.390816
1.63503
1.35468
0.248309
1.35505
1.96818
0.659859
1.98301
0.456035
0.490555
0.509833
0.430463
0.791729
0.691276
1.27455
0.385294
1.36567
0.823258
0.634243
0.863525
0.273767
1.42055
2.08001
0.386839
0.375285
0.649564
0.312742
0.47659
0.530636
0.78485
0.100314
0.941458
0.874074
0.561095
0.842021
0.64694
0.17446
1.28194
1.28595
2.52048
0.618404
0.708155
0.849583
1.80701
1.20587
0.179332
3.47764
1.07607
0.698086
0.607483
0.852008
2.3369
1.05791
0.412674
1.03073
0.459146
1.29381
1.50547
0.459656
0.830074
0.746473
0.799278
2.32527
0.0933544
1.36558
1.71608
0.334368
0.503651
0.247023
1.16535
0.307021
0.0800124
0.538103
1.58339
0.495715
0.517635
0.132444
0.939142
1.25933
0.368562
2.50675
2.85858
0.251742
0.434911
1.33381
2.49226
1.44364
1.10373
1.71693
0.337863
0.964422
1.09751
1.59907
0.224316
0.233502
1.75155
1.86383
0.146928
1.42781
1.25329
1.56595
0.38444
1.25205
0.413157
0.464185
1.20861
0.857613
0.736953
0.296096
0.313392
0.10324
0.603052
0.117881
0.689172
0.473538
1.69343
2.78698
1.0615
0.270595
0.495907
0.901637
0.867037
1.36925
0.156863
0.11993
0.620226
0.851528
0.760368
2.14905
0.0667017
0.6181
1.40263
0.244715
0.713056
1.19367
2.5173
1.58814
0.993741
2.00989
1.43935
0.369085
0.700749
0.82981
1.44307
1.05482
0.321869
0.69934
0.972263
0.320078
0.977203
2.44433
0.637731
0.381022
0.97709
0.929953
0.661149
0.163492
3.85992
1.2548
0.680589
0.748518
2.23193
1.59552
1.22194
1.14442
0.781474
3.08371
0.334984
0.403616
0.0794827
1.5779
2.09023
1.17585
1.46024
0.0348995
0.0572358
0.370032
1.27811
0.648492
1.74315
0.24188
0.940992
1.73078
1.80542
0.703187
0.239674
0.284304
1.53506
1.23471
1.27568
1.09214
0.250287
0.603817
1.61104
0.910549
1.23325
1.75681
0.561476
0.921546
1.69179
1.16364
0.660176
0.931224
1.95389
0.999319
0.788923
0.919185
0.463728
2.88456
0.381716
0.487976
1.08234
1.85374
1.03355
0.895036
0.516548
0.231917
0.874899
0.318668
0.0535402
3.80743
0.608739
1.12817
3.31047
0.205349
1.89057
1.69396
1.24863
2.03752
0.185368
0.680701
0.250244
0.853602
1.11244
1.08418
0.529417
2.83689
0.992979
0.587241
0.722625
1.34296
0.638174
1.32906
0.589765
2.06987
1.96466
0.642753
0.307266
1.76798
2.11147
1.65468
1.78969
0.97693
1.26448
0.228373
1.05394
0.997549
0.502035
0.718826
0.0706292
1.49932
0.0454643
3.50627
0.591287
2.57936
0.531117
0.637034
0.221504
0.214303
1.91634
0.629429
0.231339
0.727671
0.289027
2.25885
0.562362
1.78636
0.358603
0.129364
0.201954
0.990205
0.486793
0.561083
0.606082
0.311742
2.31749
0.741622
0.101725
0.187059
1.40677
0.612919
0.201504
1.67629
0.896528
1.52222
0.371521
0.42143
2.00316
0.983834
0.324035
1.20935
0.366385
0.675583
0.258773
2.65757
0.981217
0.419472
1.11237
1.35108
1.09228
0.779655
1.92893
0.59392
1.00336
1.15724
0.442604
1.16409
0.528219
0.833648
1.05045
0.402042
0.382717
1.2891
0.361928
0.233279
0.548826
0.490311
1.34208
0.572354
0.401695
1.18281
1.26956
0.355912
0.286891
1.36029
2.1057
0.38245
0.517676
1.24341
0.301698
1.68339
1.22985
0.279835
2.78708
0.076332
0.578969
0.54896
0.832576
0.221361
0.340452
0.614372
1.09693
0.784912
1.37159
2.55353
0.486476
2.41613
0.402873
0.465972
1.43257
0.484031
0.774842
0.931357
0.44207
0.756468
0.247648
0.483409
0.30576
1.40324
1.69301
0.141829
3.43338
0.628648
1.15437
0.881698
0.288443
0.233629
0.262768
0.419469
1.61799
0.242295
1.16647
1.12532
0.541693
0.271902
2.66257
0.11646
1.79183
0.59259
1.46557
0.541624
2.7947
4.83067
0.953202
1.07628
0.846215
0.734598
1.63625
1.00131
1.19394
0.457846
0.621898
0.133979
0.549997
0.691238
0.783422
0.515259
0.743717
0.877739
1.22624
2.66547
0.144602
0.59846
0.7361
0.190908
1.55828
2.98841
1.62137
2.15187
2.73118
0.201963
0.808852
2.28001
0.778646
1.91675
1.51794
1.31841
0.844069
0.540172
0.159728
1.21686
0.585613
1.30849
0.389834
0.701569
0.33358
0.777325
1.67961
1.84378
0.683423
0.0928568
2.00192
0.157946
0.46901
0.859931
0.238658
0.350581
0.153169
0.141827
0.857702
0.80377
0.273784
0.845553
1.29746
0.91664
0.65591
2.06004
0.97683
1.4383
1.21628
0.487717
1.70863
0.80347
2.00037
2.79708
1.48655
1.24628
0.955816
1.12813
1.04149
0.491648
0.77892
0.650025
0.875132
1.26397
0.275029
0.761521
0.69925
1.22159
0.566156
1.90796
0.896199
0.318627
2.00765
1.45636
1.7986
1.5915
0.68352
0.118883
0.236781
0.41558
1.84352
0.635721
1.04586
2.19387
0.547083
0.389214
0.577994
1.47126
2.04361
0.937077
0.646005
0.322958
1.24297
0.473639
0.784138
1.0373
0.695958
0.81954
0.865656
0.800165
0.798742
0.10507
0.608779
0.694275
2.51623
1.05081
2.40199
1.1966
1.69582
1.58481
3.25381
2.64871
0.728409
0.563776
1.79841
0.742632
0.315657
0.207753
0.449483
1.33767
0.0790586
1.43729
0.109173
0.10184
1.26513
0.992495
0.0469491
0.643461
0.597036
1.42266
1.12286
0.438455
1.48756
0.411005
1.61299
0.0698359
1.30541
1.28217
0.861615
0.204731
1.26824
0.417855
1.16922
0.347158
1.33986
0.873696
0.367422
1.12416
1.40392
1.28695
0.298262
0.556946
1.96261
1.04219
1.43941
0.943714
1.21444
0.401777
0.656022
0.916108
0.893075
0.864475
1.78313
0.143
2.03467
0.171303
1.68839
1.05436
0.485157
1.39492
0.529595
1.36368
0.550966
0.930877
1.14654
1.34229
0.577011
0.363083
1.58177
2.86414
0.922732
0.638184
0.665105
0.541151
1.41413
0.180617
1.53157
1.3128
0.865034
1.52399
0.573598
0.400993
0.683106
0.190526
0.347591
0.554445
0.500583
0.699478
1.87754
1.16121
0.99919
1.11478
0.122087
1.00753
2.65317
1.05366
0.810887
2.11807
1.96069
0.613459
1.26778
0.115013
0.357462
1.10262
1.34514
0.676725
0.295783
0.592467
1.2313
1.07372
0.400422
0.793176
1.16884
1.3033
0.752506
1.06543
0.224437
0.535891
0.568538
1.12948
1.08318
0.0809445
1.68058
2.03952
1.76714
1.29639
2.07063
1.79461
0.594236
2.18239
0.617765
1.73968
0.505015
0.0985987
1.15376
1.56591
0.576739
2.51582
0.221957
0.614187
0.579513
1.49745
1.03109
0.338269
3.25255
1.60031
0.244858
3.59504
0.976914
0.655624
1.76932
0.70282
0.347759
0.820783
2.15005
2.24568
1.09566
1.59221
1.58657
0.707579
2.12898
1.20611
0.778912
0.998329
0.209046
1.87053
0.979925
0.319303
0.856709
0.418484
3.42129
0.600116
1.03924
0.120165
1.59942
0.419959
1.15728
2.04064
0.382551
1.59251
1.01674
1.15099
0.780085
0.33267
0.239837
1.96517
1.22785
1.79357
1.30483
0.806644
1.75525
2.82364
0.846336
2.48768
0.216536
0.217792
0.851457
1.04966
0.821335
1.6728
0.919834
1.43162
0.794282
1.00417
0.928535
0.967189
0.668245
0.795675
0.319543
0.641864
0.300783
1.0878
0.639269
0.548816
1.11791
0.950304
0.963934
1.41733
0.151952
1.28477
4.22175
0.272519
1.48767
1.22725
0.220148
1.73796
0.274184
0.494908
0.797404
1.77179
1.62053
1.58896
0.310682
0.799828
0.953353
0.184212
0.807118
0.732263
1.8003
1.4581
0.90873
2.11237
0.34115
0.160494
0.616254
0.143305
0.140663
0.0995668
1.1192
0.48361
3.06573
0.16862
5.27905
0.708132
0.799137
0.604495
2.65019
1.34503
0.663798
0.765005
1.44538
1.03183
0.420046
1.37802
0.865306
1.14873
1.23288
0.942881
0.63384
0.70425
1.20671
1.01255
0.169859
0.258113
0.125501
1.30287
1.49296
2.44441
1.03026
0.948922
1.25771
0.723129
0.551358
1.60805
1.20566
0.385078
2.41646
1.26205
1.34052
1.24206
1.43088
1.41798
1.40828
0.436435
2.22207
0.148353
0.24654
0.411165
0.267875
1.05909
1.64868
2.05876
0.58827
1.20209
0.327917
0.289976
1.17837
0.241923
0.488745
1.65375
1.12466
0.453187
1.13625
0.883743
1.40318
1.4894
0.95127
0.652826
1.39071
0.0429487
2.90715
3.24696
0.655645
0.0596822
0.66538
0.639087
1.04151
1.34915
0.658788
0.193442
0.437894
0.600158
0.2226
0.550815
1.4812
0.999685
1.29822
0.613433
0.624412
1.09044
1.73916
0.474857
0.329032
1.3965
1.1367
2.86466
0.884374
1.18466
0.88339
1.81055
1.59528
0.127219
1.08273
0.596071
1.39146
0.609743
1.38398
0.509662
0.30212
0.403241
1.38912
0.885313
0.565334
1.16973
1.54205
0.923736
0.206414
0.223998
0.987392
1.56411
0.485366
1.04499
1.21664
0.570237
0.407744
1.00045
0.311658
0.507272
0.138464
1.10007
1.06124
0.769108
1.00659
1.44174
0.90833
1.00417
0.578136
0.349586
1.45012
0.448185
2.25074
2.56698
2.29786
1.78726
1.01066
2.32524
0.847054
0.417823
0.423878
1.45723
0.684039
2.10572
1.90665
1.09012
0.407821
1.07588
0.3584
0.791022
1.43767
0.37768
2.33496
0.0604298
0.0460402
0.560097
2.03461
0.507639
1.49866
0.381718
3.16586
0.646191
2.65794
2.4888
0.880537
1.3258
1.37095
0.326668
2.36164
0.127171
0.678141
3.17661
0.822156
1.01447
0.228228
1.25823
2.09978
1.7373
0.588164
0.29075
1.65906
0.813139
1.02288
1.77179
1.67229
1.45501
0.238502
1.95976
0.965739
1.40198
0.659156
1.96108
1.56567
1.17441
1.43701
0.285989
1.31368
0.495864
0.746732
0.381396
0.869379
5.37821
0.279075
0.581851
1.27454
3.38675
1.56104
1.49466
1.04855
0.818055
1.32318
0.904465
1.6226
1.62012
0.660513
0.221941
1.3138
0.34883
0.768438
0.728165
0.59468
0.343209
2.85406
1.26222
0.795403
0.261453
0.438188
0.569182
0.55383
0.33801
0.798593
1.2219
1.05918
0.807953
0.498833
2.26814
0.564691
1.35742
1.71333
0.246283
0.537974
0.398652
0.190353
1.52276
1.54107
2.64545
0.434693
1.4896
0.841543
1.8032
0.738611
1.84461
0.240284
1.26344
0.888275
0.452511
1.47265
1.56895
1.03869
1.85737
2.57467
0.0341251
2.03834
0.33725
0.800989
0.398373
0.468042
1.69161
1.53669
0.455972
1.07896
0.80511
0.570581
0.528712
0.433251
0.132891
0.424287
2.5287
0.792716
0.408311
0.255124
1.56505
0.310056
2.25624
0.563694
0.547067
1.49181
0.992873
0.232738
0.487814
0.151685
1.2023
0.17215
0.130574
0.184572
0.958985
0.645894
0.332166
1.01633
0.454525
0.568373
0.574734
1.14976
0.74824
0.387553
2.59496
1.18989
0.445286
0.230215
1.51063
0.983665
0.358757
1.40739
0.14268
1.05052
1.20006
1.02692
0.992955
2.69257
1.72078
1.1413
2.25025
0.131068
0.508963
0.2434
1.8326
0.641349
1.25235
1.23266
0.383224
1.29951
0.623931
2.09884
0.899033
0.449646
1.03694
1.28463
2.25921
0.8873
2.34764
0.310661
2.18275
1.0653
1.11051
1.88073
0.476932
1.22574
0.276464
1.31088
0.981943
0.726743
2.26856
1.18795
0.0144828
1.55313
0.861
1.17225
1.44385
0.277339
1.00672
1.44355
0.536973
0.99663
0.291361
0.78299
0.349832
0.890924
1.85545
0.502633
0.578763
1.45741
0.587231
0.738727
0.885927
1.1669
0.201682
0.893442
1.4225
0.288321
0.82576
0.192212
1.01167
0.427571
1.03348
1.01107
0.4411
0.533465
0.549048
0.0625653
1.58077
0.561189
1.58221
0.209751
1.00357
1.82228
0.323309
1.23184
0.287015
0.469858
1.14941
0.766995
0.56821
0.556972
2.89328
1.06012
0.53584
1.09244
0.948157
1.39021
1.37757
0.480346
0.902922
0.104231
0.343169
1.82024
0.530649
0.752111
0.553312
0.405875
0.471835
0.589106
2.01513
0.957305
0.326051
0.0425901
1.08881
3.32419
3.20732
0.142935
0.668838
0.632929
0.650862
0.106724
0.178461
0.208972
0.269602
0.755339
0.239977
1.40879
1.13853
0.581632
0.784647
0.515124
0.737181
1.10262
0.240937
0.934949
3.02001
1.07315
1.60328
0.432079
1.0685
0.336887
1.68946
0.324741
0.605942
1.47906
1.92182
2.03215
0.323671
0.929907
1.88617
0.662737
1.47019
0.942992
1.69555
2.89341
1.82389
0.116008
0.20959
0.832576
1.73395
2.05452
0.617251
2.24954
0.414633
1.00613
0.261092
0.0760953
0.780738
0.529317
0.356189
0.590622
1.30996
2.3381
0.895239
0.939381
2.24356
0.57981
0.474837
1.03224
1.55506
0.318402
0.295483
0.468923
1.37025
0.30503
1.77826
1.61602
0.907314
2.22134
0.368749
0.148012
0.959388
0.390127
1.27855
3.92066
1.72955
0.577254
1.19511
1.01859
1.72653
0.731115
1.04851
0.768932
1.10291
1.60358
0.872322
0.25073
0.710937
0.367506
1.49947
1.19456
0.582282
0.853887
1.9217
0.175116
0.912782
0.629351
1.19934
0.331676
0.927453
0.614328
1.56583
1.41363
1.52779
0.974579
0.614542
0.539121
1.11049
0.496865
0.334381
0.268268
0.514793
1.31231
0.714986
0.454129
1.15187
1.39298
1.15159
0.640618
0.306049
1.2067
1.05522
0.192574
1.13777
1.27717
1.07853
0.764344
1.03665
0.288268
0.837304
0.442448
0.448376
0.790113
0.232628
2.50931
1.15891
0.207394
0.306752
2.23464
0.465339
0.51314
0.774547
1.54838
0.734078
0.713029
1.49243
0.857606
2.84071
1.74051
0.820387
0.43736
1.11786
0.395407
1.13323
1.61351
0.762864
1.14112
0.342106
0.545305
1.32526
0.791115
0.881473
0.459338
2.13531
0.644701
0.198016
2.18109
0.891889
2.06218
2.31649
1.5424
1.66043
0.974796
1.0665
0.912847
1.11729
0.248329
0.0941849
0.402182
2.74897
1.35474
0.568001
0.984486
1.05409
0.220527
0.778405
0.248798
2.57044
0.378683
1.02702
0.0829092
1.20725
2.69293
1.1542
1.4277
0.0661901
0.755065
0.355051
0.308872
0.591803
1.35128
0.685245
0.818336
1.16253
1.57753
1.41409
1.01507
0.89124
0.625184
0.208606
2.1789
1.00542
0.29904
0.908462
0.437095
0.357433
2.0877
2.23468
0.50644
1.88613
0.690207
0.88908
1.18522
0.815087
0.535025
1.03722
0.567327
1.23209
2.37708
0.269686
0.541566
0.415703
1.85057
1.43272
0.834355
0.406789
1.75736
1.25167
1.4634
1.54831
0.0689823
0.570001
0.866211
3.37908
1.0582
0.875266
1.26969
0.841633
0.336084
3.21409
1.32787
1.96091
2.00399
0.866084
0.747962
0.642893
1.10617
1.68451
2.02505
0.817374
0.658741
0.882781
1.29445
1.27896
0.73447
1.47336
0.646829
0.875586
0.332777
0.679292
0.0974839
3.33754
1.91684
1.34459
0.891045
0.877416
0.437403
0.939254
0.662617
0.181021
1.07952
0.629141
1.28785
1.97909
1.0316
0.764186
1.74743
0.361294
0.687522
0.961525
0.824114
1.19734
0.976937
0.623001
0.763442
0.134235
0.821686
0.758087
0.551241
1.27638
2.26456
0.439681
1.18731
1.83638
1.92472
1.94161
1.01697
2.17466
2.11827
1.04154
1.70771
1.04461
1.30458
1.09953
1.35773
1.1113
0.439198
1.56418
0.037129
1.02016
0.819349
0.825987
0.546425
0.736372
1.30216
0.844608
0.448989
0.213243
0.329471
1.12338
0.893456
2.33965
1.08017
1.11147
0.355812
2.92755
0.856762
1.01531
2.71157
0.600218
1.9808
0.741968
0.387924
1.15864
0.117386
1.29399
0.367581
0.618545
2.07648
1.03614
1.81975
0.472133
1.1909
0.658389
1.63372
1.15635
0.241397
2.19185
1.35171
0.676097
0.153903
2.33198
2.63829
0.220776
1.32842
1.80689
0.341227
1.31576
1.46114
1.3374
1.39855
0.578176
0.714902
1.20223
1.35899
0.0481847
0.278816
0.609572
0.198159
0.606604
1.16547
1.65081
0.498905
0.826834
1.15293
2.54042
0.111201
1.16529
0.342221
0.95016
1.01981
0.59545
0.388417
1.00079
1.03973
0.466949
0.720711
0.643504
1.53969
0.314124
1.26604
0.861146
0.160999
0.32109
0.187626
1.38891
1.36907
0.888918
0.0809091
2.44107
0.872352
0.72415
0.453057
0.333404
1.42924
1.818
0.635586
0.238324
2.95054
1.29141
1.21281
1.39333
0.71452
0.766218
1.22179
0.483221
1.91156
1.19639
1.85707
2.17533
0.404653
0.425152
0.121175
1.01352
0.733929
1.99848
1.12397
0.696571
0.780464
1.62511
2.13124
0.542775
0.516173
0.9213
1.11097
1.96989
1.14985
0.669755
1.82419
0.426274
1.07892
0.999382
0.258139
0.374947
0.728803
1.34496
1.6528
2.24738
1.23332
0.556717
1.84379
0.0284781
1.29029
0.764135
1.21455
0.19982
1.4183
0.356189
0.253412
0.343378
2.02566
0.298217
1.42957
0.46223
1.16391
2.20148
1.66038
2.34164
1.24987
0.959141
1.34995
0.748683
1.86651
0.496972
0.357113
0.958598
2.03274
1.03759
0.990692
0.245184
1.12044
0.827882
0.244014
0.677837
0.484514
1.04871
1.23233
0.605205
0.27082
0.313577
0.768918
0.503889
0.426832
0.460014
1.30659
0.791449
0.156823
1.57013
3.21688
0.673199
2.26456
0.571642
0.252132
0.959794
1.67043
1.67223
0.828759
1.03863
1.2884
0.374746
0.901477
1.65744
0.389486
4.47983
1.07541
0.681532
2.06814
2.04104
0.600011
1.71855
0.336158
0.938625
0.934615
1.23263
1.80269
0.79412
0.314786
2.21701
0.245002
0.975193
0.418479
1.93436
0.890117
0.59214
2.06981
1.16683
1.91689
1.98701
4.07079
1.19135
0.785724
1.4301
1.79385
1.82446
0.0951446
0.772364
0.637711
0.187945
0.734747
0.25403
2.06565
1.57124
0.417141
0.746683
1.27235
0.910776
0.755792
0.93242
1.54232
0.689648
1.36721
1.54978
1.02818
1.43359
0.296071
0.7861
0.314104
0.974731
0.271117
0.100618
1.34553
1.58753
0.807775
1.33581
1.60541
1.55356
0.719498
1.00532
1.01153
1.06788
1.06918
0.5309
1.03064
1.60108
1.40833
0.57712
0.203528
1.76763
0.464446
1.20323
1.41957
1.92683
0.573139
0.581946
0.482535
0.285109
1.6559
0.160004
0.366374
0.432354
0.323291
2.37167
0.456583
1.90303
0.702093
3.19288
0.366479
2.02067
1.09117
1.08074
1.4092
1.39552
1.63076
0.266678
1.57749
0.682724
1.37001
0.14985
0.980816
0.0725166
0.546031
0.655302
0.772456
1.63098
0.408658
0.532272
1.20902
0.209318
2.69526
1.31236
0.801434
1.13063
2.21854
2.41823
1.18421
0.643434
0.675348
0.574369
0.648792
0.951091
0.66131
0.913075
1.36706
0.0797148
0.34696
1.66438
0.312985
0.740725
1.55261
1.401
0.548594
1.15081
0.946178
0.826244
1.82605
1.27783
0.571306
1.00682
1.48042
1.24846
0.421962
1.63397
0.596335
1.23418
0.753024
0.759437
3.89741
0.387949
0.903645
0.361564
1.81189
0.871183
1.80934
0.105201
0.512742
0.866483
0.6883
1.90345
1.55343
0.292665
0.535222
1.0274
1.76643
1.03666
0.698533
0.750409
1.84646
0.513708
0.549269
2.66239
1.02162
0.235847
0.78245
0.166837
0.569229
0.96731
2.41807
1.24227
0.810344
1.86363
0.8653
0.998759
0.446099
0.8596
1.63427
2.00004
1.63027
0.473038
1.53066
1.73316
2.30354
2.4886
0.583371
1.03694
2.09218
1.38327
0.291257
0.857531
1.13358
0.831619
1.55165
0.753576
0.473956
0.969852
0.661313
0.560708
1.86441
0.673988
1.20881
0.7867
0.832096
1.28981
1.08956
1.36308
0.387387
0.560243
0.844358
0.591819
0.405502
1.29603
0.128272
1.03897
1.44937
2.20758
1.04274
1.04368
0.93866
0.655761
0.110985
1.7415
0.300682
2.01761
0.414741
1.26516
0.27968
0.796904
1.37956
1.06291
0.782273
1.62295
0.401901
1.70837
0.873744
0.978028
1.04162
1.13486
0.671856
3.06168
0.254179
0.259335
4.02246
1.05526
2.3401
0.9982
0.204919
1.18502
1.2999
0.212873
0.522294
0.629948
1.04347
0.0863147
0.503168
0.147523
2.2293
0.884425
0.208765
0.806578
1.12952
0.668412
0.971702
1.37928
0.662869
0.617005
0.948547
0.161047
0.816032
2.22596
0.411771
0.160213
1.72913
0.530882
1.26547
1.21972
1.34216
2.21552
0.884512
0.273722
1.89275
0.471204
1.70349
0.557332
1.23797
0.182565
0.472974
0.188767
1.89883
0.91076
1.26569
1.09035
1.2657
0.449466
1.21628
0.251966
2.4799
0.284311
0.574967
1.28863
0.778091
0.264509
0.473666
0.289371
1.9739
0.366491
0.922356
0.902986
1.34965
0.959016
0.414864
0.821358
0.520555
0.887047
1.03496
1.00684
0.608363
1.08097
2.06712
2.48498
0.706383
1.09254
1.12069
1.14937
0.373356
0.591872
0.31193
0.254338
0.310911
0.686614
2.06161
0.120618
0.731299
0.975033
0.277771
2.60131
1.34474
1.58357
0.367373
1.75535
1.57042
0.282791
1.80225
0.406167
2.22906
0.707257
0.746271
1.15698
1.23843
0.0456383
1.50671
1.8231
0.913698
0.71549
1.24772
0.240834
0.924322
1.27578
0.750327
1.59893
0.932285
1.6224
0.1835
1.03302
0.191479
1.17587
1.41636
0.921385
1.32548
0.209476
0.122435
2.70487
0.34035
1.16909
0.944652
0.525172
1.35498
2.3882
2.02472
2.75747
1.07459
2.22521
0.742427
0.644609
0.203563
0.276876
0.523297
0.501898
0.615544
1.13556
0.592837
0.497485
0.997832
2.29697
1.20759
0.295497
1.75248
1.81927
0.669005
1.85679
1.65667
0.620318
1.0945
0.669748
0.805081
0.263357
2.71126
0.448981
0.893305
1.15951
2.03545
1.125
0.226651
0.988298
0.10041
1.40442
3.71414
1.21807
3.30208
1.86898
0.423949
0.484486
1.04284
0.802273
0.269366
1.52561
1.4449
1.18388
0.721725
1.36851
0.668063
1.30432
0.739967
0.85489
0.455292
0.374367
2.40511
0.444258
2.7531
1.28299
1.06338
0.581097
2.64621
1.91433
1.82185
0.666066
0.796179
0.539408
1.39025
0.882303
1.14784
0.0615162
1.12224
0.976326
0.725809
1.17813
0.412483
1.65383
1.19665
1.38948
1.14685
0.29153
0.537553
0.72738
0.971619
2.3797
0.482362
1.04055
0.546294
2.68696
1.813
1.63216
1.19858
1.80003
0.00481289
0.745574
0.756723
1.28395
0.433842
1.7133
0.772752
1.43204
1.09733
1.48046
0.803152
0.367769
0.835299
0.579751
1.28115
0.56764
0.908607
0.565093
1.28923
3.96077
1.36853
0.303361
1.53883
0.823743
0.842246
1.01363
0.905483
2.25429
1.01385
0.544369
0.368468
1.68426
1.32018
1.34298
0.865756
1.4
2.16763
1.65561
1.01502
0.577051
0.243391
0.777265
1.32847
1.83678
1.14282
1.15651
2.31919
1.42105
1.27311
1.36858
0.811993
0.737775
2.24715
0.45014
1.55959
1.72629
1.19926
1.28797
0.587204
0.76883
0.0675333
1.39031
0.143652
0.323945
0.516165
0.375449
0.128944
1.23555
1.04543
1.28019
1.33976
1.85368
3.78046
0.743433
0.724807
2.9075
3.00644
1.5003
2.20684
0.534588
0.336591
0.462419
2.19914
1.38652
0.461413
1.12667
1.28946
0.489231
0.262935
1.00607
0.841165
0.511663
1.54975
0.691196
0.929039
0.66965
0.0595428
0.33859
0.394311
0.444425
0.719704
1.71771
1.78344
1.96162
0.689871
1.59215
1.0547
1.15253
2.19533
1.7113
0.928585
0.897158
1.50734
1.00399
0.421399
1.25405
0.860403
0.410644
1.07963
1.81689
1.92905
1.79577
0.563251
2.23022
1.10618
0.674161
1.62903
0.451121
0.525533
0.523567
0.502116
1.4969
1.19536
0.563962
1.61789
0.781241
1.55776
0.158946
0.901816
0.516936
0.8601
1.20352
0.453176
0.0863212
0.727489
0.301688
2.18126
0.151173
0.794193
1.15948
0.512208
0.647193
3.43929
1.92708
3.09967
3.3727
1.17403
1.05383
4.31236
0.876708
0.128496
1.57188
1.99514
0.3165
1.57496
0.62491
0.23761
0.248894
0.453922
1.57227
0.734884
0.5567
0.462756
0.557811
1.22076
1.15124
1.70889
1.65541
1.19606
0.996561
0.693049
0.593441
0.335308
0.68842
0.552887
0.719696
2.00658
0.277237
0.992422
1.06852
2.01716
2.14268
1.03699
0.587495
0.324117
2.10892
1.47006
1.20127
1.50695
1.47728
1.22311
1.25268
1.8248
0.608679
1.22528
0.525258
0.719594
0.57851
0.377414
1.45917
0.407799
0.617854
1.80273
0.0720516
0.703465
1.59943
0.715573
0.144949
1.94689
1.96621
2.12483
0.488466
1.15276
0.198694
1.5648
1.28787
1.77004
2.30742
2.1915
0.562123
2.5233
1.46707
1.04054
0.607257
0.808186
1.00159
1.40783
1.549
0.232367
0.729626
2.16984
0.520315
0.74961
0.440712
1.63239
0.432648
0.862313
0.0529453
0.0971096
1.70734
0.702795
0.193913
1.21245
0.198507
0.489669
1.0071
1.55963
0.901023
0.983168
0.314405
1.4141
1.28519
1.38005
0.432725
1.32806
1.30816
0.364902
1.77867
0.257593
3.21262
2.07043
0.611867
1.54362
1.04707
0.533786
0.477965
0.609322
1.63047
1.29668
2.21703
2.01681
3.11199
0.192542
1.34353
0.256362
0.622434
0.388691
0.984428
0.626953
0.43623
0.382386
1.82048
0.630133
1.16909
0.616439
0.619385
0.591196
1.36328
0.732096
0.23124
1.09916
0.882017
0.667158
0.509329
0.489562
0.939651
1.42633
0.464229
3.09391
1.34295
1.24829
0.781435
0.442673
1.42397
1.28941
1.05975
1.17806
1.17544
1.27726
0.716558
0.642011
0.618969
0.370409
1.06895
0.564946
0.264188
0.725911
0.439238
0.351343
2.8701
0.792145
0.443741
0.455235
0.471482
1.10435
0.351057
0.358257
0.22575
1.0023
0.324596
1.82883
0.717988
1.28286
0.303214
1.36398
1.82141
1.12913
1.1076
1.15993
0.553753
0.485746
0.156892
1.35031
0.248245
2.15914
1.33335
1.46523
1.55346
1.23504
0.625447
1.88621
0.839884
3.79371
0.463468
0.283256
0.971253
0.80952
0.258095
0.271776
0.176449
0.399114
0.167012
1.57581
1.66764
0.142891
0.991103
2.81936
0.29375
1.90186
1.12275
0.842977
0.821059
1.30968
2.79191
2.17722
1.28065
0.739276
0.842395
0.904073
0.422314
1.67599
0.440665
0.531812
0.948027
0.64167
0.577657
0.87656
1.40551
0.647121
1.65232
0.76517
0.293472
0.319617
1.01618
0.946152
3.34823
0.64697
0.304291
0.38648
1.21598
0.509059
1.01537
1.38762
0.782213
0.930283
0.954191
0.2298
0.677258
0.350229
0.421169
1.51413
1.00468
0.470396
3.45125
0.24657
1.42414
0.251072
1.47081
1.21305
2.58242
1.983
0.386908
0.747301
0.590813
1.54482
0.947281
1.00069
0.883944
1.27247
0.627294
0.370418
0.451147
0.515259
2.85593
2.59862
0.573791
1.60373
1.22145
0.156573
2.18974
0.774719
2.66866
0.571973
0.540684
0.476784
1.39363
0.278218
0.281705
0.731413
1.84108
1.27352
0.35994
1.58121
0.692392
1.1321
2.20639
0.800059
0.421288
0.156289
0.303767
1.62834
0.146251
1.4663
0.334075
1.38341
0.506251
2.278
0.0678639
2.40737
1.02389
0.590636
0.646208
0.270501
1.67253
2.17448
1.85736
1.1726
1.0247
0.33504
0.255738
0.327016
2.20493
2.3406
3.51412
1.58952
0.685805
0.693936
0.958713
0.757305
0.200762
0.767659
0.913429
0.32232
0.352117
0.114086
0.278745
2.69568
2.14166
0.589204
0.72902
0.370632
0.750442
1.60483
0.390343
0.393419
0.297725
1.57782
0.746667
1.22723
0.042432
1.74425
1.00603
1.98649
0.975798
0.647611
1.63295
1.24279
1.03922
0.276788
0.764899
0.0603135
2.66706
0.161538
1.03027
0.666211
1.74329
0.224916
0.600604
0.649455
0.973801
1.48086
3.89059
0.349686
1.89114
0.54773
0.541076
0.470644
0.882121
0.539793
1.04423
2.13538
7.38637
0.655925
0.779311
1.56529
1.52076
0.400514
0.365279
0.629805
0.310763
2.14713
0.964924
4.05016
0.181457
0.527356
3.54244
1.3831
0.356983
1.0534
1.26463
0.214141
0.77309
1.54192
1.0169
0.699332
0.552284
0.894637
0.446175
0.654596
0.185964
0.269942
1.13427
0.421378
2.09205
0.852664
0.594849
0.96065
0.848848
0.695354
1.17985
0.262086
0.319866
0.419434
0.162647
0.469523
0.40133
1.49831
1.00797
0.605494
1.07606
0.774214
0.730769
0.63983
0.623026
0.319331
1.56469
0.246067
0.505438
0.634343
2.38487
1.57259
0.839972
1.68303
4.09961
0.846644
0.874227
1.80695
0.852912
1.58565
0.710566
0.997435
0.405235
0.475315
0.232697
1.6557
1.20277
0.142852
1.39291
0.357044
0.737954
0.0997166
0.3257
0.55771
0.292722
0.968482
0.108497
2.06399
0.442147
1.14051
1.49811
1.24259
1.17848
0.426653
0.58399
2.85149
0.976963
1.75926
0.636917
1.22947
0.432948
4.6656
0.715788
1.91281
0.134596
0.581966
1.6543
3.99526
1.26412
2.14316
1.36458
0.420294
0.387649
0.0659036
1.41882
1.14784
1.16515
0.906356
1.28528
0.197552
0.338571
1.36393
1.30881
0.484885
0.187779
0.313812
1.31231
0.891
1.05119
0.20852
3.91684
0.590661
1.39313
0.438044
0.427848
1.45549
1.38694
0.657309
0.694616
1.10227
1.17324
1.01386
0.132462
0.793449
0.126533
0.625256
0.574493
2.51044
0.894699
0.656694
0.284788
0.419234
0.669913
0.311798
1.42575
0.250501
0.0681343
0.129771
0.664653
0.413138
2.51478
0.641058
3.64031
0.803945
1.01842
0.565326
0.25813
0.941387
1.0453
0.717548
0.738401
0.347879
0.421293
0.203087
0.562916
3.45775
0.535905
0.819258
0.999207
0.173769
0.446544
1.27476
0.647555
0.206081
0.253198
0.830928
0.705501
1.52298
0.937539
1.69601
1.138
1.6642
2.35317
0.485858
0.257361
1.39148
0.853227
0.807616
0.570623
2.09406
0.458682
1.22797
1.30335
0.698745
0.126947
0.613443
1.97468
2.45011
1.15633
0.277767
1.23582
1.04802
0.0615923
0.970211
0.944611
1.77657
1.13066
1.16232
0.995445
0.203784
1.87934
1.23825
0.562511
2.0624
0.840406
0.22438
3.56181
1.56151
1.72439
0.523043
0.43542
0.454779
0.164076
0.246813
0.635189
0.800718
1.91325
0.369275
1.27438
0.364513
1.69199
1.72129
1.19346
1.32498
1.03343
0.92349
0.650901
2.53062
2.25963
0.8716
0.510162
0.150277
1.99638
0.566908
1.04637
2.12163
2.20157
0.540553
0.813797
1.98133
0.545553
0.949336
1.35348
1.71591
0.0964276
1.97811
1.54769
0.355202
0.840164
1.08513
0.524059
0.763276
3.09034
2.68694
1.39514
1.42469
0.674975
0.175998
1.0276
1.67934
0.0836594
0.934169
0.37995
0.924687
2.47239
0.577139
1.08198
3.53546
0.812442
0.19365
2.33892
0.469345
1.56514
2.76583
0.112798
0.702224
0.567243
1.92069
1.25638
0.686702
0.247204
0.958187
0.563175
0.708163
0.190963
0.677944
1.84024
0.698652
1.21628
0.940222
1.24945
2.17299
0.532944
0.0332627
0.925906
0.331181
1.00916
0.510755
2.07736
1.48924
0.703882
0.611652
1.03222
1.26907
3.02622
1.53755
1.31435
0.487492
1.91473
0.263924
0.491985
0.151352
0.266312
0.666881
1.37578
1.64915
0.724337
2.36376
2.04926
2.85689
0.286249
0.713657
1.08358
1.26432
0.483607
0.219136
0.0504331
0.515559
0.489651
1.90226
1.10951
1.7744
0.1295
0.206213
1.28304
0.205224
0.395244
0.144869
0.260464
1.22451
1.32887
0.574608
1.84048
1.32458
0.729644
2.08387
1.17839
0.0195659
0.414388
1.90829
0.591293
0.717627
0.866042
1.00114
0.822098
0.988446
1.37961
0.331934
0.724412
1.80665
1.28586
1.49307
0.555043
1.80129
0.477201
0.61815
0.468861
0.3788
1.12069
0.700623
1.02663
2.49898
0.373745
0.399974
0.507243
1.22383
0.418046
0.61911
0.724558
2.35812
0.330969
1.63353
0.940076
0.676721
1.17862
0.794564
0.414964
0.551064
0.369757
0.665215
0.544092
0.231919
1.41068
0.49028
1.83568
0.356287
1.91583
1.46286
1.87579
2.76963
0.746201
0.781747
1.39037
0.854851
1.59373
0.129903
0.625109
1.1671
0.508079
0.633254
0.501083
0.819564
1.27551
0.930756
0.446979
0.900949
0.263264
0.195023
1.09914
0.555307
2.6556
1.20229
0.68752
0.157903
0.420141
0.622109
0.77254
0.875149
1.45206
0.740988
0.409791
0.754397
0.564665
1.51019
2.35032
0.772646
0.626145
0.541938
0.544678
0.883364
1.71067
0.25948
0.391903
1.37928
0.594691
1.31929
1.25724
1.68188
0.291572
0.803646
0.525199
0.0658137
0.832129
3.67342
0.357437
0.527409
1.90795
0.610801
1.48758
0.309314
1.13153
0.510631
1.61197
1.94838
0.845638
0.788504
2.39003
0.770758
0.285593
0.326307
0.349443
1.14626
1.15831
1.87327
0.799258
0.644939
0.373307
0.12853
0.386204
1.3593
1.50344
0.332654
1.02227
0.529734
0.162816
2.12911
0.816073
1.11698
0.497598
0.167283
0.503364
0.782955
1.09995
1.00508
3.10735
0.798253
1.03174
0.692003
0.953345
1.68348
1.60988
2.63157
1.01392
0.761962
0.459745
0.740513
1.8932
0.944885
2.14276
0.473014
1.91414
0.85289
0.317957
1.15788
1.80403
0.28296
1.41206
0.7797
0.885519
0.545387
0.692214
0.77799
0.672291
0.437174
2.32279
1.29034
0.195455
0.824591
0.831791
0.892046
1.4816
0.659589
2.21134
0.597451
1.34753
0.508019
0.967452
0.287234
0.0928909
1.0606
0.946952
0.8334
1.58306
0.330613
0.726099
0.413888
0.573644
2.03851
0.364598
0.806763
1.7276
0.594155
1.17975
0.931536
1.22361
0.39075
1.57373
0.276421
0.309581
1.1575
1.22548
0.343201
1.34912
1.15438
0.899859
0.309241
0.293707
0.444715
1.45985
1.15602
0.283067
0.768332
1.12679
4.05028
0.963323
0.18848
0.35649
1.75167
1.21689
0.259309
0.180614
0.738356
2.04692
1.03002
0.236035
0.231297
0.395243
0.03278
0.452988
0.826946
0.463134
0.13574
0.93762
2.42763
2.17357
0.364701
0.423082
0.296716
0.609915
0.628505
0.875393
0.249603
1.74346
1.49009
2.03483
0.664482
1.11149
1.33939
0.707414
0.812277
0.463561
3.32168
0.1245
0.20786
0.255047
0.948691
0.426081
0.60593
0.658807
0.450182
0.844741
1.581
1.0066
2.12309
0.241065
0.922225
0.679189
1.17138
1.0953
0.409335
1.6422
1.60038
0.209745
1.07135
0.794908
1.16581
0.027771
1.5555
0.317233
0.659509
0.205465
0.362312
0.826168
2.72945
1.56552
0.384947
0.774978
0.292054
2.32277
0.296472
0.575898
0.498133
4.09866
0.423231
3.66945
0.217855
0.385566
0.411791
0.337487
2.57504
0.241215
0.195337
0.472125
0.471658
2.03756
1.69774
0.59363
0.758225
0.453852
2.10128
0.794457
0.444553
2.85927
0.792931
3.13861
0.694544
0.623876
1.4922
0.420741
4.75923
0.599032
0.848344
2.1305
1.16629
0.819414
2.15577
0.160192
1.39813
1.62702
1.15882
0.50513
0.153018
1.03907
0.589509
1.05605
0.826057
2.16068
0.125652
1.73989
0.278214
1.12737
0.804466
0.682985
0.654465
0.765054
0.533483
0.279355
1.56543
0.276648
1.10947
0.770943
1.46203
0.384622
3.34967
0.562435
1.12693
0.585872
0.370445
1.60339
1.59765
1.47711
0.536831
0.400854
1.71998
0.103707
0.0920105
0.873234
1.45865
0.268062
0.500646
0.342071
0.599685
0.749357
0.450892
0.755247
1.60647
1.15027
3.04183
1.16594
0.593408
0.752574
2.86284
0.911394
1.80831
0.677354
0.264329
1.44042
1.88391
1.30415
0.717896
0.688907
0.630699
1.46804
0.999417
0.7268
0.183475
1.69321
0.178869
0.802712
1.42744
0.053533
1.35444
0.401024
0.136807
0.826773
0.679922
0.287969
0.548748
0.111646
0.665118
0.418058
1.54046
0.466563
0.789337
0.337525
0.720329
1.73516
0.833119
0.495614
1.6381
1.26441
0.52258
1.05882
1.34875
1.07012
0.687323
1.57148
1.47148
2.18283
0.676045
0.211881
0.929417
0.717038
0.291477
0.951302
0.631237
0.708404
0.253176
1.91351
1.26367
0.657765
1.56618
0.399362
0.703096
2.29197
1.51226
0.683901
0.420796
0.799021
1.05068
0.754548
0.194725
1.1645
1.70023
0.27338
0.379338
0.694075
0.434089
0.376987
2.22121
0.198288
2.89061
1.38476
1.29823
0.322638
0.435855
0.15914
1.83547
1.36322
1.63307
0.930064
1.01375
1.40158
0.232626
0.862569
0.627979
0.469815
1.63672
1.56814
1.90814
0.731658
1.19052
1.09716
0.301863
1.77272
0.516627
1.09462
0.934937
2.19931
1.12966
0.50791
2.45459
1.05564
0.505935
1.19014
2.26535
2.4248
0.831185
0.268253
0.668243
0.270074
0.396215
0.496231
1.22594
0.452464
0.961277
1.35481
0.802845
1.20874
0.751668
2.33285
1.55228
0.98581
2.06347
1.94443
0.921844
0.800393
0.356999
0.820418
0.772888
0.182255
3.15669
1.32726
1.25553
0.126808
2.12421
2.44534
0.161875
1.70353
1.01296
1.26499
1.29007
1.75396
0.846973
0.733785
0.963825
0.953201
0.611236
0.27435
0.912618
1.71612
0.723543
1.28576
0.121144
1.89237
3.2695
0.79832
0.374243
0.510598
0.881606
1.34551
0.745672
0.27161
0.872706
0.224523
1.10398
0.318661
1.78002
1.84843
0.202986
0.814918
1.83043
0.332714
1.50917
0.702545
1.08022
0.483107
0.562842
0.749369
1.82493
0.170124
0.68645
0.810108
0.483663
2.6285
0.383606
0.683506
0.639668
0.729193
0.903948
0.318877
3.11871
0.937671
1.37684
0.544418
0.548644
1.24088
0.294502
0.0701283
0.84999
1.95649
1.50225
1.15264
1.89963
0.188312
0.822106
0.956624
0.536307
2.26713
1.40402
1.03534
0.258666
1.55755
1.69044
0.670849
1.29612
0.833624
0.175767
0.795106
0.654326
0.144369
0.0965422
0.317112
0.249614
0.490343
0.745283
0.157386
1.83318
0.469888
0.552327
0.695372
0.67271
1.00089
0.230417
0.130705
0.958905
0.940882
1.02576
2.71215
0.765032
1.35194
0.0986769
2.61685
0.968093
0.634366
0.620413
1.09876
0.610237
0.745966
0.205429
0.758174
0.301665
1.73782
0.999598
0.121792
0.369819
0.341119
1.57963
1.64907
1.69202
0.0244389
0.712624
2.28986
1.53617
0.792628
0.681
0.48231
1.22257
2.00581
0.500415
1.03798
1.51178
0.868632
0.441767
2.69118
2.87371
0.74044
0.713272
0.801725
1.24567
1.03769
0.584837
1.5523
0.690168
0.49795
1.12938
0.0985551
0.952609
0.783085
2.31975
0.440927
1.10759
0.90145
0.699161
3.69962
0.55936
0.416898
0.140557
1.5974
0.711931
0.534674
1.80958
0.287988
0.452781
0.338943
0.662561
0.760619
0.40673
0.995365
1.65551
1.15527
0.450836
0.678724
2.18282
0.478523
1.98355
0.705487
2.18947
0.804506
2.05709
0.194789
1.49873
1.73759
2.37692
0.200196
3.47979
0.693744
0.509119
1.43376
0.329474
0.830739
0.518173
0.126793
0.275503
2.14056
1.08022
1.64923
0.535349
1.17975
0.703351
0.478222
1.57263
0.49032
1.5496
0.772549
0.732434
1.72106
1.06719
0.336808
0.430572
0.136218
0.825691
0.589756
0.738275
2.39499
0.401684
1.85214
0.853744
0.120416
0.946239
1.55892
0.386332
1.34615
1.09096
0.767349
0.920701
1.31496
1.10825
0.722318
0.943177
1.34086
1.93215
2.26701
0.487447
0.67455
0.643674
0.473338
2.19002
0.275692
2.09384
0.427828
0.400729
0.201854
0.427849
1.12444
1.30778
1.35171
0.830014
1.12492
0.326243
0.483249
1.91771
0.238409
0.439067
1.31887
1.13002
0.113068
1.53672
0.64512
0.906831
0.71052
0.768349
0.218357
0.220886
1.51764
1.63259
1.09771
1.20686
0.531868
2.47004
0.366254
2.54745
0.396295
0.906417
0.434307
0.904809
1.43168
0.188436
1.22735
1.67467
1.60021
0.0444631
0.858796
2.16416
0.538247
1.23417
0.978394
0.548903
1.49614
0.377475
1.67896
0.435102
0.725661
1.92036
1.96214
2.05854
1.83071
0.75551
1.77631
1.02118
0.4096
1.24219
0.181928
1.04031
0.428362
2.30856
2.0161
0.883795
1.95547
0.584731
0.499882
0.524721
0.411758
1.0491
0.592175
0.204161
1.14697
1.33011
0.713422
0.311943
1.75456
2.05349
0.699868
0.928741
0.922478
1.31256
0.533517
0.886838
1.34837
1.25272
0.637504
1.11834
0.207218
0.711382
0.743101
1.10967
1.13098
0.558644
0.966652
0.452546
1.23605
1.2305
0.822309
0.672671
1.13929
0.830453
0.228478
0.0228568
0.722647
0.885364
1.22316
1.54616
0.332322
1.89227
0.245958
3.23178
0.116107
1.33366
0.214487
0.619989
0.522196
0.154641
1.7027
0.694009
0.39984
0.441285
1.01849
0.229441
0.573189
1.15616
0.375933
3.63208
2.24583
1.40793
1.01472
0.22784
0.779836
1.33006
0.589673
0.434635
0.546208
0.353929
0.740256
0.675119
1.04997
0.918978
0.95539
0.397862
0.839261
1.24509
1.38084
0.522376
1.86096
0.342104
0.673782
0.947979
1.39655
0.843375
0.762019
0.058454
1.42107
0.689947
1.13508
0.375863
1.3168
1.07701
0.445066
0.233419
0.626278
2.37731
0.23292
0.780989
0.428097
0.586892
0.473255
1.11111
0.574906
0.52606
0.339664
0.805585
1.48414
0.668521
0.991158
1.47059
1.54387
0.942251
1.09277
0.684216
1.29117
0.38854
0.440521
1.60036
0.801886
1.51091
1.82372
2.43307
0.287857
1.22783
1.91837
0.776049
0.3211
0.130277
1.48067
1.94749
0.625977
0.392814
1.33282
1.71787
0.860071
0.341273
0.888316
2.40958
0.380971
0.376554
0.722532
0.216553
0.774417
1.62944
0.173951
2.11111
0.898123
1.61405
1.73657
1.51608
0.671041
2.25375
1.23483
0.515226
0.929169
2.00568
1.78429
1.15813
1.46311
1.06472
0.642233
1.00714
0.812745
1.06164
2.43997
1.47116
1.25566
1.11971
0.805993
1.3632
1.45598
0.408192
2.78645
0.937508
2.64808
1.19737
0.713667
0.76547
0.797078
0.631527
0.791889
1.59879
0.47236
0.645586
0.812927
2.69599
0.930719
0.767248
1.46443
1.32465
1.18101
1.1087
0.496225
0.639463
1.86253
1.26563
1.90936
0.243854
1.04126
1.79762
0.461464
0.598574
0.913876
2.47392
1.92916
0.927501
0.363826
1.0515
2.95104
1.3196
0.287902
0.758072
2.34734
1.12501
1.28881
0.57406
0.0920811
1.54082
0.878888
0.96879
0.96783
0.642915
0.128919
0.130921
1.02136
0.528178
0.815216
0.183252
0.776756
1.86636
0.757871
1.76394
1.06087
1.20417
0.643086
1.29347
1.27099
0.717303
1.98895
0.195722
1.5905
1.14497
0.692112
1.31875
0.0568895
0.381457
0.20967
0.489015
1.37441
0.27239
1.0379
0.220219
0.376292
0.167596
1.3173
0.399879
0.409869
1.14865
0.822607
1.18687
0.445574
0.715194
1.66743
0.436112
0.588623
0.67498
0.757202
0.226483
0.675618
0.553916
0.544148
0.621336
0.095633
0.513033
0.135589
0.27451
0.380928
0.236273
1.74131
0.550432
1.21122
1.6659
1.51316
0.345238
0.896385
0.121716
0.205269
1.73119
0.719617
0.642544
0.85816
0.942656
0.857137
0.337137
0.345504
0.629314
1.62444
0.447291
0.32048
0.2696
0.43156
0.236989
0.486008
2.92422
0.0283023
1.69826
0.72148
0.331684
0.342577
1.17813
0.889619
0.575545
0.559556
0.31923
1.79726
0.366217
2.37011
1.15749
0.835494
0.682541
0.222094
1.5772
0.29693
0.739517
3.15302
0.388605
0.807777
0.684016
2.30361
0.830483
0.856433
0.172356
2.4613
0.710157
0.911843
0.0944454
1.75968
1.3153
0.507032
0.450153
0.721723
1.54689
1.00835
0.451107
0.55394
0.353044
1.72386
2.74423
1.03267
0.349135
0.683785
0.789701
0.181045
2.06188
1.9829
1.95778
0.529792
0.984396
0.140336
0.471534
0.470253
0.576527
0.822494
1.00162
1.68557
0.768405
0.568068
1.59446
1.65359
1.72187
0.157613
2.48583
0.439596
1.64869
2.06046
0.820611
0.850442
1.7818
0.543615
1.29495
0.198704
0.474931
0.460154
0.325144
1.76905
1.75894
2.21083
0.358459
0.19617
0.560731
1.1466
0.485336
1.07565
0.0419004
0.840405
2.62395
1.28322
1.87827
1.19353
0.245027
1.07336
1.01814
0.862487
1.75978
0.741092
0.835202
1.05342
2.07048
1.81268
1.00628
0.486341
0.487331
1.04674
0.538686
2.74761
2.02883
1.87908
0.212273
0.813002
0.307943
1.77915
2.50942
1.50226
0.570137
0.336856
0.830257
0.709146
2.77073
0.357562
0.816309
0.482819
1.75981
0.443129
1.93279
1.7032
0.418404
1.39738
1.11154
0.666655
0.47307
2.28287
1.7236
0.45836
1.70833
0.174787
0.678269
0.240436
1.31469
1.38791
1.26899
0.98669
0.895082
0.692161
0.227773
1.64808
0.774673
0.363345
1.21557
1.81587
1.76156
1.00993
1.76243
1.26195
1.06398
1.3102
0.245722
1.34455
0.817292
1.15306
4.51751
1.94105
0.65367
0.397049
2.28639
1.54909
0.793513
0.378429
0.637474
1.42805
0.426427
0.476712
1.08216
0.711346
1.77324
2.3219
0.896238
1.76557
1.00359
1.50738
0.459241
1.00532
1.57624
1.45114
1.9844
1.10456
0.780108
0.703997
1.37527
0.403449
1.16792
0.738753
1.0336
0.516567
1.12401
0.598088
0.204846
0.751501
0.721573
0.711573
1.72609
0.380894
0.966569
1.33416
3.09118
1.95461
0.402307
0.442185
1.36015
0.502332
0.396375
0.535829
2.19035
1.10108
2.93087
0.810562
0.660774
3.96124
0.419505
2.33295
1.07507
1.91514
1.90195
2.48167
0.81105
0.484587
1.89673
2.2129
1.31943
0.65303
1.28746
0.109238
1.12053
0.663105
0.969707
0.814018
1.62113
0.596785
0.353476
2.72755
0.249293
2.38863
3.00754
0.304166
0.326152
0.653775
0.801488
0.530005
0.806022
0.716592
0.497399
1.16406
0.513509
1.05843
0.195058
2.52131
1.64924
0.525733
1.43127
0.131271
1.2779
0.382593
1.2744
0.24178
0.422418
1.91124
0.895208
0.332143
0.785853
2.9665
0.584749
1.20355
0.78603
0.507097
0.177461
1.37131
1.68128
1.45511
0.809325
0.788846
0.709261
0.870747
1.14115
0.969214
0.647523
1.25179
0.987273
1.50991
1.14052
0.54124
1.28022
0.797042
0.326772
3.57456
2.61019
0.824424
0.655073
0.791651
0.114455
0.492148
1.75046
1.97251
1.48858
0.776979
0.135325
0.513463
0.241251
1.56286
1.20112
0.0789286
0.338637
0.348874
0.586912
0.973556
0.511208
0.678575
0.237845
0.407909
0.561261
2.77559
1.76642
1.23502
2.50038
0.328451
0.708759
0.239026
0.112524
0.117178
0.492294
0.314315
0.577852
0.522662
1.05681
0.687678
0.477475
0.768152
0.789651
0.254087
1.09097
0.247692
0.876146
0.421103
1.90102
0.299186
1.69675
0.507913
0.52623
0.936161
0.839637
0.366209
1.99623
1.55042
1.33842
0.885592
0.906763
2.06241
0.368901
1.23469
0.81009
1.96367
0.36005
1.91767
0.808539
0.12811
0.680718
0.0653292
1.149
0.56926
0.599627
0.714185
1.23304
0.99921
1.39196
0.326762
0.794857
0.906828
0.855248
0.953584
1.32437
0.511715
1.6061
0.453769
1.19812
1.00302
2.14813
0.318084
0.682955
1.93738
1.53592
0.512602
1.94702
0.16174
0.303268
0.646713
0.240215
0.95697
0.954954
1.51173
1.25746
0.16474
1.73104
0.441426
0.329101
0.481737
1.1876
1.01789
1.0839
0.775823
1.05941
1.50289
0.755498
0.5589
1.08382
1.8702
0.746565
0.697547
0.365308
0.727469
0.806819
0.360358
0.571138
0.891465
0.288186
0.616453
0.164822
0.027164
2.20362
1.11163
2.47069
2.19476
0.908325
0.794831
0.98083
1.32847
0.335331
1.35459
0.903511
0.167564
0.399253
0.451795
0.431945
1.4898
0.403848
0.168402
2.13855
0.851452
1.25371
1.84216
0.544773
3.16941
0.0517239
0.151546
1.1282
1.1699
0.856827
2.1115
1.93018
0.37529
1.38719
2.04829
0.522961
1.17044
1.24543
0.64483
2.20192
0.404309
0.631873
0.681839
0.65965
1.67195
1.63827
1.16844
0.592983
0.645994
0.557885
0.169601
1.51789
1.32327
1.04181
0.711733
0.376548
1.13436
1.74921
3.0763
0.929945
0.742882
0.733784
0.885099
0.28253
3.60596
0.795796
0.517205
1.34382
0.858731
0.815252
1.43859
1.28461
0.316969
0.557093
0.531221
0.432478
0.450167
1.97659
1.11662
0.324416
0.0437249
1.11043
2.32148
0.49341
0.584584
0.783457
2.39835
0.597149
0.61097
0.257157
1.00591
1.73028
0.0653025
1.37727
0.433523
0.314368
1.02114
0.588447
0.804995
0.574012
0.357463
0.435602
0.844067
0.712873
2.04607
1.58768
0.729461
3.31567
1.42444
0.856305
0.801547
0.604148
0.230383
3.45326
0.284244
0.152419
0.778991
1.18629
0.865176
1.08502
0.396103
0.987326
1.48607
1.07424
2.32086
1.24966
1.23993
0.933516
0.324874
1.44246
0.952709
1.71256
0.502792
1.03362
0.556621
1.30735
0.716219
1.09263
1.19984
0.460807
0.732459
0.418565
0.560524
1.02956
0.802591
0.794118
1.30854
2.28735
2.05531
1.23072
1.75021
0.543532
0.892844
1.42253
0.295253
0.11679
0.890363
1.17614
0.380463
1.05685
0.298268
0.550923
2.63777
0.393723
0.621595
0.381199
3.09287
0.507834
1.64666
0.942917
0.947242
0.458268
0.88702
0.721586
1.3985
1.26888
1.53462
1.33077
0.148657
0.267116
0.333168
1.48115
0.9834
0.47604
1.03233
0.96536
1.74557
0.180758
0.967458
0.751984
0.669636
0.400504
0.882531
0.536833
0.49524
0.634756
0.791377
0.330054
0.17734
1.10891
0.328733
1.85184
0.657779
1.13498
0.0897979
1.40149
1.11047
1.35263
0.870174
1.37342
1.26313
0.534861
0.836725
0.356386
1.04992
1.68627
0.659254
1.67684
0.935537
0.966306
0.645576
2.33432
0.0639142
1.47092
0.846058
0.913458
1.36189
2.66926
0.820309
0.318704
3.00112
1.39172
1.01201
0.764956
2.80597
0.998717
0.71614
1.78655
1.51802
0.289688
1.19641
1.57158
2.04749
0.413014
0.539369
0.824767
0.577175
0.295689
2.61098
1.16119
0.809246
0.745704
0.919223
2.03542
1.52191
1.03087
1.93149
1.19016
0.512045
0.456102
1.33004
1.12718
1.57951
2.0463
2.30347
1.53986
1.4241
1.02904
0.292907
1.57143
0.273044
1.72607
1.25684
1.61786
0.886803
1.14781
1.99518
0.322624
2.53053
0.929321
1.81389
1.55497
0.3104
0.796628
0.861622
0.619934
1.66458
1.45871
1.37532
2.5191
1.04921
1.39346
0.540589
0.486428
1.47478
0.481545
0.745408
1.1038
1.40016
0.827595
0.202815
1.17285
1.10464
2.46752
1.15384
0.475185
0.418711
0.795423
0.23228
1.46322
0.405305
0.338642
0.871511
0.173365
0.756678
1.84873
1.32135
1.50819
1.43757
1.22054
0.436999
0.848654
1.40692
0.461152
3.0681
0.611575
1.56083
1.5757
1.65623
0.60174
0.727297
1.23105
1.18477
0.857674
0.668037
0.566433
1.27524
0.896954
0.892258
0.856219
0.350659
0.48631
0.810161
0.764035
0.818367
1.00593
1.15196
0.247584
0.897735
0.797889
0.396384
0.882163
0.216427
1.24786
1.61627
0.859679
0.788955
1.29501
1.43303
1.73143
2.28929
1.68113
0.749368
0.386327
0.313406
0.887367
0.334624
0.519423
1.02699
0.0548731
1.29347
1.35429
1.53693
0.903043
1.29486
0.787638
0.865168
0.261123
0.929852
0.0816371
0.169308
1.81162
0.121454
0.466196
0.503864
0.551359
0.446909
0.267648
0.937829
0.516249
1.19106
1.2052
1.20798
2.8183
1.51911
0.420283
1.70514
2.30805
0.500398
1.66335
2.0415
0.85391
0.321754
1.51049
0.374856
1.04522
1.64831
2.37446
2.08792
0.534954
0.597466
0.322846
1.06842
1.34842
0.692907
0.749128
0.929225
1.65418
0.608047
0.148773
0.315138
0.194387
1.27937
0.610438
0.606597
0.823665
0.342911
0.201447
0.357187
0.740075
1.08431
1.08889
1.52874
0.0639403
0.259944
2.21571
2.27831
0.792331
0.631732
0.791425
0.181495
0.603886
0.289482
0.358571
0.948008
0.500712
1.66498
1.00013
0.258354
0.694173
2.06589
0.314494
1.80441
0.763015
1.72836
0.922823
0.866624
0.60417
1.38141
1.17532
1.87632
1.04777
0.56329
0.172313
0.859963
0.786748
0.565802
0.189578
1.39407
0.00640304
1.26752
0.477185
0.469809
0.782828
0.516676
0.176376
1.29549
1.77931
1.42901
0.833937
0.410329
0.66698
0.485403
0.474877
1.26687
0.916039
0.160618
2.08294
0.263691
0.268628
1.20134
0.159505
0.652063
0.482415
0.959184
0.654327
0.648316
0.34943
0.41007
1.65234
0.766444
1.39913
0.340271
1.06739
0.829335
0.881719
0.647988
1.22934
1.00618
0.561307
1.58631
0.324265
1.1267
0.269433
0.43354
0.915294
0.29464
0.525255
0.922755
1.6742
0.177759
1.0912
0.114953
0.207868
2.06814
0.869732
1.13335
0.599827
2.04202
0.135619
1.06345
0.987538
0.424992
0.696198
1.82272
2.67437
0.478152
0.231652
2.65673
1.62058
1.38397
0.592131
0.661632
0.132314
0.547548
0.602224
0.742228
0.571114
0.187628
0.424966
0.751553
0.245693
0.13275
0.540235
1.35374
0.592959
3.38122
1.97782
0.756071
0.628066
0.350674
0.984339
1.27615
0.507551
1.60864
0.125647
0.926127
0.562677
1.75599
0.559131
0.197874
0.561425
0.688991
1.00965
1.19815
0.929162
1.7779
0.389003
2.88702
1.13158
1.39326
0.65295
0.740076
0.76806
0.221108
0.256022
0.684419
0.314094
0.863239
0.918149
0.797276
0.750644
1.93169
0.577837
0.911953
0.623792
0.389846
1.0464
0.744772
0.327928
1.60112
0.654168
0.521881
1.54773
0.803716
1.5139
0.380911
1.8417
0.837535
1.42014
1.05798
0.0509353
0.569937
0.276409
0.938912
0.833733
4.22905
1.34712
1.62583
0.350776
0.485498
0.521185
2.32838
0.322671
0.584042
0.405542
1.49952
1.10917
0.730623
1.05461
2.27426
2.14275
1.10022
1.21263
1.3526
1.0971
0.865706
1.70555
0.354063
0.540659
2.74911
1.92731
0.306257
1.19528
0.856124
1.15022
1.18272
0.523933
0.638644
0.606337
1.2477
0.338289
0.173223
0.320614
0.566663
0.309342
0.970699
0.64028
1.21659
0.215306
1.50793
0.604321
0.983465
0.185974
0.392949
0.250926
2.07458
1.10765
0.891898
0.285888
1.34329
0.782467
0.10393
0.92109
1.85582
2.52001
0.404079
2.51963
0.416268
0.588288
0.256272
0.402818
0.129648
0.216885
0.391843
0.78336
0.662442
0.7609
1.67849
0.449016
2.02095
1.55208
0.447552
1.7851
2.68475
0.641153
0.275862
0.763756
1.56923
0.904087
0.604633
0.411104
1.90012
0.932
1.18579
0.205715
1.8706
0.23202
0.860053
0.668176
1.90735
0.949735
0.282408
0.0985211
0.445955
0.769404
0.919712
0.396002
0.0963648
1.44767
1.77736
1.21668
0.442571
0.569707
1.51928
0.505569
0.752541
0.314926
1.19043
0.445283
1.80414
1.28123
0.468744
1.70999
1.72219
0.907356
0.377698
3.38457
0.283404
0.667107
0.383656
1.10946
0.683468
0.190548
1.14786
0.661913
0.764335
1.05141
1.08937
0.592864
0.286813
1.1156
1.78208
0.332167
1.36542
1.93079
0.742323
0.455349
0.733963
0.920589
1.72078
1.55205
1.13782
2.20308
1.63053
0.668722
0.301596
0.970002
0.290908
0.534389
0.280782
0.621335
1.13611
0.44176
1.47391
0.767894
1.1572
0.716101
0.337278
1.4835
0.642535
0.922881
0.209656
1.59435
0.205245
1.01531
1.09728
0.497084
0.245413
0.255972
0.431246
1.26726
1.35413
1.08828
0.383269
0.626295
3.03291
0.18667
1.33846
1.74167
0.679939
0.374837
2.50882
0.670312
0.914257
2.63467
1.39972
0.763946
0.952915
0.182335
1.39597
0.727151
1.34709
0.876621
0.370596
0.62151
0.111589
1.4592
3.9492
1.59694
0.509016
0.31192
1.05132
3.81868
0.573761
1.7564
0.538969
0.0624148
0.221841
1.97741
2.13546
1.23115
0.584094
0.426866
2.40087
0.438038
0.614888
2.2902
2.84551
1.2877
1.89716
0.640571
0.521901
0.727442
2.69288
0.608808
0.739112
0.83646
3.28687
0.750439
0.52167
0.395132
1.81955
1.09945
0.523681
1.27532
0.0648571
0.356592
0.387255
1.47543
0.986684
2.19755
0.236098
0.609875
0.565542
0.361256
0.195834
1.09953
0.437965
1.93711
1.96027
1.95057
0.417872
0.374465
0.758092
2.4615
0.644262
0.802352
0.477369
1.46668
0.837975
0.225817
0.220073
1.98628
1.07422
0.395003
0.358345
0.428104
0.435162
1.86373
1.38246
0.681665
0.305954
1.34076
0.830333
0.300285
1.60201
0.392516
1.22232
0.503462
0.49357
0.800115
1.13795
0.82988
1.27184
0.659265
0.789022
1.06148
1.05238
0.612389
0.340272
0.613746
0.378101
0.907635
2.30865
2.67593
0.160962
0.744742
0.954895
0.981705
0.154235
2.01291
0.660101
0.469449
2.14713
0.778435
0.687706
0.444371
1.23133
0.428775
0.781021
1.77818
0.878962
0.256426
0.671885
0.694657
0.271272
0.779369
0.125243
0.143879
2.18999
1.14413
0.777802
0.50151
0.901218
3.09963
0.696191
0.727293
0.748464
1.80922
1.65816
0.603654
1.465
0.792204
0.33846
1.03609
1.6729
0.824804
0.279385
1.45061
1.04496
2.06527
1.10016
0.366399
0.485919
1.16699
0.482622
0.53451
1.54621
2.13158
1.39182
1.57786
0.673731
0.25945
1.20681
1.75702
0.731471
1.08693
2.2596
0.272345
0.544394
0.170399
1.53863
1.79459
1.48406
0.309375
1.32582
0.466488
0.177065
0.902188
0.382699
0.852965
1.46685
0.6113
1.33918
0.498547
1.0281
1.729
0.694009
2.20238
0.311134
1.62211
1.11411
1.07721
0.757656
1.3686
1.24728
1.71045
2.14365
0.692284
1.82764
2.24137
0.944214
0.92924
0.195321
0.780563
1.13674
0.436355
0.0435496
0.142269
1.40926
1.26056
1.09845
0.249865
2.35509
0.806541
0.811834
0.927132
0.548085
0.534843
2.29316
1.08703
1.82039
0.190282
0.791934
1.32856
0.770205
1.40729
0.913563
0.853282
0.521796
1.86907
0.722035
1.15068
0.824949
0.541765
0.831028
1.15706
0.693656
0.746467
0.579062
0.191313
1.12047
2.46615
0.830135
0.995699
0.947348
0.18156
1.48395
0.749869
0.87626
0.349916
0.334127
2.61345
0.762015
1.76106
0.458142
0.575405
0.477936
1.72833
0.834436
2.25345
0.438344
1.03735
1.98497
1.26973
1.26772
0.537486
0.0554527
0.301762
1.66393
1.0787
2.46953
1.45907
1.54987
0.0254201
0.765933
0.634733
0.946682
0.512542
0.640061
1.17561
0.945227
0.807803
1.13126
1.32374
0.264964
1.01944
0.901925
0.613886
1.14414
0.545231
0.75955
0.101614
0.410179
0.766173
1.36594
1.02001
1.48049
1.25547
0.593011
0.616866
1.79059
0.759436
0.953538
0.77678
1.73151
1.58421
0.970255
0.250808
1.08898
0.738472
0.355407
0.31821
1.03412
1.21116
0.136858
2.18129
1.58935
1.01724
1.34588
0.894703
0.789402
0.881951
0.516421
1.59073
0.192068
0.768253
1.52553
0.300877
0.815764
1.35397
0.966455
0.296688
0.714424
1.75848
0.878411
0.31059
0.67973
3.0075
2.94248
1.3944
0.671596
1.60701
1.27449
1.0978
1.0799
2.51925
1.719
1.35637
0.1208
0.675415
0.154845
0.385326
0.721181
0.70395
1.20056
0.679897
0.751569
1.18201
1.40061
1.90119
0.92193
0.885985
0.967968
0.817716
0.90373
0.407724
0.374591
0.693684
0.347461
0.328278
0.61763
0.603293
0.106837
0.31489
0.250319
1.16787
0.653858
1.98945
1.18705
0.720732
1.08142
0.219443
2.12857
0.716494
0.846391
0.379023
0.652634
1.59829
1.69618
1.77536
0.298403
1.23791
0.563613
0.730186
1.39906
0.656004
0.172996
0.744858
0.295783
0.355089
0.811556
1.80951
1.55041
0.41823
1.91855
1.45925
1.20979
1.70973
0.407162
0.688446
2.79297
0.40217
0.6051
0.290324
1.14595
0.859427
1.21443
0.666914
1.17708
0.440472
0.686528
4.0439
1.97646
2.51534
2.36665
0.617061
0.824092
1.26985
1.14135
3.63747
1.1173
0.391492
1.65947
0.596827
1.63254
1.90868
0.725624
1.24981
0.971203
0.30147
0.814624
0.74361
0.901991
0.745599
0.611473
0.707605
2.04373
1.8299
0.270514
0.367692
0.933462
1.14727
1.10409
1.05987
0.371061
0.854552
1.27154
1.2251
1.44929
0.941369
1.43584
0.908642
0.489996
0.726872
1.05203
1.28067
1.37776
0.200844
0.214059
0.55099
1.66324
0.429328
0.176716
0.704133
1.99401
0.317179
0.647981
0.958692
0.111116
0.497608
0.614095
0.908217
0.43453
0.455813
0.284637
0.239239
1.15321
1.69791
0.818938
0.438431
0.766811
0.338594
0.988905
1.88824
0.978983
0.725293
1.10778
2.81947
0.831577
0.762696
0.525649
0.452795
1.72573
0.804627
0.430992
0.976613
0.730755
1.00463
1.665
1.57441
1.05414
0.447022
1.81559
0.827442
0.779576
1.91352
1.37887
2.02791
2.03017
0.435201
1.63522
0.498002
1.9152
0.606095
0.415581
1.08098
1.13912
0.514455
1.74751
0.401345
1.1239
0.730737
2.17018
0.670554
1.16549
1.85586
0.629461
1.36013
0.55497
0.828074
1.07292
0.587743
2.74145
0.398556
0.552587
1.4556
1.16854
0.438587
1.04836
2.68083
1.54354
1.24793
2.63493
1.15369
0.24188
0.519182
0.263608
0.27534
1.20891
0.443291
0.681205
0.11415
2.36415
0.617412
1.81704
3.1248
2.14027
1.01001
0.585702
0.858507
0.367663
0.671088
1.40048
0.916877
0.502202
1.05391
0.138775
1.0115
0.100184
0.574008
0.426734
0.452373
1.04366
1.56762
0.603581
1.55913
0.461555
2.81167
1.3956
0.0470861
0.914118
0.26127
0.689835
1.03074
0.331237
0.402296
0.501093
0.604048
1.30106
1.08319
0.245076
1.04212
1.16669
0.830368
0.51553
0.328867
0.486377
1.86428
1.26619
2.6818
1.45712
0.490692
0.238148
0.149318
1.05539
0.595202
0.401482
0.917406
0.153315
0.497531
1.49764
1.95924
0.707366
2.17527
1.75001
0.354206
0.536082
1.672
0.597816
0.825747
1.26817
1.67885
1.01585
0.673504
0.527136
0.537394
0.954532
0.975816
1.12157
1.35346
0.291632
0.651463
0.937753
0.0803202
0.650423
0.747099
0.117978
0.788494
1.52089
1.03891
0.562594
0.454695
0.110653
0.733156
1.37646
0.678731
0.692243
1.64785
1.00096
0.27554
0.0555981
0.533352
0.734802
0.489032
1.16267
0.201516
1.62024
1.06221
0.99518
3.17369
2.29978
0.822143
0.989879
0.513737
0.539097
0.525168
0.209475
1.19339
0.974582
1.07988
2.14527
3.01008
0.350131
2.27756
0.650135
0.895881
2.11785
0.929914
0.0469086
2.58823
1.02059
0.290641
1.00176
0.609598
1.0812
0.144725
1.31598
0.675028
0.442461
0.167568
0.857526
2.4027
0.304877
0.475757
1.99969
0.504538
0.44449
1.39239
0.784681
0.152909
1.56158
0.731308
0.942495
0.900699
1.14482
1.49109
1.41416
0.0847998
3.05285
0.365638
0.697493
0.652214
0.117553
1.19536
1.60081
1.11221
0.369161
1.52741
0.196479
1.53733
1.38852
0.892052
0.486112
0.0779173
0.362436
0.973294
