0.130849
0.402219
1.22088
2.35898
1.49632
0.849658
0.0174531
1.40508
0.679691
0.681732
0.638274
0.868616
2.68627
0.0245837
1.05542
0.103379
0.86102
0.604235
0.256325
2.81134
0.143644
0.118532
0.318487
0.331554
0.241713
0.795229
2.32546
1.78202
0.224668
0.0663717
4.30208
0.0291159
0.858075
1.88426
3.03198
0.343082
1.77329
0.15639
0.793632
0.977176
0.417997
0.948839
1.82326
0.0810128
1.57532
1.70404
2.4787
0.314088
1.73886
0.299432
0.0130448
3.79873
5.19409
1.27864
1.4201
2.1847
1.57836
0.832507
1.35671
1.06862
0.978939
1.66694
1.25252
0.209922
0.403283
3.00251
0.773713
0.470891
0.201868
0.0370704
0.395059
0.633703
0.0543469
0.035047
0.25703
0.125436
0.138319
0.224682
0.810221
0.00272649
0.624193
0.521997
2.82011
1.58972
0.380926
0.323588
1.43617
0.212107
0.137599
0.777363
0.707627
0.115074
0.257876
0.436604
2.76626
1.07875
0.918097
0.131268
1.59909
0.413997
0.362479
1.10417
1.52988
0.491513
2.07992
1.2498
1.12141
2.50065
0.524485
1.09695
0.0436977
1.02795
0.309162
0.900785
0.165301
2.58007
0.878604
2.98
0.164842
4.21151
0.328351
2.99728
0.405237
1.88272
2.58117
0.123158
3.55706
3.01768
0.109391
0.102001
0.713568
2.49491
0.42217
4.2627
2.3751
0.101084
1.82515
0.43496
1.11753
0.0766335
0.881701
0.715092
0.313782
0.084926
0.816099
0.474477
0.450792
0.308999
1.01615
1.49058
0.19253
0.214067
1.00939
0.36603
0.721182
0.172423
0.160056
2.48554
1.16623
0.311081
0.994881
1.78178
0.751734
0.811193
0.179117
0.781281
0.269909
0.470135
0.278701
0.786847
0.497847
2.14117
1.52686
0.273342
0.929105
1.55762
0.867028
0.341709
0.124166
2.3882
2.70542
0.194513
0.0274248
1.54872
0.0666161
0.0553001
0.26692
0.81637
0.99671
0.574509
0.0259293
1.00078
2.70005
0.00569726
0.555229
0.134172
0.852369
1.2651
1.40946
1.25919
0.258204
1.10937
1.12619
0.665809
2.53079
0.41989
0.943257
0.333565
1.1075
3.03036
0.852741
0.00237417
0.721015
0.135963
1.70329
0.525997
1.06753
1.27425
0.86797
1.29409
1.04699
0.839131
1.0411
3.19496
3.12479
0.0152137
0.182466
0.24394
1.54169
0.0736546
1.1494
0.170529
0.560005
0.809354
1.67325
1.80374
0.385625
0.629725
0.504623
0.0491278
0.336933
0.232098
1.69296
1.2478
1.18067
2.785
2.77802
1.11788
0.047709
0.399656
1.71482
1.39349
1.28835
1.02923
1.39264
0.0666979
0.515996
0.653217
1.60703
5.32474
0.0818088
1.72365
0.176734
0.377107
1.29209
2.14914
0.0829595
0.640768
0.302742
3.19866
0.993549
2.25619
2.02187
0.291641
1.13698
0.271967
0.59125
1.16565
1.71745
0.194709
0.399887
0.069777
3.22827
1.2214
1.55915
0.801802
0.0311336
0.998287
1.0138
0.296542
0.193434
1.0112
1.09907
0.629764
1.88094
0.94989
0.0686781
0.465447
0.0631322
0.150197
0.697787
1.59993
0.213815
1.49704
0.749287
1.53232
0.112995
2.31368
0.725974
0.326829
0.111027
0.224381
0.808356
0.235352
0.856459
0.743452
1.68483
1.34079
1.48147
0.120942
2.51809
3.29147
1.17563
0.390245
1.55494
0.761825
0.500443
1.23945
0.490437
1.19953
1.33816
0.217866
1.43076
2.40551
0.662209
0.0334025
0.875668
0.154485
0.0285983
0.371433
0.255764
0.134399
0.219402
0.110451
1.65576
0.363765
2.39408
0.257781
2.21419
0.0853673
0.125022
0.888012
4.04218
0.00395775
0.0512972
1.70923
0.00035801
0.604881
1.8182
0.119757
0.948108
0.210466
0.432
2.03884
0.169235
1.98782
0.471908
0.102751
2.60469
0.654398
1.42543
0.893441
0.00550251
0.659656
0.256909
0.540823
2.20525
0.958309
0.287921
0.579239
1.51568
1.07187
0.613413
0.801845
2.81611
0.119068
0.0536701
0.937291
1.14419
0.88745
2.1447
4.85145
1.34538
0.310831
0.0418302
0.387221
0.940456
2.97333
1.67212
1.0157
0.248242
2.50207
2.64771
1.15868
0.994278
0.508216
0.521668
0.989312
0.812702
1.72541
0.87784
0.284497
2.56981
0.485573
5.00124
1.08013
0.761613
0.496848
0.521862
0.937673
1.40104
0.458355
0.0843091
0.216287
0.0157802
1.05168
0.299002
0.746792
0.239451
1.03014
0.0607323
0.156827
2.85065
1.29709
2.59153
1.30926
0.180623
0.361729
1.54925
1.089
0.467223
3.52533
0.720972
0.457104
2.38231
0.806342
0.549745
0.547761
1.23767
2.04326
0.830834
0.601223
0.935728
0.857929
2.41907
0.589005
0.217347
0.38511
2.95204
4.17985
0.795592
0.599332
0.927418
3.52831
0.298514
0.703536
2.01774
0.670405
0.987322
0.267894
0.533063
0.0710324
0.147326
1.19903
0.607047
1.00646
0.507621
0.271798
1.60692
1.73272
0.787565
0.827503
0.862664
0.412921
0.278628
1.44082
1.4238
1.38158
2.17093
0.263954
0.704725
0.28206
3.79591
0.144949
1.2193
1.6355
1.31006
0.464617
0.106941
2.06092
0.4347
1.17052
2.05271
2.11038
2.19864
1.2093
0.115097
1.71406
0.751509
0.889926
0.738574
2.42901
0.676684
0.0379599
4.07641
0.611677
0.963133
1.57061
1.58315
4.22069
3.84135
1.6148
0.719213
0.293093
2.16015
0.394856
0.863903
0.928232
2.00514
0.175039
0.248159
0.736517
0.0799924
0.119421
0.284178
0.208151
0.723779
0.62765
0.225729
1.41296
1.39715
0.0132746
0.657232
0.381981
3.55568
0.678347
1.21472
4.04664
0.236894
0.726244
1.3675
1.20436
0.180559
0.139572
0.271833
0.727333
2.18259
0.727964
0.290709
3.26395
0.686709
0.989963
0.918032
0.604763
1.3036
0.016343
0.636217
0.530331
2.6574
0.297947
0.704826
1.58119
0.172974
0.260956
0.43564
1.27617
0.355667
0.419634
3.86378
1.00052
1.56274
0.89878
0.846837
0.0950726
0.780417
0.00559942
2.48732
0.0954113
0.0026198
0.57602
0.0523836
2.53741
0.00221257
1.09831
0.644915
1.58151
2.65035
1.32819
0.0678568
0.282741
1.8854
0.457412
0.13246
0.846181
0.276841
0.243267
0.0381267
0.311938
2.89962
0.36932
0.385517
1.63988
0.511902
0.556846
0.0382079
0.208124
0.352293
1.03816
1.62702
0.49547
1.50428
1.69137
1.34531
0.275694
0.443441
0.739279
0.72544
0.832124
0.234714
1.66525
0.351214
0.390562
0.153068
0.954803
0.0595017
0.111573
0.1495
0.0321379
0.288968
2.64281
0.139119
0.0190104
0.653497
0.337544
0.80638
0.285918
0.203572
0.264932
0.667164
0.2371
5.40348
1.68679
0.477736
0.727303
0.372733
0.106873
0.0304168
0.0291434
2.96269
0.797647
2.64742
0.01185
1.24307
0.817178
1.52536
0.121256
0.0424002
0.236935
0.393119
0.749302
0.306615
1.6212
1.42842
0.12282
0.608724
0.723036
1.00508
0.39129
1.19021
0.285696
2.26444
0.0704095
0.0332143
0.217388
1.04027
0.0733308
0.553895
0.293893
1.1962
1.82637
0.207774
0.260444
2.49334
4.13246
0.093235
0.218076
0.46173
0.340159
1.06089
0.257453
1.46995
2.74125
1.5484
0.455493
1.19178
2.05616
0.716554
0.569697
0.72461
0.352215
0.184907
1.65085
4.16223
1.68254
0.313191
0.0675892
0.104939
0.863372
0.679895
0.977504
1.70448
1.11853
5.83575
1.54133
1.68693
0.767917
1.49686
0.798274
0.283872
0.163474
1.20736
0.0770178
0.811371
0.422694
0.00726112
1.11014
0.441073
0.378187
0.250248
2.36724
0.488855
1.09916
0.32477
5.75155
2.51584
0.0609785
0.0178008
1.37811
2.4818
0.00169078
0.532516
0.422911
0.0231471
0.84283
0.187426
0.195663
0.142702
0.812839
0.563169
0.576939
0.224898
1.82972
2.07209
0.987006
3.09457
0.0577252
1.46464
0.656618
1.07776
1.93458
0.779005
1.18506
1.55537
0.504181
1.81833
0.84462
1.18482
3.33824
0.636538
0.308242
2.00265
1.81911
3.00657
0.295032
0.43368
0.155689
1.3476
0.334841
0.0210714
0.828814
0.172907
0.377919
1.38595
0.528373
1.13808
0.527697
3.49799
1.73171
2.39216
0.452021
0.356639
0.56049
2.30405
0.0203295
2.00006
1.05366
1.47597
0.367926
0.406508
0.777078
0.496491
0.0701038
0.221658
0.191295
1.48336
1.75966
0.390584
1.96451
1.21092
0.131797
1.36564
2.19164
0.0545277
0.097949
0.0129206
2.19336
1.03142
0.938731
0.406962
3.63158
1.32507
1.24924
0.448522
0.152308
0.382068
1.16963
1.69907
1.13624
3.38946
0.823656
0.204122
1.205
0.863482
0.876033
0.718122
0.136181
0.136115
0.793624
1.82883
0.357697
0.319101
0.144731
2.10347
0.674559
0.135985
1.11168
0.188289
0.859238
1.55527
0.524623
3.64804
0.53689
1.06094
1.32266
0.308631
0.549888
0.78058
1.55197
0.868407
1.66731
0.0366052
6.38679
0.342075
0.0781141
0.11298
0.889161
0.816902
1.09419
0.183239
1.34101
2.62805
0.610239
1.0949
0.772213
0.224778
0.523088
1.04978
0.15507
0.720294
0.973333
0.488641
1.03675
2.63711
0.743152
3.06164
0.441436
0.0578889
1.17966
0.240773
2.9608
1.20622
0.933103
3.83328
0.782712
1.91721
0.873297
0.416005
0.507871
0.0251693
1.66513
2.69604
1.771
0.384708
0.0145524
0.487594
1.42278
0.378593
1.79358
2.10539
1.26613
0.0631743
1.84646
3.89343
1.54201
1.32848
2.46082
1.27704
0.118303
0.0205551
0.747329
0.0551763
0.204552
0.559975
0.130929
1.31739
0.710244
1.54448
1.4084
1.26109
2.0724
0.321944
0.26129
3.5319
0.0764906
1.97789
1.06721
0.0619998
2.6059
3.27334
1.81719
0.206829
0.384646
1.56263
1.63413
1.14337
0.248293
0.319008
0.0972622
2.57871
2.72288
1.03302
0.409894
0.072032
0.362379
0.0233304
0.387728
0.998985
2.64556
0.423363
1.76862
0.367682
0.299844
0.0476838
0.224163
0.949329
1.21366
1.46226
0.456687
1.50778
0.576788
0.0623881
1.22592
0.912852
2.23579
0.563322
0.186505
1.36977
2.09248
0.0708693
5.06978
0.990541
2.6278
2.35869
0.812056
1.57053
2.10609
0.305991
0.935584
1.43002
0.0872708
1.87162
0.880485
0.164977
1.74965
0.11729
3.41772
2.25079
0.770967
1.21889
1.38166
3.40877
0.920422
0.595963
2.62541
1.24344
0.517176
1.92594
0.339108
0.533863
0.177297
0.0617055
0.512262
0.465487
0.0655744
2.33007
0.407596
0.756909
1.59069
0.195102
0.694129
0.22778
0.244531
0.645669
3.04319
0.449359
0.431861
2.2612
0.642477
0.134649
0.035084
1.23125
0.423757
1.51047
0.412377
0.418792
1.60822
0.0256475
0.749879
0.0512547
0.0536276
0.0295203
0.24418
1.74961
0.284005
1.14843
1.77285
1.70656
1.34035
1.06293
0.476897
3.63247
0.574716
0.219248
0.608006
0.199547
0.456484
0.00244556
0.514116
0.0712789
0.664895
0.117101
1.5348
2.94207
3.49239
0.0151473
3.2811
0.687061
1.13779
1.09448
0.0417102
1.14947
0.0181561
0.565651
0.670284
0.32013
1.61365
1.37542
1.75587
0.248756
0.613454
2.24824
0.0731649
0.212825
1.23697
0.194233
2.50958
1.04304
2.20071
1.36669
0.607702
0.0820874
0.0915905
0.0125473
0.602383
0.375863
0.0441693
0.820734
0.032955
0.0942237
1.95816
0.705258
2.34472
0.27691
1.46665
0.975174
1.00618
1.54395
1.31762
0.257139
0.362103
1.19108
0.0312638
1.11356
1.18135
0.0601661
0.765867
1.296
0.0250742
0.453221
0.0858472
0.348682
1.74282
1.08276
0.84361
2.0574
0.179705
1.89736
2.86336
0.429066
0.309283
0.364821
0.0799858
1.17912
0.0419547
1.46242
0.798792
1.20759
1.33169
1.79257
0.0672249
0.251329
1.02899
1.75655
0.817227
0.593586
0.327422
0.058237
0.297012
0.550164
4.98833
1.48035
1.02291
0.887315
0.537834
0.361938
1.18678
1.47068
0.414569
0.0189058
0.43669
1.9243
0.757549
1.01085
1.08742
0.820488
1.67685
0.19486
0.163784
0.0799724
1.81678
0.0428383
0.00924187
0.490222
1.56023
0.685624
2.90769
0.103548
0.633445
1.22146
1.14441
0.86919
0.779692
0.695422
1.52855
1.47492
0.353977
1.11179
0.42483
1.02051
3.38508
1.60536
0.997453
0.0997173
2.35474
2.21167
0.376534
3.03234
0.209039
0.172593
0.0557393
3.13531
1.63022
1.30102
1.13095
0.211701
0.993968
0.754883
1.01477
0.372909
0.656692
0.798248
0.788593
2.23088
1.50296
1.17125
0.51538
2.84099
0.10396
5.07261
0.824779
1.2976
0.394834
0.985304
0.186134
0.189749
1.62887
2.48619
0.698996
2.77383
0.938906
1.10512
1.80626
0.106693
0.694705
2.19201
1.1494
0.392852
0.363965
1.14146
2.04028
0.00647373
1.05473
0.453328
0.124002
3.60487
0.339043
0.504687
3.54634
1.11514
0.244247
0.536626
2.97134
1.20803
0.176025
0.180122
1.52096
0.398029
0.201596
0.0341187
0.740073
2.61311
0.793617
0.00534986
1.75094
1.9594
0.343408
1.06739
0.978208
0.308736
0.657167
2.83531
0.551848
1.51782
0.784821
0.829393
2.62808
1.58724
0.542711
0.0926671
0.228727
0.361557
1.93973
0.358643
0.658456
0.532074
0.338121
2.45886
0.0831503
0.738738
1.63799
0.189989
0.174936
0.201881
1.45869
0.631502
0.0302422
0.636447
1.92741
0.239717
0.58821
3.86324
0.821732
0.219894
2.21596
0.471266
0.993546
1.75101
1.03114
0.0330996
1.41975
0.256113
0.663041
0.0116931
2.13176
0.713094
1.1582
0.353189
1.04888
1.07394
2.06467
0.776745
0.885038
1.32836
0.00442393
1.33075
0.314236
0.936319
0.354501
1.04669
0.40047
0.182116
1.15571
1.49795
1.78488
0.241748
0.585747
0.184536
0.778002
2.6628
0.0605083
0.342374
1.63863
2.58037
0.0410882
1.04734
0.674086
0.97204
0.217489
0.569013
1.78539
1.35423
0.833527
0.967168
0.00274967
0.164936
0.488257
1.17723
2.84417
0.0605379
1.46027
0.561715
1.47723
0.485344
0.943639
0.383603
0.868176
3.30047
0.122468
1.15956
2.189
1.59389
0.26392
0.27752
1.85512
1.22671
2.14837
0.444218
1.24095
0.14228
1.22333
0.279689
0.00179413
0.21035
0.831882
0.924841
0.842224
0.179798
3.0821
2.86869
2.29014
3.16997
0.793538
0.356624
2.67475
0.348487
0.255137
1.46054
0.134972
0.322858
0.890588
0.156754
1.06306
1.37917
1.38362
1.09812
0.000205768
0.418195
0.70475
3.24508
1.25544
0.931738
0.356747
1.87041
0.362791
1.07418
1.20153
0.944907
0.507165
1.65193
2.10875
0.321157
0.732951
3.02578
1.11554
0.904867
0.441134
1.0206
0.18167
0.0931452
1.72779
1.86823
0.679159
0.0101504
0.170692
3.64134
0.130907
0.466149
0.713757
1.45237
0.404111
0.123399
3.1033
1.54667
0.176953
0.0553272
1.21841
0.254827
1.02641
0.275429
1.6873
0.118538
1.17869
2.03916
0.198074
1.53556
0.36634
0.191381
1.68867
1.20614
0.661863
0.688917
4.47356
0.81028
0.221928
0.871165
0.859583
0.234174
0.386029
0.0349006
0.185064
0.0982646
2.69438
0.297502
0.126963
1.12764
1.11349
0.0262304
0.314778
0.0110865
0.417404
0.33896
0.0567471
0.702772
1.43441
0.242439
1.13611
0.653697
0.239678
0.450665
0.032904
3.63144
0.362204
0.0617882
1.58826
0.157866
0.149959
0.922604
0.0654324
0.976015
0.561824
2.49282
4.0709
1.24293
4.4342
0.356391
2.38378
0.834809
2.13019
0.82422
2.33837
1.03173
0.622112
4.66944
0.0233046
2.78276
0.497653
0.516069
0.452273
0.104747
0.640339
0.193358
1.40289
0.373498
0.459696
0.57157
0.0974186
0.248993
0.971756
2.21581
0.522356
2.54927
0.607311
0.70565
0.015373
0.616658
0.0224259
0.129532
0.993664
0.0378253
0.474825
0.047091
0.725952
0.801177
1.81154
1.61564
0.135123
1.25197
0.831634
1.78562
2.91926
0.0995253
0.630714
1.65535
0.137547
0.750309
0.628788
1.48765
0.199383
0.871279
0.170663
5.23367
0.329371
1.06547
0.280969
0.0301699
0.555864
2.31688
2.13692
1.70462
0.966599
2.47176
0.747976
0.0462205
1.04896
0.101029
2.40399
1.12175
0.197608
0.0281116
0.367821
0.368124
0.0159578
0.275948
0.12608
0.520427
0.523486
0.610002
1.35718
1.42086
0.756488
2.39289
0.347187
2.04196
0.0561635
1.3559
0.808519
2.15902
1.23976
1.10922
4.03667
1.31518
0.643105
0.21255
0.100592
0.790939
0.782118
0.782179
0.239297
2.15417
0.47092
0.247874
1.2021
0.77558
0.288889
0.173262
0.479318
0.102294
3.48992
0.652261
2.19095
1.58354
0.594068
1.45988
3.17867
0.879121
0.197478
0.22483
0.275122
3.16133
0.135551
2.45862
0.364864
0.289322
0.117607
2.28552
0.309982
1.90082
1.02498
1.97425
1.77163
0.45041
0.40414
1.34152
0.700771
0.0379278
0.386289
0.546075
0.000195281
0.379407
1.08308
0.707038
0.247396
0.434913
1.14307
3.20014
0.369226
0.0429372
0.149612
0.100847
0.888229
1.87489
0.394568
1.71271
0.174706
0.493436
1.03349
3.05647
0.0258765
0.11549
0.814219
0.459464
2.09546
0.827263
0.229106
1.69627
0.579442
0.521895
0.66264
0.27859
0.741416
0.480356
0.620366
0.558921
1.0027
0.604986
3.77103
0.224071
0.0922998
1.311
3.76858
1.16607
1.48462
3.87035
0.190167
0.247724
1.19081
0.13936
0.088594
3.15249
2.79117
0.719943
0.632168
0.22716
4.48203
1.85097
2.03446
1.92217
0.0865281
0.0431645
2.19776
1.45459
0.841974
0.450689
0.626812
0.014543
0.598918
0.369037
0.866558
0.157857
0.679095
0.68602
0.492832
1.63949
0.600965
0.99479
1.44536
0.346111
0.19633
0.799104
1.94746
3.21654
0.369502
0.138198
3.47256
1.01801
1.6768
0.472825
0.197629
0.721317
0.510141
0.247493
0.81025
2.51645
0.437233
0.236097
0.203472
0.339701
0.149811
0.10585
1.12742
1.3472
0.787744
0.415062
0.493344
0.539451
0.67021
1.82107
1.02062
0.423781
0.0195551
1.25918
0.150387
0.197988
1.26192
0.481266
0.44429
0.261295
0.720433
0.880908
0.342537
0.76039
2.46138
0.87577
0.0683079
2.02897
0.654652
0.178501
0.188829
0.431782
2.5249
2.52913
1.54594
2.40428
3.64817
0.264953
0.786945
0.542652
1.68785
0.247335
0.212183
1.14151
0.839502
0.43306
0.0213017
1.16845
2.87741
0.209998
0.484201
1.59956
0.327105
0.09912
0.054873
0.266824
0.716181
0.0409413
2.91212
0.0584077
3.77959
0.565081
3.53023
1.1177
0.297705
1.88398
0.106716
0.893164
0.927887
3.31059
1.51671
1.0112
0.547628
1.1389
0.309894
0.802246
1.06906
0.328927
0.658555
0.0621374
0.324574
1.35467
0.543164
0.287114
1.84566
0.237128
0.661742
1.43426
1.99695
0.0417094
1.33262
1.73757
0.923321
0.16022
0.465288
1.86394
0.263808
0.202224
1.42111
0.0944895
0.294488
0.00143982
1.41281
0.0311519
0.655272
0.0292647
3.41049
0.227094
2.36408
1.0283
0.217014
3.4915
0.223594
2.70576
0.10207
0.26483
0.00431484
2.65648
0.349833
0.0160581
0.703016
0.31363
1.46502
0.959385
0.51625
0.908654
0.00388392
1.54744
1.58018
1.73299
0.0777221
1.54006
0.151757
0.489758
1.67563
0.12868
0.927352
0.666067
1.0275
5.95877
1.55178
2.14174
0.152368
1.44991
0.622526
0.575348
0.480849
0.989715
0.186206
0.610073
0.70291
0.366167
0.735252
1.28938
0.995946
1.52403
0.752672
1.255
0.267592
0.550639
2.34122
1.56957
1.25154
0.173449
1.54648
1.0377
0.666156
0.950429
0.267545
0.0964616
0.0817317
0.985613
0.59293
0.720138
0.0558595
5.44868
0.771775
0.574072
0.0924634
2.10491
2.18076
0.301098
0.119307
1.25233
2.16807
0.22871
0.394161
2.95286
0.369749
2.00333
0.510094
1.67904
0.799513
2.44963
1.63592
0.184538
0.595991
1.28185
0.910245
0.282799
0.181711
0.0120558
2.15898
0.530807
0.325702
1.05251
1.13571
2.2679
0.604458
5.35265
1.88067
0.159971
0.505897
1.0304
1.86904
0.177114
0.553835
0.20505
0.143395
4.49207
0.878213
2.16224
0.423053
1.37663
1.06917
1.01859
0.00533669
3.05319
0.0409613
2.87442
2.38239
1.83795
0.224539
1.36163
0.0730623
1.15756
0.302923
0.392967
1.90985
1.84287
0.0197844
0.0865928
0.725054
0.395428
0.212203
1.84091
3.80981
0.225383
0.532928
0.107773
0.175295
0.866262
0.352561
0.523158
0.3505
1.61751
2.00181
0.0159749
0.705214
2.08473
0.838838
6.84124
0.424133
0.835401
2.78915
0.247727
1.73283
0.306732
0.0610652
0.823406
0.518057
1.40057
0.554912
0.284181
0.0306364
1.98502
0.857234
1.0262
0.2421
0.70286
1.61264
0.0257379
0.889822
0.402901
0.413214
0.608027
0.0415353
1.91687
0.231137
1.67122
4.3484
2.33603
0.0800063
2.98125
1.64107
0.535919
1.18725
1.64913
0.648732
0.00155742
2.01043
0.271295
2.13618
0.64337
0.261117
2.7162
1.2369
0.56964
0.279631
0.747548
1.06211
0.073364
0.0832126
1.33851
0.965921
0.730886
1.06483
0.372683
0.579763
0.0592202
1.0596
1.52947
0.722925
0.383818
0.106995
0.295856
0.729068
2.18634
0.81773
0.241554
1.14068
0.567734
0.0186595
1.25634
0.091375
0.104432
1.28846
0.605712
0.000552081
0.611503
1.9468
0.416334
1.66913
0.153481
1.50829
0.23374
0.11466
0.486072
0.948596
1.06524
0.289537
0.339327
0.807949
0.097066
0.485767
1.47932
0.977993
1.80489
3.91619
2.22222
0.85825
0.330395
1.40505
0.699211
0.450779
0.275168
0.584005
0.31212
1.16848
0.926753
1.10121
0.560065
1.00204
0.656189
1.27425
1.79045
0.890204
0.627641
2.34474
0.0441522
0.958539
4.16763
0.325754
0.031991
3.00835
2.07827
2.43181
1.10006
0.781258
0.145218
0.642892
1.87941
0.0750974
1.14738
0.291705
0.474251
0.479055
0.130255
0.186476
0.548129
0.744769
2.63225
0.563325
0.110745
2.81188
0.947209
0.105533
0.627473
0.13861
2.04497
2.07587
3.09563
4.78384
0.353906
1.80609
1.39297
1.50718
3.06707
0.179583
2.14082
1.0341
0.267777
0.151036
0.00779064
0.108384
0.736367
1.24165
0.424871
0.0740208
1.14348
0.353897
0.0169675
1.4738
1.00493
0.0482249
0.727492
2.33641
2.31307
0.905819
0.973897
0.408381
1.52485
0.998747
6.38864
0.127042
0.0624946
0.778711
1.22808
3.01597
1.21123
1.02629
1.77428
0.0967114
3.5309
0.985355
4.43474
0.0392086
1.73109
0.901901
1.63909
0.900594
3.70471
0.655415
1.20519
0.00280002
0.168637
1.81989
1.72772
0.0156046
1.51251
0.0907043
2.32286
0.671947
0.996911
3.02602
0.131742
1.78439
0.574586
0.543624
0.26706
0.393052
0.0591593
2.31616
1.90205
0.528333
0.0855799
0.372093
0.706202
0.335075
2.64084
0.579387
0.406531
1.09091
0.349353
1.03157
0.596112
0.124538
0.449159
1.08241
4.75098
1.40895
0.259227
0.0690386
0.501819
2.11256
0.481296
2.1995
0.892067
0.0687665
1.61751
0.40596
0.673289
0.797856
1.13409
0.137181
2.82264
4.28413
0.482271
0.0912725
0.408328
0.140985
1.53963
0.216902
1.86868
1.24988
0.568523
0.590555
1.0972
5.45337
0.544196
0.399323
0.400516
0.244632
0.876096
0.0986187
1.97747
0.0940875
0.514126
0.889426
1.58413
1.48342
0.733183
1.32078
1.06223
1.60214
0.29418
1.04918
1.7154
0.077779
3.09987
1.3074
0.623287
1.33674
0.146165
1.38615
1.81323
1.61651
1.32093
0.83459
0.275725
0.807818
0.354011
0.638401
1.82593
1.35569
2.03137
0.372692
0.992536
2.6494
1.28022
1.56533
1.14412
0.0894155
0.00340704
1.28075
0.906374
0.484003
3.36471
0.506319
0.407483
0.376382
0.458469
1.7113
0.638821
0.281915
0.931267
1.09635
1.25363
0.340349
2.29648
1.6295
0.840294
0.189422
2.60773
1.86423
0.524347
0.834403
1.04712
0.0371347
0.214472
4.27166
1.204
0.0308883
1.34442
1.36934
0.0420494
0.598632
5.92672
0.292376
0.0853267
0.373319
0.213507
1.36274
2.49222
0.285446
0.121876
0.0350954
1.17429
0.104104
0.237945
0.309433
0.901559
0.00784336
0.755551
0.712108
6.08127
0.0878622
1.88029
0.625997
0.525122
0.552125
0.757906
1.71356
0.0844233
0.766693
0.882454
1.55303
0.510157
1.72607
2.82293
0.466295
1.28407
1.18558
0.0379368
0.41682
2.22403
0.340169
0.12409
0.103343
1.02416
2.50897
2.20046
1.36487
1.60165
1.70047
0.574074
1.19777
0.550536
2.3381
1.40191
0.543152
0.60183
0.218749
0.142225
1.5379
0.6088
1.70439
0.148779
0.658809
1.20278
0.746172
3.10874
4.21251
1.41939
0.704201
1.96602
0.051251
1.96481
0.265906
0.197664
0.826943
0.278538
0.0233695
1.28261
0.912218
3.01858
0.261491
2.65389
2.61249
0.567679
1.34866
0.239984
0.319572
0.401114
0.587069
1.31368
0.669648
0.1275
3.25316
0.453575
0.757091
0.834628
0.487625
0.748335
1.42796
1.93861
0.926501
1.35664
0.40552
3.97428
0.945522
0.220416
0.404784
0.701142
1.88183
1.49601
0.314442
1.96013
4.28566
1.86734
0.50984
0.394435
1.86371
0.415126
0.538879
1.54716
0.691049
1.40875
2.07875
0.394415
0.919404
0.992571
0.750157
0.050978
0.0327832
0.0672239
1.7183
1.15727
2.75645
2.80773
0.251475
0.419185
3.38229
1.16817
2.07043
0.260042
0.0730052
3.2309
0.261668
0.482005
1.49169
0.0415067
1.14733
2.02331
1.68568
1.04726
0.615993
0.263292
2.09022
0.666841
3.08522
2.84706
0.927867
0.962698
1.11798
0.392573
2.22267
0.40743
1.06306
0.304671
1.10498
0.352326
2.10558
0.377847
0.234125
0.56397
0.132015
0.695345
0.717344
2.12154
0.221983
2.22376
0.301969
0.194581
0.564869
0.41379
0.856704
0.314925
2.63813
1.31978
0.338361
2.6258
0.165006
0.695915
0.58304
1.9075
1.37291
1.07035
0.691755
0.425315
2.40474
0.590572
0.307346
0.0035744
1.08199
2.74478
0.781297
0.375058
0.77605
0.059474
0.263039
1.43827
0.128595
0.693565
2.64358
0.629925
0.697711
0.259644
1.64226
4.66428
3.18209
0.774887
1.27468
0.484671
0.35541
1.06389
0.294306
1.53337
0.412602
1.046
0.1394
1.23446
0.072635
0.873021
0.710209
1.14518
1.22487
0.378635
3.05182
0.502691
0.32586
0.834848
1.6952
0.647016
2.29272
0.0701709
1.40192
0.486074
0.586963
0.866901
1.66865
0.149956
0.00234992
0.127377
0.910345
1.41019
0.289309
0.020311
0.971291
0.672609
0.409001
1.39838
1.39028
0.583024
0.016287
0.354846
0.643017
1.67343
0.00844269
0.0651447
0.319916
0.202046
0.70271
1.59318
2.04525
1.00355
2.2089
3.9055
1.15566
0.400347
0.471476
3.89982
1.80205
0.363149
0.781081
1.3046
5.22002
0.774932
0.154108
0.56114
0.0126325
2.67799
1.1172
0.068078
0.34663
0.286248
0.630338
0.587351
0.578714
0.684005
0.0142019
1.35422
1.71208
0.114139
1.83763
1.1911
1.18371
1.507
0.16569
1.20043
3.10529
0.300426
0.282738
0.225744
1.73618
2.19145
1.66266
0.685785
2.75529
0.776941
0.318583
0.859295
2.95514
1.71171
0.4035
0.491284
0.279284
0.29307
0.368942
0.197738
1.36058
0.793243
1.27736
0.418729
0.888277
0.251009
2.80677
0.441569
0.173683
1.0892
0.608062
0.0937967
0.232058
0.326079
0.642784
0.682835
1.00409
0.6851
0.732362
0.0399436
1.4313
0.354834
0.976825
0.0630874
1.86205
0.0553771
0.934456
0.828679
0.822332
0.218124
1.58998
0.241927
0.899923
2.74044
0.338251
1.52072
0.0395393
0.108332
0.219543
2.1847
1.54314
0.939078
0.0454236
0.72763
0.584652
0.20969
3.6613
0.730276
1.14434
0.177729
0.908253
0.90844
0.806632
0.253702
0.0122302
1.786
0.825837
1.39727
0.976358
0.0913833
2.34254
0.0894148
1.05352
0.220253
1.67522
0.785157
0.154727
0.556541
0.563687
3.44862
0.903872
0.196985
0.00627634
2.99933
0.180149
1.27012
1.56485
0.00584611
0.831293
2.66755
0.0444142
0.537222
2.68218
1.17393
1.05447
0.581407
2.0846
0.0309713
1.02772
2.01872
0.121172
4.85182
0.211024
0.390104
0.0338312
0.283033
0.770161
0.330873
0.968798
1.02289
1.36355
0.0044174
1.12852
0.846182
0.985648
0.84365
0.422249
0.602387
0.101253
0.554298
1.41119
0.974194
5.67792
0.187078
0.133542
0.36685
0.247549
0.424895
1.16354
0.25758
0.280126
0.481287
0.611676
0.00353411
0.628116
0.324066
0.503783
1.00844
1.92662
0.737562
0.0809425
0.429384
0.176121
2.32398
1.06444
0.540086
0.671485
0.727908
0.565204
2.40897
0.398017
0.305492
2.61978
0.915587
0.00794579
0.629947
0.289282
0.921121
2.23814
2.09828
0.0087277
0.0657122
1.49815
0.107854
3.47703
3.54029
0.109354
0.38985
0.25725
0.980297
0.495539
2.10552
0.782968
1.01259
0.132557
0.930689
1.06732
0.792614
0.387294
1.24329
0.500503
2.46082
1.66345
1.87487
2.10539
0.72201
0.183214
0.0393263
0.980883
0.141126
0.690152
0.675709
0.185487
0.340369
0.249668
0.0258923
0.602914
0.849353
0.373713
0.423267
1.11219
0.586647
1.84267
0.384696
1.958
0.447385
3.18148
0.318185
0.095279
0.988731
1.54513
1.32507
2.04584
2.15344
0.314652
0.465056
1.47488
1.85749
0.0691105
1.25739
0.862121
0.929262
1.7923
1.92295
0.880679
0.213993
0.169342
0.357814
0.0101878
0.34355
3.67966
1.19361
0.0359482
0.539859
0.593951
0.956724
0.412414
1.56712
0.0741874
0.585482
0.179359
0.550134
1.30637
1.21574
0.671337
0.844125
1.22913
0.249326
0.599885
1.2756
0.131827
1.10975
0.275113
0.175041
0.748648
0.276155
1.22918
0.585759
0.637344
1.47967
0.113024
1.09688
1.63356
0.975924
0.193156
0.279016
0.540874
0.134343
2.58755
0.32159
1.26399
0.54955
0.721356
3.03877
0.943524
0.271599
2.68236
0.84908
0.0917319
0.271449
0.162948
0.52254
0.431133
0.678594
0.409107
0.179997
3.34909
1.05433
0.918512
0.380521
1.52363
0.116736
2.27715
1.70875
1.70529
0.155274
1.46622
0.545944
0.347938
2.46097
2.01205
2.53109
0.407343
2.06666
4.12913
0.789554
0.15898
0.700773
1.45604
0.974037
1.89464
3.49691
0.857757
0.545533
0.84247
0.109693
3.73923
0.768779
0.33749
0.986363
0.175676
0.397048
0.763887
0.747997
1.64653
0.285587
0.141094
0.507213
0.629777
1.71705
0.308301
0.239054
2.20423
0.369267
0.601502
0.959472
0.754221
1.62239
0.147205
0.43138
0.0349547
1.03714
0.271491
2.00098
0.47694
0.367796
0.0758771
0.705885
0.638651
0.899114
0.601284
1.55295
3.22243
0.302746
1.64803
0.0814978
0.467034
2.34038
0.079953
0.594824
2.68722
0.52805
0.55427
0.231019
2.19277
0.257253
0.183064
1.04789
0.296336
0.580135
0.669323
0.753275
0.889717
0.895672
0.603119
0.567876
0.00982349
0.0682608
1.30419
0.459876
0.156885
0.545999
0.477803
0.0820647
1.29624
0.910714
1.68367
0.806865
0.416808
0.751482
1.01708
0.795758
1.40697
0.13363
3.69105
0.182998
0.123076
0.551523
0.215598
0.45529
0.893974
0.0504058
0.574022
0.000396175
0.228031
0.043896
0.977851
0.460507
2.98604
0.239806
0.752573
0.592658
0.165592
1.45943
0.168609
1.27228
0.611628
0.41646
0.0958275
2.96393
0.0214392
0.326418
0.234825
2.03818
0.302281
2.17528
0.46199
2.48222
2.17667
0.497647
0.652989
5.60043
0.87918
1.35646
3.3453
0.392979
0.558265
0.899378
0.914626
0.99989
0.404079
0.707298
0.887297
1.85218
0.379827
0.618109
0.366712
2.10047
0.180828
0.274655
0.493251
0.742062
2.33856
0.953358
1.10457
1.16178
0.210864
1.47104
0.536648
0.979242
1.54203
0.185694
0.500577
0.291912
0.433707
1.21805
0.52674
0.153649
0.229228
0.00113472
0.820496
0.677023
2.90471
0.373452
0.87704
0.10083
3.23009
0.427227
0.17118
0.0412083
0.294146
0.539308
0.295969
0.605591
0.748793
0.627364
1.50725
0.0310837
0.312484
0.391128
0.36233
2.94351
0.489865
0.183864
0.668603
0.208614
1.01446
1.01375
0.315973
1.32776
0.286075
0.124721
0.598051
0.758641
0.946127
0.950784
1.02905
0.11905
1.42762
1.41697
0.274076
0.112806
0.764129
0.482296
0.380183
0.0595435
0.942054
1.10831
2.31819
1.57994
1.06785
0.0296756
0.918616
0.691569
0.646309
0.0234188
1.72209
0.304175
0.735747
0.114415
0.240001
1.13006
0.193917
0.876549
0.264348
0.951716
3.20991
1.15675
1.11457
2.67494
0.897279
0.675543
1.55289
0.204182
1.96487
0.617783
0.280885
0.954174
0.575189
1.14773
0.0399584
0.364607
0.332366
2.50653
0.189737
1.0787
1.52955
0.632306
1.99939
0.978226
0.289109
1.57085
0.304432
0.84699
0.507156
0.368637
3.18041
1.64097
0.844343
0.508882
0.148373
0.392815
0.509183
0.400529
0.353047
0.108004
0.530943
0.927668
0.576229
1.47649
0.701738
0.833415
0.21007
0.445745
0.0634621
0.405614
0.0646594
1.27049
0.256648
0.265657
3.36836
0.920006
0.241202
0.954448
0.220089
2.04369
1.45436
1.24087
1.09114
0.312869
0.714882
0.20399
0.33874
0.269447
0.0579219
0.0739094
0.163624
0.990621
0.928451
0.949407
0.47351
0.753926
0.544682
0.278165
0.0262429
1.23696
4.5486
1.81364
0.37079
0.441198
1.06804
3.27438
0.495642
0.516143
0.0358242
1.58034
0.150227
1.5352
4.16611
1.36347
0.0859355
0.107457
0.288126
1.02833
1.69114
0.0523823
0.289788
0.0883339
0.389326
0.519921
0.990923
1.37577
1.1717
1.72224
0.0701771
0.035604
2.26404
0.0217823
0.137883
0.315963
1.25843
0.61132
0.122175
0.175142
2.74247
0.0312704
1.6624
1.50519
0.405813
0.321559
1.45957
1.16456
0.194812
0.16968
3.15781
1.60379
3.91582
1.2285
0.460191
0.500179
0.157631
0.893137
0.981422
1.36126
2.36765
1.11618
0.023606
0.622198
0.151877
0.339348
0.63801
3.309
0.809877
0.306158
0.912786
0.177189
0.109992
0.515132
0.644126
0.0879546
0.136849
0.143386
1.45858
1.25722
0.68859
1.61377
0.200146
0.0132675
0.171603
1.02056
0.480154
0.328864
0.168917
0.238407
0.682787
0.255355
2.38289
2.96457
0.26237
0.399268
1.32472
1.21537
1.16211
0.0879638
0.261852
1.99147
0.399692
0.128016
1.97123
1.16431
0.359443
0.0358628
0.159051
0.160706
0.288941
0.26845
0.437187
1.06813
2.47279
0.759303
1.89408
0.821543
1.3955
0.532134
5.92452
0.264744
0.412366
0.720645
0.0785455
1.16565
2.75818
0.0694913
0.277056
0.00216029
1.39386
0.160477
2.07893
0.0132767
0.767516
0.0209467
3.00437
1.91268
0.764787
0.500218
1.08171
0.438858
0.773991
0.00492955
1.66635
0.335221
0.0458934
1.17935
0.13871
0.0785128
0.420995
0.685696
0.528565
0.393662
0.751695
1.80812
0.141019
0.0244359
2.13161
0.462012
0.109177
0.292691
0.621123
1.10378
2.29071
0.353396
1.34363
1.28264
1.5649
0.534905
0.163495
2.25217
0.161769
0.469019
0.224202
0.0181294
0.700227
1.85518
0.191158
1.48673
0.773686
0.148991
0.403392
0.595651
0.326522
0.448375
0.544606
2.72662
1.12391
1.15947
1.38319
0.0928302
0.261907
0.130239
1.787
3.11797
0.655634
0.98331
0.796615
0.0181941
2.71545
0.530964
1.43346
1.13637
0.0630359
1.79924
0.00932464
0.181813
0.318111
1.19941
1.83689
0.687597
0.553373
0.411331
0.142725
0.103515
1.39129
0.931913
1.15495
0.0733248
0.536219
0.0995739
2.08188
0.518861
2.64086
0.87857
0.460996
0.0716249
0.00629046
0.0642325
3.42141
1.26214
0.102186
0.871418
1.02373
0.969944
1.46637
2.1356
1.05043
1.11967
0.96916
7.33519
0.116754
0.191075
1.30269
0.0200495
0.40558
0.519122
0.574482
0.993156
0.338074
0.562252
0.103294
0.0366799
0.236717
0.324492
0.149449
0.118975
0.270661
2.43503
0.595764
5.0769
0.219859
1.41172
1.45793
1.37328
2.20132
0.817024
1.2774
1.49026
0.213881
0.362532
4.46523
0.240856
0.805833
0.698311
0.235982
0.293358
0.995558
0.230394
1.09468
2.58218
0.0886839
2.59043
0.140344
2.61015
0.789441
0.175421
5.97115
0.371404
0.357247
0.655324
1.20168
1.00514
3.32331
0.40225
0.465075
0.540948
1.31321
0.542762
1.53438
0.833159
0.37824
0.420411
1.90523
0.984813
0.933621
0.0141835
0.139977
0.980208
1.51333
0.660625
1.71326
0.270847
0.0740913
0.503616
2.28773
1.08313
4.67877
0.00127271
1.26962
0.0210904
0.0525877
0.2942
1.82199
1.97985
0.4145
0.0517578
0.0231428
0.925391
2.83904
0.282042
1.54546
2.01411
0.342996
0.435295
1.00788
1.57686
0.381995
0.180866
0.458382
1.99813
0.800032
0.172184
1.34929
0.941972
0.278006
0.235139
1.50397
0.0514825
1.25062
0.692428
1.59887
2.16831
0.543145
1.36339
0.438604
0.506134
0.0805943
0.122203
1.76906
1.78975
0.52796
0.129046
0.292042
1.22017
1.30461
1.20304
0.606065
3.2891
0.630397
0.0854245
4.168
0.390115
1.16849
0.515633
0.221748
0.142209
0.10751
0.300473
1.87271
1.81176
2.78161
1.06043
0.755344
0.461138
0.622746
0.196042
0.372973
0.373157
0.609037
0.734521
1.52426
0.490459
1.80118
4.43648
0.411062
0.61444
0.0802326
1.94104
1.10903
0.603588
0.0884733
2.94333
0.275195
0.316657
2.20022
0.658188
0.579582
0.519204
1.58619
0.446756
0.3376
0.366065
0.218359
0.845887
1.94327
0.281531
2.99072
0.42359
0.598577
2.08238
0.986319
0.330297
0.231223
1.37053
0.796972
0.46574
2.92741
2.16781
2.10266
0.648909
0.308977
5.16369
0.404985
0.0444372
0.0498128
0.0423754
1.47617
0.121835
1.59499
1.24885
2.12772
0.0441036
0.663667
0.654169
1.84078
0.809628
0.74681
0.777482
1.64415
0.874628
0.29014
1.35357
0.641268
1.14589
1.54566
0.271773
0.660154
8.73753
0.0693189
0.259828
1.53547
0.283483
0.048232
0.0281905
1.5541
0.574926
2.09303
0.00219347
2.03958
0.443888
0.472931
2.4431
1.31071
1.38354
1.75691
2.21511
1.7021
0.629127
0.861268
2.851
0.63277
2.43669
2.67504
0.623971
3.70145
0.793471
0.176544
2.41282
0.295249
0.379017
0.326583
0.541428
0.409502
0.695462
1.0773
3.49622
0.10162
0.380773
0.100757
0.464423
0.984049
0.0204862
1.67548
0.0278155
0.828797
0.547691
0.208547
2.99877
1.165
0.443301
0.155405
1.09805
0.10428
0.393323
0.485719
0.434855
0.0871847
0.77761
0.0927156
0.926482
0.511947
2.28713
0.632458
0.431065
0.667688
0.978512
0.557148
0.567916
0.0117418
3.69225
1.48158
1.99742
0.497707
0.887208
0.0955041
0.803671
0.122268
0.683455
0.123781
2.28259
2.51527
0.474022
0.861145
1.54068
1.19103
0.242445
0.0843686
1.08959
0.105492
0.651774
0.195827
0.275338
1.29522
1.49991
1.34663
0.298435
2.29193
0.243262
0.0119821
0.533305
1.72065
0.587034
2.38283
0.1939
0.578635
1.16316
0.589921
0.645388
2.74638
0.335167
1.25871
0.414664
0.553267
3.05007
2.21947
0.0190248
0.0879618
3.28162
2.25374
0.136308
0.839204
1.14074
0.223031
0.388431
1.63637
1.02291
0.720224
0.18048
4.23927
0.0360594
2.23029
0.563654
0.163323
1.48874
0.125995
0.361636
3.80593
0.0620501
0.391115
0.00543071
0.392352
1.4846
0.250931
0.457664
0.458438
0.278819
0.747566
3.97196
1.53782
1.08403
2.2144
1.66371
1.09982
0.397253
3.21875
1.01696
0.918677
3.03571
1.75821
0.55537
1.27024
1.25832
1.09146
1.01943
0.167119
3.37689
1.46181
1.19819
0.199417
0.0700787
0.548042
0.0107296
2.24553
1.59328
0.316927
0.314922
0.244791
2.03428
0.570557
2.26525
1.48535
0.0029074
0.047913
0.377863
0.127299
1.9563
1.36471
0.210833
0.251907
3.1403
1.78673
0.43568
0.214352
0.293325
0.173255
2.21339
0.0866898
0.788257
0.777614
0.302207
0.247234
1.26373
1.57278
0.187867
1.47071
0.987335
2.05081
1.75663
0.0690071
2.41695
0.663341
1.45997
0.122148
0.352602
2.63045
0.372518
0.920603
0.474892
0.411896
0.382873
1.6974
0.893842
0.650343
2.63389
2.834
0.319747
0.48698
1.446
0.279503
1.57623
0.612445
0.182381
0.358997
0.238613
0.0201528
1.83371
0.549024
3.15607
0.060144
0.209283
0.233695
0.202916
0.207452
0.0133174
0.66658
1.05912
0.360512
0.529285
1.09251
0.100542
0.935382
0.0472749
0.889798
0.339753
0.510644
0.919553
0.018736
0.0616134
0.341831
0.810582
0.404486
0.96314
0.426481
0.756034
1.29197
0.0243221
0.630478
0.957177
0.137758
0.326663
0.298304
0.417709
3.35596
1.54303
1.34917
0.815897
0.869181
0.358879
1.22115
0.466291
0.176559
1.53767
1.09118
1.0059
3.24053
1.15218
6.24682
0.192248
1.80536
0.461838
0.408308
0.252758
0.170306
0.0846859
1.38092
2.35371
2.67801
0.672874
0.904908
0.985541
0.0745431
1.08633
0.409473
0.175897
1.5172
2.54211
0.505072
0.493231
0.497049
0.0689
2.86063
1.03079
0.20515
0.311459
0.881771
0.419512
1.93799
0.249327
1.24874
1.48674
1.39896
0.0163618
2.36544
0.362457
1.33226
0.835226
0.317483
0.959462
0.844785
2.68874
0.42581
0.742814
0.0724246
2.76997
0.426328
0.0531472
0.838837
4.62653
0.159558
0.85551
0.485529
4.43248
0.797421
0.270996
0.712783
2.50843
1.26507
0.522027
0.132121
1.04249
0.68575
2.32048
0.569503
0.251275
0.747578
1.51635
1.56523
0.920265
0.50546
2.78026
0.855593
0.360038
0.933482
0.210273
2.78573
0.307122
3.79092
0.183401
0.376742
3.25397
1.31774
1.33692
0.793588
0.0949673
0.203067
3.02265
0.781831
0.220627
0.774255
0.252505
0.0963657
0.54794
0.644835
0.873793
3.067
1.39493
2.33771
2.47067
0.937639
0.397625
1.26611
0.0968644
0.274421
0.427839
1.3111
0.162571
0.664984
0.1198
1.15007
0.254624
2.89622
0.0117049
3.30959
5.00052
0.39642
0.358218
3.58081
2.44667
1.53412
0.227915
0.106955
1.37392
0.292458
0.00842285
1.68972
0.889517
1.09322
1.68605
1.55505
0.0459462
0.34932
0.957738
1.01617
0.10491
0.372109
0.360757
0.151768
1.22319
0.152962
1.00077
0.745231
2.27108
0.590222
0.582051
0.469484
0.433965
0.58854
0.724758
1.60065
0.635045
1.59083
0.2868
0.039231
0.103987
0.0913409
0.0784383
1.49776
1.41245
1.75453
1.34556
1.08372
0.403768
0.526555
1.78288
0.697494
0.605424
0.0822661
0.105713
6.14188
1.46282
0.246826
0.552825
1.19372
1.59017
0.276164
1.9829
0.208274
0.85714
0.9123
1.68072
0.769746
0.52427
1.12019
0.622832
0.15492
0.485204
0.00909436
0.894378
3.31112
0.481314
4.27705
0.557613
0.262717
0.660714
3.97449
0.287671
0.200124
1.02203
0.667204
0.118149
2.77492
0.528893
1.63253
1.24956
1.38241
0.0431206
1.78121
1.08087
0.921549
0.691293
0.0462226
1.72801
0.266058
0.717752
0.0307732
0.536534
0.73283
1.28753
0.612035
1.70022
1.49319
1.24284
0.124461
0.852337
1.42311
0.551622
2.39881
0.124974
0.104203
0.658643
0.272383
0.519426
2.13431
0.13494
0.343014
2.43431
0.713468
0.536635
1.16336
1.31366
0.511188
1.6737
0.0704233
0.257019
0.260761
0.615693
0.668124
1.42754
0.354024
0.679164
0.120196
0.225962
0.0467394
0.713463
0.73804
1.09401
0.228357
2.73097
1.36344
0.452115
1.21469
0.406066
2.51528
0.760232
2.48319
1.61213
0.753849
0.897482
1.20613
0.100881
0.517068
0.666037
2.11101
0.361451
0.391866
0.563165
0.263215
0.0514729
1.11757
2.42974
2.66324
1.48402
0.284029
0.187785
2.13209
1.27561
0.667493
1.39127
0.204578
0.289722
1.92979
3.21957
0.486267
0.102328
0.131387
1.79586
0.279595
0.500036
0.993435
1.87401
0.279894
4.69305
0.114689
0.148962
0.101659
0.821893
0.0804872
0.454806
0.396227
1.47368
1.30147
1.3345
0.0466274
0.016551
0.231951
1.69409
1.18951
0.23243
1.19271
4.3506
1.4451
0.97468
3.69368
2.62267
1.84159
0.0896643
0.887078
0.316312
0.224398
0.403615
0.47599
0.0547433
0.317771
1.03322
0.141415
0.295026
0.585773
0.148375
0.37358
0.59162
2.92701
1.20156
0.385088
0.315116
2.14691
2.48394
0.0323725
0.661246
0.572371
0.878329
0.520194
3.02051
0.0545169
1.77281
0.146057
4.91281
2.14822
1.25931
0.413458
1.5154
0.432419
0.953191
0.359231
0.0399812
1.74866
1.32855
2.70222
0.89151
0.753568
0.199742
1.30908
1.13648
1.45667
1.34745
0.179225
0.615567
0.346058
0.683571
0.22626
0.302548
0.00757266
0.142346
0.460939
1.33261
1.00914
1.10804
3.83179
2.23603
1.17027
0.0411032
1.80993
0.163312
1.03391
0.980302
0.434593
1.0188
0.290542
0.176303
0.331803
0.200001
0.503408
0.718506
1.00188
2.42333
0.834185
0.222511
0.0568818
2.62346
0.363138
0.504463
0.740605
0.447328
2.23918
1.60881
0.757838
1.6764
1.67975
0.499943
0.598995
0.399976
0.706571
0.118236
0.149367
0.554985
1.04862
1.07584
0.26958
1.06282
0.349086
1.23554
1.22008
1.31592
0.0443835
0.197927
1.14766
0.2715
0.0159065
1.18551
0.515407
1.42697
0.318464
0.498085
0.146938
0.517116
3.42645
0.340977
0.633158
1.1034
1.11679
0.118262
2.18422
0.839783
1.56787
0.207513
0.067779
1.76362
1.93181
0.176234
0.457377
0.238628
2.13501
0.366842
0.196278
0.295873
0.335945
0.620663
0.79581
0.796111
0.558643
0.507803
0.32385
0.383733
0.88037
0.108066
1.1145
0.920496
0.702248
0.262302
0.90974
0.243252
3.40466
0.170736
0.638628
1.16992
1.62252
1.46135
0.466176
0.233671
0.0421076
1.11894
0.608768
0.732106
0.936574
2.02678
0.0957895
0.0040216
2.46921
0.420586
0.573641
0.262864
0.57768
0.972933
3.24325
0.0781077
2.94045
2.52067
0.744058
1.80727
0.486462
0.586002
0.13867
3.97704
1.74061
0.526913
0.0846981
0.66973
1.00584
0.636385
2.71927
0.0139424
1.28065
0.673488
1.32321
0.0164889
2.43158
1.26501
0.613852
1.06847
0.22336
0.574201
0.689796
0.0140904
1.02839
1.31842
0.0143921
0.633413
0.263664
0.162709
0.316631
1.01205
0.685523
0.325391
1.59134
0.0608194
0.322382
0.872015
0.720632
0.0184343
1.19432
1.34817
2.68882
1.54811
1.07447
0.0323625
1.63564
2.69852
2.98435
0.929781
0.500492
1.58689
1.17302
0.47914
0.137098
3.38749
0.185174
0.518489
1.82308
1.56554
2.34834
0.452325
0.241001
0.0609966
0.393968
0.0489892
0.390604
1.86273
0.907738
0.62649
0.104949
1.5597
1.03152
0.50263
0.0556273
0.202852
0.580449
2.57475
0.147402
0.268084
0.174944
0.363206
1.82878
1.04118
0.435361
1.16428
0.148986
1.02245
0.233192
0.237667
1.40699
0.0899205
0.0152363
3.09475
0.0629694
0.616732
1.40281
0.794869
1.09375
0.775943
0.650998
0.149345
1.18968
0.946059
1.34253
0.00977384
1.20006
0.716581
0.150884
1.54918
0.196433
3.84827
0.764236
1.59795
0.81359
0.102777
0.0216915
0.0613688
1.71574
0.454679
0.646906
0.797563
0.891303
0.0873157
1.43312
2.44218
1.33643
0.187474
0.0414764
1.07204
6.03513
0.560527
0.0135799
0.144656
0.061753
0.0880382
1.13057
0.142875
0.209287
1.60899
0.0365894
1.36041
0.120494
0.0556471
0.837458
0.0479725
0.464432
4.18516
0.186379
0.173047
2.16646
1.16626
1.00157
2.29575
1.44619
0.161891
0.974515
1.65115
0.400254
0.0715066
0.0042331
0.0268831
0.633351
2.71199
0.69808
0.846118
0.945261
1.34496
1.8533
0.419407
4.81914
0.487206
0.520765
0.977892
0.285802
0.407466
2.48756
0.43187
1.1338
1.07734
0.00525141
1.87104
0.346493
3.33799
1.01202
0.549595
2.27235
0.302172
0.0653757
4.03917
0.180829
0.0510842
0.511852
1.91641
1.23101
0.57048
0.0862928
0.273884
0.849568
1.77245
0.0195194
0.143584
2.99195
0.0269455
0.497169
2.2805
0.0304306
0.249316
1.39436
0.338858
0.225744
1.73668
2.11183
2.06794
3.12408
0.0989552
0.0539466
2.26957
2.39358
0.00542614
1.64842
3.11279
0.0202633
0.502828
0.681902
1.35781
0.0923893
2.06643
0.193462
1.07463
0.678395
1.45782
0.769938
1.04113
0.723167
0.769637
2.70556
0.364492
1.19124
0.874631
1.59337
0.278752
0.019289
1.02491
0.0220902
0.044307
0.407416
0.529471
0.357443
3.95449
1.02384
0.926762
1.15237
0.0415338
0.621023
0.0419291
1.74966
1.0703
1.40196
0.129646
1.4137
0.0875032
0.170609
0.230878
2.07813
0.259852
5.14563
2.91837
1.48187
0.229461
0.82595
0.110591
0.0736354
0.749586
1.79276
0.12715
0.907723
1.73812
2.38939
1.25968
1.90149
1.73624
3.76475
3.14018
0.0409401
0.187333
0.401235
1.36006
0.193276
2.88396
0.511089
0.137371
0.58236
0.657984
2.08488
1.51613
1.20876
1.77454
1.62241
0.200563
0.75723
0.992573
2.76385
0.0215041
0.393875
0.0753264
0.72
1.46399
0.0745547
0.5624
0.76241
0.620179
0.451969
0.00329606
0.642994
1.24088
1.29929
2.75405
0.413275
0.153584
1.27183
0.612577
1.67652
1.8215
0.505157
0.626415
0.172174
0.663413
0.451157
0.275671
1.27994
0.322658
1.90709
0.0556038
1.1188
0.300028
0.18998
1.27771
2.14865
0.758829
2.48392
0.447017
1.14812
0.0882006
1.49901
1.62449
0.700058
0.438834
1.06974
1.79222
1.71603
1.29335
0.485884
1.44313
0.18164
2.15192
0.0712952
0.205692
1.46133
1.22681
1.7012
0.171305
0.18569
0.0979443
0.958415
2.0914
0.432428
3.61246
2.4488
0.104217
1.50039
4.43239
0.952647
0.509999
0.838443
0.658461
0.407097
1.74542
2.24617
0.408473
2.60062
1.28583
0.922177
1.16867
0.505873
0.557288
0.0791709
0.0525662
1.32468
0.212252
0.177419
2.35638
0.0124896
0.0950351
0.641062
0.881434
0.265486
0.930111
0.0971074
0.655445
0.0581583
0.0743961
0.421869
1.77936
6.1333
0.0816538
0.154623
1.04329
0.833611
2.8231
0.0950177
0.214913
0.717923
0.70115
0.0119948
1.19506
0.0251699
0.496927
0.536605
0.733655
2.02425
0.277168
0.376679
2.80631
1.23614
0.112714
0.169483
0.838109
4.56402
1.43724
0.0113564
0.911474
0.768966
1.56571
0.964676
0.967211
2.34983
0.909639
5.75193
0.583424
0.228295
0.845051
1.67936
1.31343
0.782286
4.48168
0.0163568
0.777613
0.732185
0.579708
2.13751
2.07509
0.408372
0.0938021
2.44846
0.0466944
1.4023
0.517623
0.255775
0.014945
0.656625
0.678752
0.347281
0.462385
0.983335
0.391968
0.420387
1.6195
0.164763
0.23403
0.125685
0.738756
0.0586026
0.370647
0.261833
0.218494
0.137038
0.000882324
0.684263
1.17852
0.284217
1.35994
0.399953
2.22062
0.513284
0.240761
3.2181
0.617546
1.55625
1.30285
0.645948
2.20743
0.115135
2.19665
2.4261
0.227196
0.780575
2.04375
0.0511025
0.0130661
1.78725
0.063178
0.805707
0.536473
1.69053
2.13733
1.00422
0.678505
1.47554
1.12726
1.04625
1.44411
0.0240355
0.68338
1.91176
0.103633
0.827548
0.743551
1.30194
1.1945
0.53804
0.96787
1.56735
0.668124
1.03119
0.0237443
3.59107
0.499171
1.38087
0.827419
0.51443
1.03995
2.6758
0.703953
2.83104
1.34557
1.68331
0.566747
0.9852
0.533049
0.422294
3.73738
0.758682
1.95652
1.00555
0.996923
0.990889
0.113269
0.220784
0.0202121
0.130246
0.623226
1.60793
0.696793
0.623694
0.361444
2.01249
1.18595
1.18998
0.054241
3.11969
1.94347
1.57191
1.20227
0.301228
1.95945
2.69456
0.862052
1.31877
0.170299
1.69758
2.27345
1.01106
0.53536
1.30379
1.72702
0.814009
1.00855
0.745141
1.27138
0.0403472
0.527443
0.531006
0.269904
1.26726
0.911442
0.722701
0.562665
0.322248
2.1244
0.0280764
0.579379
1.6677
0.701311
0.219396
2.20652
1.26061
1.00738
0.677839
5.18176
0.279454
0.305332
0.0180392
0.37042
0.6349
4.81718
0.16883
0.501487
2.10804
0.566805
0.605899
1.65186
0.625738
1.19489
0.432147
0.648069
0.0625245
1.1818
0.0236141
0.641004
1.99444
2.37256
2.16912
1.1365
0.34226
0.119469
0.343534
0.0498473
1.95989
0.258381
0.0882667
1.22142
0.938219
0.322752
3.17764
1.37045
0.498567
0.420641
6.01273
0.297459
0.5188
0.456487
0.678322
3.48567
0.942942
1.28016
1.13022
0.691688
1.45155
1.29064
0.632028
4.61616
3.45118
0.390301
0.0378974
2.18135
1.49946
0.346158
1.70206
1.53318
1.63725
0.0662467
1.34514
2.23184
0.24074
1.10542
0.691414
0.444252
2.69141
0.101135
1.50993
4.05405
3.41824
0.304374
1.40871
2.97627
0.358776
1.09408
6.0683
4.27866
0.237002
0.238895
0.0745974
0.608396
0.207807
0.677629
0.942092
1.18061
1.87844
0.491497
0.249258
0.546764
0.59715
0.237773
0.00494564
0.187706
0.0584742
1.82757
0.443884
1.22914
0.558149
0.577272
0.832407
2.09827
2.59092
0.863554
0.0322746
1.85748
1.6431
0.721876
0.0576274
0.165466
0.0437122
0.739837
0.166024
1.383
0.465803
2.19222
0.271134
0.171874
1.34862
1.58878
0.750758
0.23876
9.50358
0.597399
1.50885
1.20371
0.19144
0.53475
0.422125
0.143434
0.558361
2.29685
0.352125
1.30035
1.98042
1.02221
0.189804
0.0777019
0.528554
0.671625
0.479326
0.816617
0.605487
3.53261
0.67417
0.17914
1.15115
0.114535
1.79079
0.0991031
0.754268
2.01729
0.690731
1.73599
1.81623
1.61757
0.0261508
0.588736
0.0181213
2.2645
0.100155
0.171292
1.08071
0.413993
0.301718
0.582287
0.651704
3.31521
0.278021
0.14284
1.64562
0.56198
0.384324
0.839858
2.38025
1.41262
1.17616
2.86257
1.28535
0.895862
0.00215788
1.52297
4.34929
0.508944
0.0255043
0.0979478
1.18418
0.747624
0.471553
0.889192
1.48941
1.02675
0.398449
2.29099
0.851914
0.163076
1.16235
0.89063
1.143
1.08417
0.551264
0.107597
0.375671
0.155835
0.600376
0.622284
0.359079
1.33991
0.842939
0.407689
1.32347
0.0556729
0.0860575
0.0867127
0.155749
1.23624
1.57487
0.0652441
0.164717
0.852123
0.933086
0.0943554
0.995902
0.196764
0.907936
0.737791
0.584838
1.11638
0.6686
1.86573
1.98168
2.79158
1.14446
2.99196
2.32867
1.26193
0.494169
0.218502
0.881521
0.041547
0.752236
0.193945
2.0239
0.991654
1.7166
3.13247
0.793162
0.355961
0.222962
0.335902
0.620023
0.684943
0.00709451
0.491522
4.13994
1.93817
0.79974
1.21107
0.0570021
1.67565
0.124876
0.387442
0.48011
1.10505
0.206987
0.909998
0.0623552
1.51041
3.20724
1.60521
1.70036
0.694832
3.14697
5.44248
0.755535
1.28119
1.13365
0.460332
0.235322
0.104635
0.75834
0.511705
1.15292
1.75256
0.982306
0.303427
0.915645
1.79354
1.246
0.125885
3.18054
2.13964
0.861758
1.64422
0.271295
0.0647895
0.684915
1.42443
0.612203
1.34854
1.43344
0.575132
1.09598
2.948
0.986686
1.02449
1.5509
0.860353
1.49246
0.932624
0.294803
0.361046
0.503644
4.70113
0.158461
2.46384
0.510585
1.7701
1.24101
0.518543
1.4038
3.39199
0.329735
1.02365
0.789793
2.3261
2.79575
0.541938
0.668093
0.815057
0.591765
3.87732
0.128044
0.119896
0.448968
0.383892
0.110846
0.564712
1.90834
0.796679
0.618291
4.05149
0.305474
1.54842
0.533452
1.22344
0.255269
0.252218
0.186446
1.22218
0.0682972
1.06555
0.337721
0.688899
0.133464
0.804702
1.02936
0.0534157
0.834725
3.17903
0.0607855
2.39383
0.469772
5.82882
0.531535
0.0162883
0.0957172
0.95209
0.18072
1.78349
0.987268
0.0994544
0.739172
2.91777
0.360906
0.124829
0.185299
1.0818
0.590264
0.088533
0.854697
0.351841
2.53411
0.618896
0.165115
0.870597
0.750159
0.294945
1.75677
0.646148
0.0326606
1.3998
0.868887
1.16091
1.2805
0.756884
1.51075
0.744559
1.80639
1.14865
0.244685
1.05362
0.412896
0.628695
0.021927
0.882021
1.10005
0.147511
0.540682
0.118627
2.33265
2.59055
1.76293
0.293894
3.68564
1.70484
0.261643
0.338221
5.00006
0.269188
2.65942
8.76622
0.772292
1.31368
0.111139
1.06672
0.057155
0.99058
0.251218
1.92605
1.06864
1.89367
1.32497
1.44427
0.244294
0.133106
1.46584
0.771346
0.35533
0.15974
0.797099
0.509431
0.00213918
2.80352
0.486285
0.0748903
0.295617
0.711242
1.37275
0.683937
0.903858
1.27768
0.377461
1.5308
0.251196
1.47862
0.412804
0.197104
1.64034
1.15371
0.0829359
0.433293
0.554043
0.466305
1.19102
0.43901
0.31085
1.91986
0.558445
0.332817
2.47042
1.10662
0.375859
0.185147
0.735381
0.2684
0.654659
1.76648
2.91667
0.114437
0.097421
0.7529
1.04496
1.50385
1.1218
2.96208
0.0059472
2.20434
0.453041
1.20067
2.00086
0.571908
2.19271
0.585907
0.000102619
1.35768
0.035516
1.16898
0.103815
0.901528
0.28972
1.92363
1.74151
1.56766
1.59856
2.00906
4.55515
0.569952
0.820479
0.0910951
0.168753
0.386293
0.165385
1.64761
3.06844
0.973062
3.28151
0.106637
1.00783
0.689616
0.141638
5.16145
8.23054
2.51259
0.986156
0.258813
1.8669
1.67855
0.0953287
0.513113
1.75971
4.2236
0.605584
2.65865
0.580742
0.113206
1.10623
0.691398
0.50254
1.32741
0.887195
2.69599
1.02571
1.06765
0.145286
0.747192
0.939702
0.155039
0.601954
1.42597
2.46509
1.44965
1.19227
0.230603
0.0978054
0.495306
0.418251
1.2668
0.104358
1.46924
0.0789295
0.375786
0.0546819
0.956958
0.241204
0.411762
0.673946
0.266143
1.10289
1.14877
0.225015
0.571928
0.277928
0.183695
0.639601
0.584277
2.51861
0.444452
0.504228
1.013
2.69891
1.1205
0.154604
0.0523718
0.247468
1.02228
0.221777
0.228758
0.16989
1.31562
0.0874173
2.71187
0.785032
1.47822
2.28003
4.40265
0.371163
2.91514
2.52225
2.53279
0.452047
2.99506
1.18289
2.54001
4.40801
1.05298
1.01173
0.186715
2.3186
0.200723
1.30971
1.36805
0.0362701
0.047608
1.32949
0.566441
1.29783
0.420575
0.544806
1.05757
1.0867
0.561683
0.305498
0.513378
2.042
0.717398
0.13207
0.211071
0.492215
3.26347
0.677009
1.35187
0.181172
0.412161
1.01975
0.113515
0.03492
1.53526
0.905468
0.195473
0.437422
1.74083
0.20797
0.958488
1.19044
1.05698
0.0487083
0.378091
0.985444
0.59801
0.934172
1.4564
1.19439
0.703565
1.0368
0.739726
1.3396
0.0418365
0.381292
0.336515
2.0259
0.976325
0.0856471
0.465769
0.902272
0.28707
0.318972
0.427364
0.198234
0.163897
1.54601
1.10256
0.344961
1.83963
0.916017
0.310647
1.36566
1.941
0.500317
0.136993
3.94196
0.365251
2.08972
0.083834
0.686697
0.0180526
0.991726
0.235926
1.00181
0.796029
0.152715
0.51957
0.637054
0.344219
1.10262
0.613017
1.6494
0.885579
0.915084
1.61828
0.761483
0.355907
0.0685536
0.0684966
1.85193
0.365283
1.26141
0.173988
1.00936
0.751659
0.298766
0.115707
0.768605
0.450209
2.96201
0.432526
0.274928
2.11419
0.352383
0.0925516
0.422242
0.416266
1.09288
0.811337
0.499355
2.79985
0.0150159
0.0638761
0.490854
0.174771
0.0171299
0.304622
0.128267
1.13142
0.104927
1.23272
0.143267
1.0046
0.585541
4.69793
0.360005
1.95523
1.21891
0.18841
0.728326
1.87183
0.367034
0.282049
3.55316
4.1959
0.167252
0.649509
0.649253
1.56749
1.39495
0.148774
0.107197
0.0433289
0.0580526
1.20701
0.483007
0.451881
0.303785
0.59275
0.471063
1.25275
1.19879
2.03734
1.11871
0.547706
1.03332
1.168
0.164399
0.0719333
3.78119
1.95937
0.185527
0.224008
0.198332
4.17844
2.34163
5.5122
0.371658
0.240338
3.48373
1.75786
0.763072
0.194262
1.46978
2.00048
3.52048
3.5277
0.94106
0.143532
1.1193
1.37231
0.718131
0.0522854
0.106329
0.134133
0.293992
0.379354
0.734971
0.977983
0.206402
0.0284882
0.359664
0.487485
0.0682894
0.360821
0.408795
2.95311
0.117985
1.46287
0.117229
0.360739
0.954385
2.63086
2.80761
0.297459
0.419283
0.15558
3.00563
1.39503
0.237276
0.19327
1.50411
0.574032
1.50854
2.51134
0.220704
0.0534336
0.440669
2.30289
0.809394
0.0276822
0.306485
1.40692
2.11333
1.44385
0.187822
0.601103
1.22297
0.276487
0.912083
0.56486
0.232294
0.535469
0.920044
1.05295
0.365642
0.199215
0.26527
0.194063
1.11599
0.00699336
0.642609
0.623655
0.215063
0.433853
0.906816
1.10029
1.22358
0.300351
0.057502
0.942689
0.0289134
0.977841
0.663079
1.78945
0.0750207
0.0152314
1.07872
0.140722
1.73853
0.256726
1.40609
0.121248
0.0840504
0.233826
0.0502189
1.15383
0.0544253
0.388687
1.06886
0.353786
0.608983
0.170793
2.33358
0.0167484
1.94558
0.0172537
0.866449
0.577803
0.330993
1.44005
0.597546
1.10989
0.113871
0.641921
1.25892
1.24677
1.57808
0.632619
0.686391
0.789984
0.0925619
0.00586077
0.215318
0.385212
0.00302136
0.688872
0.820026
0.542045
0.560496
1.22117
0.900205
1.45372
0.131117
0.0524545
0.805618
2.86636
0.840406
0.277189
0.581842
5.15753
0.885654
1.17051
0.872504
0.0526337
0.694512
0.0256946
0.283989
2.506
0.0874014
0.158746
1.47521
2.68385
1.82822
2.08583
3.51037
2.98385
0.596189
0.286664
1.48985
0.0426086
0.401773
1.53713
0.488055
0.04005
0.794191
0.72795
0.967691
1.45156
1.94535
0.194982
1.50034
1.15232
0.351552
0.386127
2.11592
0.607687
1.15711
0.477928
0.863095
0.164677
2.175
0.265467
1.57894
1.01222
0.30538
1.32941
0.204556
3.66423
3.01425
0.540946
2.79981
0.177258
0.209758
2.86701
3.47505
0.602959
2.3935
0.693095
0.339145
0.0145438
0.184166
1.76471
1.33196
0.845118
0.0473293
0.630541
0.100356
0.390072
1.22938
1.45304
0.416051
0.346801
0.0198437
0.995336
2.91326
3.87553
0.119774
0.613015
3.52103
1.40926
0.508553
0.964071
0.64421
3.02
2.62261
1.17977
1.31355
0.352555
0.985837
1.54125
1.79683
0.0990042
0.46157
0.0373448
0.849892
1.19168
0.412148
0.212631
1.43451
1.98323
0.791282
0.256569
0.432509
0.358731
0.417329
0.920019
0.342122
2.10163
0.287459
0.255382
1.95322
0.0131362
1.54351
1.00545
0.821513
1.65054
4.52335
0.903582
0.0116175
0.343976
0.00819031
0.374254
5.466
0.557826
0.864851
2.42739
0.0839394
0.699222
0.47518
1.88575
0.159484
0.109332
0.0586778
0.719923
1.61077
0.01438
0.116235
0.688736
2.77249
0.291621
0.00598112
1.70362
0.757024
0.583499
0.516604
1.4142
1.26774
0.804951
0.574928
2.17775
0.258287
0.607447
0.856544
0.0654981
0.886
2.0296
0.370783
1.32783
2.42673
0.506339
2.0408
0.648768
1.29484
3.70489
0.64265
0.22068
0.843505
1.85788
0.779535
0.850973
0.191942
0.229825
0.456074
2.05754
3.13345
3.89389
0.636697
3.47968
0.534887
0.14994
0.130332
1.70847
1.01067
0.48369
0.102859
0.805149
0.48398
0.497921
2.82829
0.381408
1.49555
0.626459
1.3677
0.740462
0.163438
0.52093
0.682957
4.51258
1.15954
0.468081
0.824276
2.14542
0.421726
3.35308
3.55314
0.0991572
2.34694
1.26618
0.253022
3.16743
1.06918
2.22119
2.54174
1.22152
1.29674
2.43654
0.3788
2.21859
0.291523
0.0569794
0.698754
1.71246
0.743224
0.411178
1.86381
2.23756
1.33503
0.592279
2.6082
0.302942
2.3702
1.90872
1.39238
0.316814
0.667202
0.955664
2.82862
0.574553
1.87079
0.630299
0.573808
3.36622
0.945793
0.308854
0.0491616
1.1488
0.286305
0.211298
0.444237
0.578094
0.809163
0.264991
1.54492
0.036698
0.123522
0.21852
0.784664
0.434725
0.601945
0.54518
2.35641
1.59785
0.570661
0.875194
0.676962
0.583612
1.35051
0.892242
0.726893
0.269427
0.270429
3.4076
0.508856
0.648213
0.249364
0.143276
0.565098
0.203084
2.05729
0.154801
1.99555
0.0486326
1.56909
0.133945
1.48126
0.145021
0.628492
2.84646
0.386393
0.291268
0.537954
0.0939902
1.16472
1.34605
1.49044
0.251045
0.355317
0.122748
0.688283
2.88024
0.746629
0.370158
0.201218
1.35814
0.400132
1.35883
1.7649
0.890985
0.183612
0.123079
0.648017
0.41661
1.53071
2.14997
0.733285
0.782071
0.475938
1.99092
0.197609
0.68594
0.319362
0.912054
2.34928
1.92945
0.0108107
1.39023
1.24541
3.20839
0.44498
0.319367
0.379885
0.502997
1.09881
0.0148446
0.663058
0.962599
0.278685
0.148911
1.70934
0.333582
0.0383719
1.41353
0.0839221
0.299161
2.21811
1.84236
0.725625
3.16638
0.754549
0.237268
0.17532
0.304036
0.869185
0.595526
2.00458
3.45699
0.0201648
0.494245
0.566169
0.949144
0.295627
0.669165
0.90527
0.157122
0.942507
0.315942
0.0787963
2.01845
0.29496
0.441368
0.295188
0.318817
0.105154
0.442655
0.502487
2.84691
4.08797
0.778536
0.230589
1.81958
0.792526
0.769162
0.125354
1.30041
2.3749
1.06623
2.79268
1.50738
1.4833
1.18674
1.46378
0.943891
2.24898
0.410891
0.00526498
0.63079
2.62227
0.771999
1.76779
0.0213101
0.413879
0.583645
0.764964
0.514375
0.431517
0.612804
0.0179482
0.0676142
1.4923
2.40001
0.425338
0.280995
1.95838
0.165479
2.77129
0.249047
1.40369
2.7649
4.42887
4.80694
0.370857
3.83591
0.880157
2.11037
0.968351
2.36375
1.11496
0.0758575
1.78369
1.42325
1.4197
0.386678
0.736976
1.06208
0.0434821
0.227199
0.606868
2.42903
0.294787
0.496695
0.679031
0.433938
3.43622
1.24753
0.0289987
0.468281
2.99801
1.66319
1.42341
0.337154
0.146669
3.28767
0.347337
1.80195
0.345099
0.972038
0.762259
0.469679
0.135124
0.28245
1.37599
0.306104
0.901211
1.70289
0.755882
0.189001
1.72813
0.387279
0.7967
0.976509
0.865644
0.990376
0.174236
0.708596
0.851451
0.504169
0.113172
0.0263916
0.0786092
0.446019
2.71906
1.26579
0.37424
0.00399295
0.251526
0.441856
0.6758
0.00579707
6.22785
1.17575
0.00543727
1.41656
1.17567
0.996438
1.38018
0.134119
2.14124
1.00095
0.285032
0.618492
0.118462
5.48775
1.25763
1.15985
0.865887
0.888853
0.906437
0.67899
0.359978
0.533641
1.90654
1.28185
1.93426
0.430508
0.359627
1.28168
0.23905
0.829978
1.42819
1.34165
0.426981
0.401665
0.722469
0.793824
0.657921
0.721214
1.07762
1.69349
0.542395
0.700045
1.22429
1.97757
2.36222
0.0940654
0.457731
0.401428
0.011638
0.370894
0.122297
2.84043
3.54396
1.38863
0.422112
0.096131
1.58894
1.71093
0.373782
0.472564
0.430417
0.0409783
0.827588
0.792575
1.53473
0.151123
1.03816
0.205906
1.44487
0.555388
0.731056
0.631799
0.334566
0.350768
0.336238
0.338995
4.81912
0.678
0.839147
0.267734
0.792298
0.509998
1.75778
0.494148
2.65631
0.0533883
2.89537
0.685062
1.61921
0.0382319
0.0358887
0.299563
0.946223
1.54299
0.351922
0.8115
0.646889
0.31539
0.169823
0.105588
1.9358
0.668633
0.479613
0.450125
0.438868
0.939296
0.645725
0.799167
1.66454
2.28481
1.10965
0.566522
0.192443
1.20464
0.32805
0.57659
0.090206
0.663855
0.0444322
0.586497
1.26538
0.326165
0.261514
0.105963
0.449546
0.327694
0.637761
0.820524
1.87143
0.213957
0.357301
0.873768
0.53484
0.141497
1.07849
1.73616
0.114257
0.0135518
2.04917
0.796518
0.409463
0.511853
3.39708
0.181254
0.789242
1.91792
0.439092
0.169631
0.49724
0.202034
0.896297
1.25922
0.166969
0.925333
1.62429
0.694358
0.532109
1.36785
0.0219931
0.224079
0.0604158
1.615
0.392953
0.8399
2.58555
1.49307
0.00246326
0.242302
2.75697
1.4625
2.16394
1.80991
0.354143
0.681345
2.83157
0.143868
0.563357
0.841365
0.02302
2.0571
0.120367
0.729101
0.78663
0.368605
0.510296
0.979355
0.512347
0.474349
1.07214
1.02502
1.38856
0.0387565
1.21065
0.923173
1.26394
0.20601
0.00618256
0.589684
0.795946
0.860948
2.44913
0.472248
0.635903
1.22558
0.650725
1.54869
0.170911
0.150684
2.08512
0.663085
0.412775
0.271807
0.555814
1.80655
0.204232
0.732469
0.335033
0.91186
0.716937
0.590141
0.325464
0.429839
2.38147
0.732944
1.0915
4.75787
0.242551
0.0886696
0.777062
0.465528
0.853704
2.49542
6.09205
3.63468
1.88909
1.65062
0.0744393
0.559463
1.49235
0.144357
0.0522642
0.934239
1.23235
0.830776
0.396395
1.06042
0.404001
0.210896
3.98733
1.97791
0.0742274
1.24764
0.721016
0.0857674
2.29358
1.9022
0.230272
0.938857
0.847664
0.75636
0.963937
0.772786
0.719915
0.160142
1.15544
0.810306
0.282851
0.328482
0.130964
0.272643
1.22044
1.07939
1.58634
0.416218
0.528086
0.564894
2.01673
0.377431
0.572211
0.0950769
1.41074
0.915624
0.86794
0.00359877
0.0114088
6.01269
0.14056
1.43738
0.255991
1.56873
0.0814963
0.328189
0.373416
0.21305
0.458806
1.1107
0.113381
0.0387581
1.01979
0.527507
0.0297184
0.819865
0.493609
1.18124
1.94375
0.107529
0.4597
0.853
1.21807
0.110993
0.787597
0.606185
1.08774
3.01126
1.29031
0.703586
1.33271
0.74569
4.22334
0.194019
1.29703
0.109149
1.8866
0.253505
0.297
0.385
0.689101
0.947445
0.85256
0.171506
0.704277
1.69991
0.125381
1.65961
0.252748
2.14145
1.75818
0.738283
0.212174
0.0364257
3.90014
1.806
0.185589
1.08692
0.205738
0.592622
0.715242
0.410135
0.614388
2.36639
2.62787
1.46857
0.635221
3.07089
1.93263
1.65531
0.0710819
0.0835886
1.57738
1.22655
0.82174
0.226682
0.878836
0.173342
0.340891
1.39942
0.919542
0.210632
1.49131
0.262914
0.621344
0.924194
0.713684
2.10798
0.0161689
0.0785245
1.73211
1.57049
2.31632
0.151493
1.66482
2.77091
1.38727
0.576621
1.78412
0.359955
1.30673
0.257944
0.83523
0.223246
0.263207
1.75077
0.153773
0.88003
1.03971
0.445631
1.31812
0.649658
0.9226
2.60328
0.836553
0.264084
0.350325
0.707506
0.360074
1.10398
0.949552
0.0130095
0.963582
3.59204
3.29979
1.20869
2.39462
2.73246
2.89721
1.06977
1.8978
0.598254
0.376215
0.484341
1.74106
0.398611
1.6828
0.176437
2.07116
0.280817
0.308747
0.450402
1.25126
0.0889524
0.36484
0.205684
2.24111
1.95436
0.148752
0.513472
0.491907
1.09201
1.68464
2.15043
1.017
1.22931
0.737904
0.874473
0.804644
2.32788
0.236836
1.34836
0.631667
2.47107
3.73372
1.00756
0.0449951
0.43974
2.21732
0.0507946
0.117263
2.22339
0.932054
0.525218
0.563259
0.0962836
1.33839
1.15067
4.18388
0.383798
1.85034
0.952081
3.96723
1.47777
0.208395
0.619721
0.498722
0.265636
0.392403
1.57138
4.7223
2.44193
0.0998899
0.000373527
3.73107
0.503851
1.14212
0.357853
0.274057
1.16696
1.98892
0.596046
1.51558
0.0875281
0.238953
1.79382
2.78699
0.778395
0.607152
4.11748
0.0203645
1.7575
4.52149
1.10903
2.95764
0.255599
0.337631
0.376856
0.226292
0.550455
1.23587
0.627687
0.298144
1.20696
1.44422
1.62426
1.02922
1.6965
1.69259
3.04514
1.39953
0.676181
0.314547
0.0694956
0.908959
0.150793
1.65116
0.499826
0.160151
1.74033
1.41878
0.142473
0.271738
0.386774
0.629335
0.0955561
0.938957
2.72136
1.6129
0.464548
0.717212
0.281106
1.53299
0.87002
0.0826889
0.625921
2.4104
0.740221
0.793277
0.626978
1.51407
0.635083
0.874828
2.15677
0.300478
0.141327
1.27749
2.20638
0.108882
0.115234
2.23265
0.245763
0.770731
1.16545
1.33486
1.4204
0.38092
0.626427
1.90163
0.336055
0.906998
1.06363
0.1575
0.803628
0.118337
1.1587
0.434158
2.15276
1.55994
0.507415
0.92941
0.239626
0.39462
2.0961
0.766654
0.110131
0.583294
1.68032
2.00221
0.300106
0.93824
1.01379
0.0682754
0.131686
1.40458
0.157875
3.64466
0.0125076
1.75252
1.57668
0.829718
0.530428
1.00237
0.154451
0.718825
0.240232
2.34115
1.07938
0.211065
0.412963
0.50172
0.327987
1.5393
1.69708
1.0897
2.90964
0.218556
0.985449
0.132536
0.351753
1.84762
1.17468
0.615437
0.179958
1.76474
0.0267273
0.807796
1.45693
3.16777
0.417078
2.1995
0.110443
0.50994
2.49286
1.45537
1.5839
1.40001
0.858782
1.28358
0.677401
0.783455
0.43081
1.40647
0.334832
0.754795
0.379133
0.383334
0.859307
1.28375
0.284681
2.64228
0.684881
0.834458
0.515874
0.28083
1.73779
2.18971
0.176221
0.0093646
1.61597
0.148249
0.595
0.952393
0.431446
1.87088
0.069061
0.569407
1.25521
1.79663
0.31106
1.17484
0.0877184
0.484957
0.257445
0.475051
0.419587
0.450333
0.705919
1.38383
3.06743
0.60923
0.136523
1.5878
0.554998
0.667811
0.654987
1.86855
1.00684
1.86553
2.2109
0.692939
0.117819
4.29124
0.140358
0.224095
0.840559
0.984914
0.567125
0.249481
0.638121
0.880843
0.398551
0.232091
0.0820886
0.633813
2.54762
1.69569
1.03484
1.19302
0.710094
1.28946
0.631818
0.434885
1.58528
0.454635
0.242749
0.661277
1.64045
0.330635
3.38182
0.953579
1.55752
1.28591
0.213942
0.327558
0.710908
0.0683232
0.387411
0.538409
0.00721189
0.37288
0.823317
1.16154
1.17148
0.188108
1.23977
1.09625
0.105509
0.463384
4.39317
1.80923
0.532767
0.605102
0.548884
0.271287
0.119669
1.37266
1.47772
0.212098
1.73818
0.83035
0.745812
2.44282
0.596337
0.41527
0.904557
0.0726699
1.85753
0.264505
0.523104
2.12737
1.47193
1.72922
0.02021
0.906074
3.75776
1.26998
1.1341
1.90676
0.546548
2.5936
0.0190161
0.190016
0.0195642
0.654838
0.691593
2.10437
0.227119
1.09581
0.0975064
1.51089
0.153421
0.818087
2.03483
1.70801
4.21058
0.28286
1.34942
0.444915
2.87902
3.58723
1.88212
0.0345027
1.28934
0.0206452
0.208865
0.54937
1.05885
0.616488
0.0445911
0.484666
0.0274371
2.46945
0.475811
0.866096
1.06773
0.398391
0.0121373
2.08901
0.40937
7.38695
0.259414
0.193449
3.43706
1.92377
0.571276
0.512919
0.298668
0.671042
0.149234
0.614597
0.163708
1.24108
0.155293
2.4795
0.48537
0.541311
0.965407
1.38988
0.700588
0.258494
0.164209
0.152964
0.282381
0.56079
1.35157
5.40678
0.0937817
2.42041
2.57944
0.482584
1.49578
1.17004
2.20237
1.32286
0.480292
1.0182
0.107169
0.547092
1.64428
1.62426
0.00315155
0.0570996
2.51246
0.206463
1.65978
0.901831
1.31987
1.41799
0.14629
0.515121
0.593888
0.407741
0.85397
0.142515
0.700342
0.581607
1.40211
0.239058
0.725891
1.18205
1.02928
0.998541
0.897127
0.0432928
1.22225
0.420778
0.588827
0.885913
0.31184
0.107128
0.674133
1.55942
0.308326
3.26584
3.62364
2.03207
0.196322
0.652187
1.00347
2.08837
0.0425534
0.161407
1.17791
0.411958
0.0833582
1.12661
0.591956
0.195273
2.08287
1.90645
1.03042
0.955541
0.882102
0.347021
0.559003
0.524373
0.140477
4.96346
0.159365
1.40071
0.613961
3.40053
1.85002
1.28521
4.25173
0.846441
0.0616016
1.00895
0.652248
3.3999
1.22828
0.598734
0.638713
0.457346
0.245761
0.367808
0.975088
0.163966
0.326033
0.959975
0.118311
0.766679
1.92149
1.47883
0.743593
1.0501
0.264204
0.282027
0.000587552
1.47082
0.203406
0.632056
0.602245
1.40436
0.14777
4.83301
0.180276
0.00167309
0.324458
1.21957
0.213602
0.50506
1.10448
0.993983
2.31213
1.02152
0.929323
0.94571
0.443519
0.388197
0.359141
0.131127
1.0508
0.301661
0.611981
1.90278
1.18676
0.894725
2.98463
0.842655
1.31293
0.374885
0.855263
0.290409
2.68112
0.506672
0.177913
0.187764
3.04196
2.80267
5.75929
1.76338
1.11953
0.404666
0.130879
0.7934
1.5705
0.363344
0.213165
0.22054
1.14123
0.253774
1.13436
0.231411
0.502346
3.17357
0.0307266
0.396342
1.16158
0.558032
0.192348
1.50349
0.19035
1.20829
0.122875
1.30096
1.07355
0.0770828
1.23949
1.31022
0.291938
0.191049
0.459692
1.35322
0.0551995
0.179164
1.73363
1.26396
0.510144
2.87214
0.843908
0.499138
0.335286
0.996831
0.500592
0.556496
0.502827
0.296165
1.79479
0.541976
0.112577
0.749926
1.4575
2.00677
0.119829
1.61366
1.10061
0.792197
0.188965
0.401867
1.47171
0.464498
1.329
1.78082
0.528985
2.0275
0.530297
0.0244502
0.498797
0.373454
1.26422
1.72202
0.537844
0.227513
0.289724
0.0860124
0.573584
0.54384
0.19599
0.568072
0.39771
1.58185
0.00782627
1.48161
0.549002
0.0203434
0.540456
0.0452918
0.328776
0.388461
0.0123979
0.320574
0.583466
0.00246814
0.26426
0.359826
1.1672
0.340282
0.248689
0.0340305
0.695389
0.390024
0.860982
0.312906
1.07712
0.13667
0.168144
0.67112
0.20655
0.0634174
3.70124
0.840763
1.44848
0.048312
0.108624
1.79694
0.236878
0.910798
1.7968
1.08854
0.167473
0.828575
0.619381
1.79206
0.803468
0.415665
0.791274
1.98673
0.860429
3.21026
0.0686965
1.96563
0.709412
0.938181
2.2393
0.00935163
4.23783
0.642416
0.216094
0.361549
0.0164145
1.45422
1.90608
2.18764
2.03892
2.49337
1.35696
0.313511
0.0754804
0.664057
0.570102
0.452298
0.571647
0.994586
1.69406
0.0975372
4.30963
0.161282
1.05394
5.3508
0.115137
0.221479
1.0329
0.918594
0.831057
1.7016
0.0605716
0.568237
1.12366
0.207051
0.431972
0.307743
0.105851
2.45486
1.30095
0.362464
0.936381
0.327352
1.11137
0.575255
0.322488
1.85051
1.23269
0.592522
1.88518
1.15102
0.193994
1.19131
1.31121
0.118013
0.340463
0.51021
0.528873
0.544039
0.0206073
4.20496
0.19258
0.223314
0.666564
1.69624
1.50699
0.201536
0.83013
1.24218
0.577669
0.531245
0.367263
0.166955
0.0390408
2.14263
0.807342
0.273095
1.79329
0.262591
0.365769
0.470906
0.178533
1.05362
1.43793
0.383382
0.972421
0.401288
3.43758
1.21554
1.28814
0.139782
0.193934
2.25059
0.252856
0.357733
0.359828
0.660145
0.990618
0.209595
2.74097
0.621788
0.0928241
0.495018
2.26946
0.137365
0.290184
1.92524
0.330287
1.11151
2.16852
0.126635
0.560868
1.53638
0.698991
0.219755
1.40378
0.236843
1.68173
0.629348
0.451086
2.00647
0.0119377
0.207396
1.71132
0.233337
0.607123
0.762666
0.202304
2.47616
1.16115
0.103315
3.0727
0.324802
0.938246
0.0294256
0.13462
0.512176
0.505514
3.08756
0.0418895
0.230171
0.0372998
1.50155
2.02888
2.81717
0.651564
1.20908
1.05566
1.68488
2.99847
0.707746
0.112876
0.322264
0.163143
0.365764
0.636892
3.29571
0.552836
1.02385
0.425955
1.66151
1.29509
1.72465
1.35911
2.05663
1.2508
0.729629
0.841542
2.95453
1.55588
0.902229
0.184585
4.45857
1.07307
0.802556
1.17957
1.01887
0.186538
0.282904
0.177823
0.588273
0.0499959
0.180439
4.10868
0.795037
1.23786
1.79378
1.75339
1.82654
2.32297
0.0341897
1.1633
0.076647
0.431065
1.07313
0.410331
0.735316
0.151217
0.163179
0.301042
0.069871
0.115309
0.939155
1.46293
1.94051
0.163093
0.738202
0.875462
0.81615
2.73237
0.944408
0.941706
0.046819
0.104707
2.48545
0.738376
0.0151669
0.382258
1.48291
0.494005
3.27007
1.34617
0.0164581
0.0633073
1.48027
1.8871
0.179933
3.54639
0.243848
1.28551
0.797331
0.116429
0.0957308
1.15263
1.55654
0.116477
0.194357
0.182159
0.778024
1.71558
0.0468602
0.0591845
0.319958
2.00213
0.0160393
0.461909
1.1014
4.19618
2.37478
0.939686
0.0738175
0.475173
0.0275669
0.225708
2.23487
1.27208
0.0199506
0.489401
0.776221
0.523417
0.524582
1.15216
0.0253402
0.2495
0.346561
1.95403
0.186581
1.58895
0.70445
1.5839
1.07107
2.43898
0.44938
0.264753
0.548171
1.62767
0.108535
0.552387
0.0542069
1.416
0.271026
1.44892
0.175741
2.36099
1.3617
1.4021
3.14766
2.22239
1.67834
0.765737
0.716398
0.317984
0.364922
0.136122
0.0693172
0.103726
4.71338
0.588733
0.0833747
1.22024
0.070675
1.22097
2.58095
2.14056
0.445411
2.16605
3.50779
0.336645
0.460676
1.91246
0.461503
0.144046
0.47352
1.00304
1.44198
0.571646
0.9143
0.373651
0.451984
0.720904
1.69055
0.136758
1.3237
0.553352
1.40805
1.3951
3.46625
1.44416
1.88591
0.313
2.87099
1.22818
0.0592626
0.292783
0.88002
0.212595
0.950873
0.395529
0.879727
1.07347
0.259122
1.23083
0.155387
0.704343
0.394619
0.574402
2.90223
0.708648
2.88229
3.09596
2.16133
0.115571
0.083733
0.626373
1.17836
0.425291
1.15892
1.47853
0.878771
1.44069
0.454324
1.56716
1.86501
0.167213
1.40514
0.801772
1.0411
0.388118
5.6169
1.36634
1.27506
1.51513
0.800492
1.08416
0.397278
2.82651
1.1371
0.0725422
0.572115
1.35004
0.505548
0.102063
0.793216
1.68845
1.28848
1.87948
0.122506
0.804774
0.135111
0.0464688
0.248308
0.0778302
0.841451
1.73759
1.90114
0.150628
0.633116
0.673125
1.79385
0.000178108
1.18906
0.0343524
1.07128
0.854095
1.84141
1.98001
0.141432
0.186908
0.341699
3.74406
0.226435
0.111148
0.843824
0.128941
0.168071
0.817913
0.78595
0.584505
2.25804
0.0322124
1.56135
0.542335
1.05825
2.49335
2.29045
0.394361
0.0879534
0.773999
0.355343
1.31378
2.58267
0.0779705
1.13702
0.607434
0.805821
0.104071
0.663288
0.706708
0.670745
3.43005
0.978108
0.959187
0.33301
0.637946
0.121995
0.637646
1.16534
0.47818
0.866122
0.686988
0.727099
1.21057
0.267305
0.326772
0.344839
0.604507
0.335958
0.339589
0.833489
1.68272
1.24742
1.07117
0.640266
0.0388914
0.932113
0.150402
0.691952
0.156243
0.0662148
0.137718
0.162645
2.61231
1.70077
0.735892
2.07772
0.565723
0.092526
0.236874
0.906117
2.36961
0.964084
2.07586
4.66866
2.27495
0.884331
0.382508
0.618757
0.502087
0.555124
1.21555
1.62601
0.918439
2.97888
0.329802
2.41004
0.219916
0.199816
0.545764
0.880612
0.438979
1.3755
0.888421
0.53976
1.02489
0.543962
2.59412
1.14744
0.501649
1.01884
0.0359633
3.23909
3.58286
1.06125
2.76477
0.35667
2.0588
1.85054
0.709053
1.74958
0.696179
0.294883
0.978065
0.159775
0.0645547
0.274043
0.123602
0.031406
0.686629
3.09147
0.0066219
3.57981
2.04393
1.36989
1.52294
0.69766
0.328663
1.82152
5.99202
0.745681
3.01537
0.0135347
1.39161
0.804917
0.491853
0.326312
1.4154
0.431237
0.406829
1.32191
0.337957
2.8607
4.21052
0.944796
0.358501
2.29714
0.0210198
1.89778
0.0123625
1.97473
4.18594
0.843271
4.43429
3.5519
0.679065
1.84821
0.0554599
0.744761
0.826047
0.650386
1.03904
0.223514
0.732511
2.15222
0.240865
1.4445
1.97644
0.0302237
1.10739
0.560262
5.24864
0.179285
3.10671
2.94929
1.6392
0.100448
0.53696
0.195811
1.95802
2.85425
2.91354
2.40994
2.69121
0.603472
1.14242
0.144599
0.476025
4.56316
0.397866
0.151683
0.138174
0.854793
2.48908
0.920866
0.29815
5.21107
1.29475
0.555575
0.0599322
1.13756
0.170303
0.189268
0.160526
0.252969
0.335138
0.472105
2.04051
0.140476
0.492346
0.788788
0.220648
0.297674
1.49371
1.62994
0.908891
3.02267
0.364109
0.429402
0.28956
3.82033
2.89188
1.61085
0.380388
1.28221
3.66469
0.109027
0.292895
0.139781
2.27289
0.715569
1.72486
0.628209
0.0731041
0.0421434
0.317797
1.43403
0.409794
0.123428
0.13463
0.23936
1.53956
0.49812
0.427398
0.961448
3.16699
0.361006
1.01838
2.44039
0.693965
2.83356
0.149374
0.194249
0.233152
1.03636
0.391832
0.106514
1.10697
0.214188
4.25831
0.517898
3.34002
1.25159
0.76477
0.324856
0.212642
0.360453
1.05211
0.775915
0.672799
0.675794
0.816136
0.439632
1.59781
0.0782154
0.754354
0.287699
0.252235
1.20718
0.19971
1.25601
1.12913
1.55294
1.00465
0.41626
1.04812
0.0346072
1.5357
0.49904
1.18317
0.459307
0.0598965
2.00141
0.85808
2.52314
0.99281
1.47264
0.130088
0.736067
0.0227221
2.98357
1.15601
0.655747
0.0816836
1.33294
1.69697
1.70364
2.07124
2.65189
0.23758
0.936431
0.73794
1.3369
0.22501
0.577235
1.13614
0.67749
5.64785
1.20822
1.30705
0.51064
0.383819
0.342657
0.235882
0.555285
0.0313372
0.803185
0.288264
0.592694
0.725396
0.812893
0.288862
0.36061
2.0736
0.0729513
0.385359
0.756964
0.0959849
0.457595
0.211048
2.85947
0.0759445
0.123013
0.680776
0.325095
0.549248
0.270953
2.06558
2.04244
1.93568
0.799404
3.07913
0.435503
1.27981
0.212766
0.911965
0.12252
4.15416
1.63301
0.0627331
1.0944
1.03572
0.0733594
0.0192791
1.17911
1.14625
1.32512
0.389872
2.9675
0.6375
0.522321
0.71616
2.05535
0.0258518
0.424169
0.636479
2.4827
0.748624
0.622075
0.362036
3.01452
0.111339
0.0818083
1.52429
2.50533
2.28057
0.792804
0.433374
1.02907
0.946483
1.41107
0.22352
0.9209
0.357834
0.779798
0.792415
0.54848
0.331121
0.0549392
0.133748
0.614858
0.269291
1.31106
0.528697
0.222498
2.07207
0.477872
0.0256815
0.39398
0.268421
0.635049
2.29905
0.771305
8.18379
0.570139
0.258376
2.27912
0.16923
7.21741
0.512853
0.343227
0.267688
0.457854
0.495035
0.1723
0.0323327
1.53176
0.40612
0.00748591
0.650436
0.624337
0.28404
0.245545
0.0111231
0.187576
0.0971988
1.31726
0.679238
0.855594
0.264227
0.736011
0.405465
1.82349
0.371548
2.55652
4.11084
0.116165
0.808593
0.980744
0.227149
0.776967
0.872043
0.131579
0.521622
0.448945
0.20878
1.67027
1.26432
3.91273
2.52478
1.37348
0.00309752
0.151929
0.0803023
1.14623
1.4651
0.340947
0.297654
1.8724
0.310719
0.299159
0.972921
0.825692
0.0381161
0.763172
0.366161
0.124948
0.246402
0.302652
0.2694
0.060065
1.68978
3.12726
0.00893397
0.728697
0.614886
4.41185
0.493197
0.531438
0.650347
0.244386
1.13277
1.98752
0.0224019
0.00970188
0.166911
0.559979
2.48682
1.7002
1.34041
0.805085
0.682167
1.65447
1.52643
1.19188
0.220752
0.0751657
1.22232
0.169774
1.70769
1.10425
0.375209
0.835377
0.0947775
0.745509
1.29755
0.0121182
0.720821
1.09614
0.860163
2.57656
2.52137
0.756793
0.973028
0.242014
1.90814
2.27604
0.427898
0.175767
0.634071
2.01013
2.43552
0.484
1.38798
0.123922
0.939677
2.97277
0.412778
1.19118
1.70489
0.626004
1.61028
0.389993
0.159403
0.528686
0.34291
3.74485
1.00099
0.652514
2.92807
0.724547
1.73
0.120185
1.25812
0.618907
0.280058
0.867056
2.17818
1.66934
2.88024
2.46954
0.369659
2.13872
2.17201
0.101033
0.238061
0.562759
0.225998
0.170895
0.749281
0.807618
0.548513
0.36696
1.33915
1.0467
0.865525
2.57069
0.312689
1.20986
1.1126
0.956067
0.388242
1.46038
0.762947
0.199506
0.745078
0.118556
0.464821
0.703401
1.34964
0.437898
0.95535
0.616004
0.753288
0.461682
0.601042
0.223399
2.86463
0.878015
0.535711
0.600534
0.0966612
2.22886
0.29539
0.345532
0.146575
0.445199
0.648745
0.479031
0.659717
0.264769
0.366344
1.39882
1.51981
0.0615821
0.594714
0.415626
0.281212
1.26314
0.0504452
1.31505
0.902931
0.312991
0.363097
2.22013
2.01927
0.456088
1.71635
0.36371
0.153075
0.939084
0.0483642
0.199445
0.177875
0.289884
0.0374848
3.25634
0.712096
2.86264
1.17529
0.841988
0.904218
3.45753
0.305909
4.72375
2.27066
0.942576
1.5174
0.415253
0.916152
1.28016
0.586631
0.205788
1.42236
0.123335
5.62914
0.554165
0.249345
1.13094
0.133712
0.335183
0.427718
1.28847
1.1762
0.33299
0.0573431
1.11679
0.00463885
0.58039
0.188945
1.53582
0.51203
0.0527835
1.06375
0.181743
0.785852
1.0445
4.06969
0.330742
0.721815
2.70854
0.0696159
0.45167
1.48725
0.786944
0.587967
0.0941051
0.49915
0.482331
0.287952
2.03444
1.20746
0.310958
0.942185
1.25998
0.252392
0.108027
0.674152
2.40002
4.2294
0.175982
1.35972
2.5189
1.99062
0.131939
2.05134
0.205947
1.27015
0.0347563
2.04863
0.7348
1.84376
0.34544
0.149174
1.44417
0.303191
0.457596
1.37292
3.20396
0.663518
0.462322
0.0710732
0.0197698
0.145472
0.579695
0.958731
1.19155
2.83079
1.0473
1.03573
1.0485
3.96467
1.07437
0.443275
0.5401
0.824442
0.634686
3.52572
5.68026
0.673082
0.783684
0.15567
0.203833
1.41413
0.45374
2.48436
0.758268
0.11313
1.60739
1.81787
0.159625
0.0231961
1.07429
0.0158137
0.254622
0.0982315
1.13459
1.5348
0.277287
0.442798
0.368326
0.0468826
1.36448
0.329989
0.563602
0.898968
0.515826
1.37334
0.717218
0.147331
2.74453
0.746054
0.0688713
1.78546
0.288038
1.56421
0.200841
0.0494302
2.01238
0.670648
1.89338
0.465735
2.82461
2.17207
1.39962
0.731859
2.01354
2.49437
5.19777
0.373472
2.57581
1.01052
4.6244
0.346866
0.58849
0.104034
2.09781
0.106229
1.22872
0.483446
0.603934
0.783782
1.31446
0.855126
1.29184
0.842927
0.518793
2.29869
0.112036
5.02515
0.195241
0.879597
0.261326
0.10922
1.78388
0.430475
0.17831
0.0413384
1.00802
5.97296
1.63016
0.208905
0.236417
1.12298
1.30845
0.976708
1.03666
1.3099
0.358086
3.13384
0.164624
0.673438
0.0204271
0.624991
1.50855
1.87599
2.58098
0.237789
0.731279
0.692231
0.0262686
0.995156
0.229723
0.969712
1.49168
1.23217
5.97672
0.290076
0.450273
0.115785
0.372901
2.50007
0.0166697
0.18784
1.43016
1.8552
1.30039
0.367295
0.147572
0.269528
4.17199
1.25363
0.626842
2.12144
2.26395
3.8901
1.12675
1.11165
1.29568
2.45675
0.00374001
1.05005
0.689357
0.21815
1.05988
2.74509
0.551865
1.75052
2.34622
0.0579083
2.96728
0.580395
0.3647
0.471689
2.86572
1.2578
0.100736
0.455188
1.82541
2.14831
2.02408
1.0484
0.408502
0.194802
1.81119
0.356835
1.915
0.295529
0.0170766
0.555641
0.788463
1.11746
0.0532293
0.488053
1.78283
0.828281
0.396804
0.0809652
1.50573
0.367193
0.0540123
1.69744
5.45877
0.149111
3.11083
2.07316
0.0267408
2.0598
1.06692
0.428581
0.706554
0.257759
0.234784
1.21375
0.10644
2.05747
0.0971585
3.40199
0.85811
0.551554
0.585388
1.3687
0.177024
0.389843
1.41784
0.221414
0.128438
1.91873
1.52059
2.51201
0.254788
1.1125
1.89548
0.0386054
0.926251
4.57651
0.867691
0.205417
0.49471
0.154114
0.272615
0.623726
0.151616
0.613232
0.265468
0.0867196
1.06531
0.280821
0.731673
0.697845
0.207969
0.035387
3.03278
4.95574
0.0597845
0.000920231
0.132601
1.08718
0.245922
0.485166
0.639599
1.58429
1.00906
1.50665
0.961047
0.569217
1.02869
1.81243
0.347466
0.901161
0.234909
0.349901
1.71773
0.323217
2.83389
1.14296
5.27942
0.231103
0.438639
0.813241
0.364898
0.313582
0.619101
0.110177
0.622151
0.0150254
0.0728697
0.0700204
2.99001
0.243637
1.0796
3.14504
0.551302
1.10375
0.994929
1.23927
1.31628
0.888111
1.16933
0.042856
0.855868
2.35398
2.29872
0.154987
1.43469
0.245583
0.18457
0.825926
1.74108
0.731302
3.37389
0.689241
0.99412
0.106821
1.32897
1.36241
1.03494
0.179696
0.458664
0.674079
0.915545
0.0875966
0.760152
0.640977
0.501329
0.37848
0.538191
1.98834
2.26283
0.712982
0.18146
0.0360208
0.9109
0.266587
0.137771
0.336212
0.499752
0.242402
1.94882
1.36396
0.985005
0.384082
0.173183
0.716113
0.460725
0.572161
0.729647
0.472568
5.04513
0.914024
1.37388
1.16379
1.07845
0.434875
0.329889
2.24871
0.813764
0.763603
0.214986
0.286362
0.788533
0.0902021
1.0983
2.97639
0.378113
0.830656
1.04114
1.62136
4.31527
3.27747
3.80745
0.100904
0.205302
0.111006
0.0831571
1.73619
0.595602
1.84076
1.57299
0.77429
0.194238
1.90948
0.283097
1.79797
0.640132
0.215553
0.638105
0.761529
1.15238
0.478908
0.142557
0.0120038
0.489895
0.579664
0.661888
0.410939
0.361301
0.0837139
2.78882
2.51942
0.1131
1.84048
0.0394318
1.59078
0.658656
0.588218
4.11639
0.213761
1.72404
2.93448
0.0140353
0.314269
0.989821
1.12732
0.0895877
0.987273
0.81418
0.267093
0.677725
1.14227
1.84739
0.550497
2.57251
0.164522
0.0730644
0.196399
0.401061
3.99034
0.455746
0.320896
1.18041
0.988742
0.428685
0.680828
0.150908
0.296385
0.016163
0.459249
2.89873
0.445644
0.0843629
1.45606
1.61767
0.0869775
0.522924
0.178699
2.5167
0.719777
2.39974
0.0788733
0.223814
0.852889
0.898051
0.0248345
2.21994
0.616694
4.63148
0.786967
0.290173
1.53769
2.22438
1.75215
0.101563
0.310509
0.604857
0.0401195
0.631734
2.10066
0.143707
0.336961
1.00594
0.247406
1.22133
0.555531
0.398556
0.755827
0.368793
0.146393
0.53689
0.470103
0.20983
3.2909
0.730756
1.17645
1.20504
1.03101
1.1591
1.10449
0.255055
0.629575
1.35068
1.38032
3.59268
0.297225
2.91052
0.0694431
1.68034
2.85082
0.27099
1.03037
0.462449
0.559837
0.183797
1.18506
2.76303
0.33307
0.519845
0.420579
0.268978
1.66258
0.165753
1.14805
1.54864
0.91362
3.52484
0.501588
0.434005
0.178232
0.780057
1.63255
0.931934
0.703579
0.0432534
0.0350197
0.3257
0.437021
0.86115
1.06411
0.434419
0.749349
0.0782927
0.794791
1.57209
1.66456
0.0259569
0.3935
0.347347
0.599766
0.298691
0.184361
1.77788
1.33225
1.81884
0.107155
1.49345
0.118761
0.184258
2.25064
2.12769
0.277575
0.108841
1.43381
2.52383
1.1903
1.0639
0.125061
1.17122
0.466662
0.977823
0.730225
1.5801
0.155605
1.93956
2.00558
0.437002
1.26587
0.0412311
0.842493
1.24074
1.26333
0.00447813
2.14765
0.446661
0.00867101
1.85199
0.829436
1.34398
0.182478
0.273867
0.832811
6.59413
1.16345
1.75863
0.0818211
0.278179
0.353521
0.0290792
0.0205475
1.17977
0.0104768
0.878672
0.565213
0.374913
3.85852
3.7913
0.280376
0.29739
1.26711
0.611538
1.66259
0.386406
1.98514
1.72553
0.695272
1.9622
1.4005
0.0674899
1.60609
0.684288
0.257593
0.2276
0.875058
0.76951
1.90933
3.06375
2.66415
0.528497
0.568324
0.611125
1.00673
0.7364
0.164225
0.248523
1.86488
0.830846
0.725506
0.0853785
1.05127
0.388334
0.217732
0.0664022
0.0835459
1.95748
0.47394
1.68129
1.0786
0.769558
2.16836
0.109447
0.400023
1.17363
3.36695
0.343575
2.40948
1.18607
0.0564918
0.039277
0.399659
0.961331
0.995937
0.181063
0.13836
0.0710293
0.493411
1.44776
0.261579
0.108457
1.0399
0.255914
0.146304
0.450187
0.523307
0.494472
0.674667
1.235
0.860267
0.842784
1.19924
0.567528
0.152174
1.42348
2.53147
0.331855
1.72685
0.233879
0.935889
1.5869
0.028364
0.0758421
0.773445
0.164923
0.302433
0.898884
0.586626
0.798437
0.38628
3.2879
0.495222
0.195426
0.556727
0.677636
0.598785
0.853502
0.068122
3.76808
0.473004
0.861375
0.121943
0.543948
0.382636
0.415733
0.483347
1.91813
0.685593
2.34318
1.2434
0.433526
0.672645
0.800056
0.479506
0.171884
1.18434
0.302879
2.10941
2.04973
2.02583
2.58738
0.941884
2.52106
1.31447
2.46169
0.66258
0.0500668
0.662233
2.58113
0.58357
1.27123
0.16332
1.60711
2.25568
0.489975
1.76392
3.76636
0.199914
0.457703
0.725472
0.118999
2.10563
3.1948
0.115483
1.78084
0.0984871
1.41253
1.02237
0.164791
0.609347
0.690289
1.22966
0.079801
1.80105
1.51204
0.673644
2.12902
0.0749905
1.0562
0.798537
0.808666
5.16779
0.324084
2.00914
0.331891
0.483433
1.8024
4.15973
0.550033
1.08645
2.33389
1.65668
0.728181
2.30404
0.240586
0.0862787
2.96478
0.0317919
0.724266
3.68807
0.12955
0.732917
0.233741
0.0354031
1.39231
0.100752
0.246651
2.64033
0.0307679
1.47863
0.907659
0.690917
0.208603
0.731541
0.805015
0.681204
0.0807115
0.377373
1.63688
0.513255
1.6674
1.0204
0.620056
2.07068
1.58793
1.84143
0.344562
1.38638
0.577766
0.655394
1.06668
0.364851
1.73578
0.198811
0.0343728
0.747737
0.291239
0.521786
1.42959
0.665023
0.0332871
1.87078
0.114272
1.11894
0.792892
1.74311
0.286077
2.41783
0.884593
1.61251
0.0601301
0.829832
0.32316
0.00796143
0.790069
1.00486
0.882783
0.80472
0.432184
0.185411
0.449723
1.2507
2.74794
1.26164
1.097
0.0710474
0.836337
0.490296
2.25201
1.92394
2.43733
2.21594
4.37008
0.269734
0.20397
1.18974
1.49895
2.70861
0.661866
0.902912
0.516603
1.81799
1.6277
0.535719
0.17666
0.544967
0.863717
1.07493
0.313487
0.128847
0.63896
0.594888
0.108674
0.8454
0.200875
0.593817
0.416448
0.176902
0.533163
0.445148
0.242001
0.761683
0.128696
0.273453
0.727454
0.241099
2.12635
0.096802
2.07837
1.59524
0.672287
0.0345666
1.518
0.233522
0.137056
0.762324
0.668551
0.263133
1.03258
1.85289
0.983284
0.626959
0.774095
0.532576
1.14459
0.071949
0.496379
1.52448
0.667349
0.723808
1.85606
1.68893
2.8386
0.294253
0.790664
0.0269342
0.281833
1.12636
0.0389521
1.4027
0.145631
0.792815
0.460224
1.88454
1.34862
1.53829
0.126319
2.28849
1.10724
1.2702
0.801511
0.796596
0.486842
0.0910356
0.0686358
0.939221
0.851554
0.0378722
0.518566
0.160299
0.671041
2.16145
1.01635
2.85269
1.27722
0.0279715
1.08729
0.15822
1.0792
0.0921905
0.618185
0.265299
0.901
0.303363
2.69675
0.95958
1.6483
0.264667
1.14114
0.270967
0.698852
0.860155
0.241425
0.231503
1.04957
3.17179
3.67452
1.03039
0.0345081
1.44924
0.161845
0.559258
0.515928
0.297498
0.135758
0.00728348
0.925695
0.373257
1.11399
1.87677
0.435024
0.0860181
0.769953
2.07317
0.658329
0.295089
0.916986
0.549471
0.482668
0.110576
0.0519267
3.22634
0.509913
1.1384
0.437297
0.474062
0.229557
0.842366
0.367205
1.94262
2.73575
1.16507
0.603057
0.660053
0.0214697
0.315869
0.55785
1.23845
0.334563
0.0486328
1.3492
1.0499
1.04338
1.19294
0.361218
1.53295
1.18347
2.28605
0.469152
0.108016
1.36473
0.422946
0.0062526
1.14663
2.16037
0.133356
0.735608
0.32698
1.24827
0.127022
2.25621
0.412041
0.111964
0.0890817
0.554368
2.1424
0.066672
0.772712
2.08239
0.975855
0.109782
0.613089
0.061715
0.261462
0.942826
0.308809
3.17587
1.00695
0.291304
3.03237
2.15632
0.23665
1.15588
0.200181
1.46741
0.399697
0.43327
0.788016
0.57343
1.46152
1.54749
1.92788
3.37359
0.311711
0.201601
1.64392
0.537013
1.90075
0.715155
2.0215
1.05192
1.25574
1.64751
0.978635
1.27692
0.293579
0.578644
3.22763
1.70813
0.361665
1.57845
0.566237
0.691964
1.18703
1.5159
0.548985
0.9325
1.78382
0.0755375
1.19085
1.07349
1.55336
3.02489
0.816067
1.19435
0.929303
3.39883
0.022732
0.759831
0.543362
0.05728
0.479733
0.918909
3.29236
0.0613895
1.77739
0.535658
0.20401
0.275013
3.69151
1.27904
0.430349
0.0495202
5.72317
0.723174
0.327564
0.342816
0.161857
0.130098
0.515547
0.635294
0.3783
0.823909
0.322746
0.654785
0.204282
1.2676
0.109332
0.342583
5.12077
1.35281
1.58484
1.21882
0.761095
0.298535
0.0484181
1.26743
1.17852
2.96414
0.0390556
0.204704
0.451885
2.05199
0.394671
0.414665
1.90517
0.519207
0.825864
1.18434
1.65394
0.287548
0.514767
1.03061
0.29597
1.02863
0.747367
0.132518
1.04675
0.809688
1.10044
0.492878
2.04772
0.754759
2.73487
0.690918
0.0250592
0.0521327
0.146767
2.02165
0.0462275
0.881515
0.119786
0.0516194
0.740834
0.143119
2.61452
0.0872874
0.203377
0.161873
1.72608
1.94903
1.20987
2.78255
1.55645
0.166665
2.27625
0.155571
0.025334
1.2522
1.40799
0.0182602
0.0428417
1.5375
0.713219
0.151096
0.407693
0.471111
0.969458
1.24897
1.40349
0.928301
0.964312
0.230369
1.10542
0.152834
0.397549
1.4734
