1.0246
1.06469
1.04279
0.976015
1.10606
0.981961
1.16001
0.987107
1.08848
0.914999
0.925986
0.945982
0.929878
0.858078
0.999067
1.06499
1.03638
1.06104
0.931105
0.945334
1.21396
0.835337
0.934226
0.940562
1.04824
1.06622
0.999301
1.14111
0.973101
1.10416
0.866919
1.05347
0.949744
0.919963
1.2868
1.00348
0.969305
0.9936
0.946736
1.00685
0.904475
1.0901
1.15218
1.19035
1.05993
0.982188
0.881195
1.04045
0.989375
0.895034
0.891378
1.05465
1.05325
1.01455
0.89028
0.993354
1.09952
0.798026
1.09733
1.23232
0.894123
1.11149
1.13303
0.995106
0.901264
0.985378
0.932994
0.996785
0.997752
1.19615
1.17116
1.17005
1.03145
1.06201
1.02139
1.08875
0.888055
1.12687
1.20935
0.778374
0.960227
1.1074
0.906345
0.931467
0.906599
0.996935
0.874259
1.0175
1.03206
0.979906
1.15055
0.936085
0.85088
1.1042
0.896369
0.88041
1.14385
0.885612
0.99236
0.875036
1.04226
1.05198
1.00212
0.928159
1.12708
1.08769
1.13928
0.934885
0.984947
1.08921
0.999697
1.05585
1.08807
1.02154
1.0748
0.961334
0.94559
0.8342
1.05333
0.801792
1.2523
1.02117
0.955313
0.921312
1.03025
0.970563
0.916936
0.909825
1.10613
0.981504
1.009
1.08565
1.04903
0.956927
0.938527
1.11321
1.01859
0.879333
0.960653
1.0812
0.948203
1.10552
1.04862
1.13282
1.01728
1.01198
0.990937
0.904416
1.02582
0.909282
0.97267
0.86443
0.869071
1.22675
1.15764
1.02812
0.975967
0.976668
1.07584
0.749771
0.924603
1.05818
0.883678
1.12907
0.9792
0.948564
1.06147
0.914942
0.875316
0.989158
1.01435
0.912998
1.05984
1.05445
1.10202
1.011
1.08221
1.01935
1.04211
1.04205
1.12149
1.01163
0.917868
0.992315
1.11815
0.914413
1.05813
1.04995
0.999307
1.03192
1.03465
1.07745
1.01136
1.01249
0.940855
0.971611
0.95436
0.889638
1.07783
0.932409
1.08082
0.985932
1.09805
0.871305
0.993658
1.10328
1.03135
1.22663
1.07654
0.876291
0.980243
0.795526
1.11547
1.07463
1.05501
1.06829
1.09492
0.921857
1.01068
1.08578
1.00521
0.854602
1.01455
1.19015
1.08411
0.989748
1.05591
0.903888
1.02349
0.998082
0.998552
0.932646
1.029
1.00662
0.940561
0.850486
0.891764
0.980109
1.11617
1.02143
1.0486
0.902489
0.972326
1.10436
1.15919
0.981199
0.990712
0.938321
1.02092
0.910453
1.05989
1.04556
0.930445
0.958326
0.946191
1.22541
0.956125
1.01986
0.952971
1.03583
0.962482
0.950898
1.00094
0.93804
0.803572
1.1225
1.07164
1.06534
0.842779
1.00321
1.13198
1.08155
0.993844
1.0186
0.818549
0.882894
1.07375
1.11313
0.842494
0.867991
0.926814
0.922454
0.818058
0.94073
1.14342
1.0327
0.796478
1.01363
0.974841
1.077
0.797719
1.03571
0.819976
1.0595
1.07618
0.978877
0.920674
0.887777
0.972208
1.03877
1.07208
1.12826
0.990743
0.959354
0.945624
1.07506
1.06328
1.01959
1.06538
0.952223
1.05274
1.05075
0.873772
0.899042
0.878283
0.95869
1.20376
0.925169
0.90675
0.959668
1.12997
1.1997
0.993851
0.99644
1.07605
1.05801
0.943861
1.10856
0.990157
0.982525
1.06329
0.930708
1.0622
1.09198
1.0675
1.06435
1.08877
0.82988
1.01186
1.02716
0.997553
0.911569
1.09531
1.07507
0.902425
0.987636
0.905439
1.15176
1.28605
0.920163
1.25049
1.07682
1.01412
0.943878
1.00191
0.998101
1.04777
1.14331
1.03578
1.04885
0.843412
1.0331
1.07848
1.00645
0.944104
1.09105
0.770203
0.953134
0.838522
1.04854
0.966155
1.06387
0.975307
1.12622
0.851608
0.99908
0.933822
1.12095
1.01998
0.870078
1.06556
0.94572
1.12777
1.12712
1.00647
1.00605
0.957846
1.10483
1.13126
1.04977
1.10562
1.00178
0.845207
0.838423
0.9335
0.902676
0.92552
1.00875
0.998523
1.13872
1.21116
1.11431
0.967808
1.05265
1.04644
0.852825
0.902195
0.960901
1.20378
1.16873
0.914205
1.02107
1.08156
0.857275
1.03479
0.996576
1.02442
1.0708
1.08709
1.0533
0.845223
0.89892
0.908417
1.03367
0.949847
1.20228
1.12913
0.935355
1.09376
1.02239
1.02901
1.05341
0.8906
0.992672
1.00454
0.959957
1.01539
1.00358
1.12648
1.01958
0.976126
1.3422
1.13391
0.951295
0.941733
1.11016
1.05928
0.974369
1.04336
1.07037
0.980159
1.07312
1.12323
0.953007
0.868214
1.02919
0.969037
0.839434
0.954853
0.961438
1.10069
1.24544
0.975382
0.998163
0.961775
0.992191
0.850035
1.08553
1.07613
1.01809
1.08559
1.00323
0.969746
0.958484
0.855605
0.905901
0.974187
0.944852
0.930538
0.943959
0.916407
1.10025
1.01934
1.09441
1.02203
1.17419
1.03669
0.963969
1.04539
1.0589
0.79688
0.993908
0.972806
0.859111
0.811587
0.863699
1.00095
0.938903
0.892002
0.859422
0.966932
1.05405
1.00139
0.925883
0.733985
0.888327
0.969982
1.06109
1.14547
0.976645
1.13544
0.902493
1.0232
0.865931
1.05318
1.09377
1.00813
1.13816
1.15172
0.985925
0.9756
1.06282
1.07444
0.965542
0.98796
1.02112
0.918013
1.12228
1.14477
0.999839
1.10368
1.01712
1.07861
0.962268
0.899529
1.07232
0.938142
0.980902
1.13361
0.859226
0.891719
0.871977
1.2724
1.09262
0.956039
0.915954
0.961054
0.98522
1.01812
1.07507
0.948391
1.00649
0.956054
0.928136
1.0404
0.921861
1.07599
0.890542
1.24064
1.06716
1.0943
1.0092
0.969454
0.984547
1.09694
1.00249
0.874142
0.994484
1.00818
0.908211
1.0335
0.884968
1.00246
0.94847
1.00858
1.10912
1.0743
1.06442
1.01672
1.12955
0.913469
1.0847
0.938895
0.888357
1.02251
1.08944
0.997147
1.10223
1.02058
0.897643
0.865977
0.826734
1.076
1.14932
0.936885
1.06513
0.971192
1.06263
0.911303
0.949786
0.902786
0.974038
1.14539
0.958332
1.01704
0.925882
0.96138
0.934746
1.10681
1.09428
1.1406
0.933567
0.95559
1.11273
0.97801
0.878264
0.863604
1.2356
1.06091
0.860578
0.910153
0.9075
0.805411
0.980713
1.08581
1.0294
0.884924
0.806538
0.962247
1.08405
0.965642
1.15435
1.0053
0.927186
0.946039
1.05138
0.869093
0.947433
1.06032
1.08278
0.950184
0.879647
1.28489
1.01616
1.12678
1.04072
1.04183
1.04595
1.20587
0.856313
0.934824
0.911942
1.03914
0.862893
0.997704
1.03207
1.09126
0.963754
1.03293
1.16743
0.81674
0.938562
0.994658
0.89653
1.07115
1.21124
1.08101
0.982127
1.17094
1.00374
0.947068
1.05399
1.12149
1.02012
1.03165
1.03877
0.933772
1.05827
1.00146
0.847616
0.955128
0.865885
1.10505
1.03191
1.0833
0.948281
0.849318
0.983285
0.895287
0.923698
0.870868
0.941641
0.846336
1.22693
1.00117
1.03626
1.09019
0.924138
1.03219
1.01493
1.32988
1.04781
0.940023
1.05133
1.02092
0.986156
1.08861
0.993735
0.93728
1.19886
1.06488
1.00671
0.969891
0.959169
1.02821
0.802935
0.929449
1.23961
1.26569
0.857267
0.978294
0.905903
1.11726
0.95377
0.887373
1.11386
0.997544
1.10483
0.91672
1.03731
0.878358
0.947653
0.951271
0.859542
0.92339
1.02214
0.854579
1.20294
0.955012
0.917498
1.05857
1.2489
1.10571
1.10811
0.846248
1.14072
0.946671
1.01184
0.822513
0.955589
1.22803
0.984121
1.06159
0.776887
0.980302
0.946136
0.881833
0.990539
1.04845
0.824648
1.33069
1.14926
0.96111
1.1855
1.01116
0.939004
1.03749
1.34407
0.995722
1.01333
1.0816
0.808593
1.06813
1.13853
0.926442
0.928912
1.03851
0.961542
1.10043
1.01866
1.06648
0.978666
0.915154
0.878415
0.948449
0.837164
0.973908
0.997407
1.0373
1.16027
0.94017
0.945681
0.937246
1.10311
1.01636
1.09509
1.06296
1.0705
1.02692
0.824142
1.0121
1.00656
0.940277
0.986659
0.910383
1.02109
0.995297
0.925705
1.0799
0.923923
1.02465
1.05203
0.994086
0.955409
0.986633
1.09536
1.0668
0.968847
1.16762
1.13529
0.951768
0.986283
0.929618
0.895267
1.10391
0.957778
1.15733
0.895356
1.31247
0.75196
0.908767
0.927747
1.08049
0.939199
0.871071
1.02891
0.961954
0.954243
0.958652
1.01689
0.941309
1.0835
0.986102
0.961036
1.04908
1.11106
0.975178
0.867769
1.02465
0.984066
1.13951
1.00298
1.00296
1.07436
1.03537
1.17944
1.22417
0.940614
1.10986
1.04227
1.20174
0.961264
0.83602
0.935047
0.996769
1.12673
0.98835
0.917368
1.1498
1.07599
0.975823
1.07676
0.920003
0.919706
0.928412
0.818961
1.29639
0.933982
1.00443
1.02042
0.940177
0.974903
1.06467
1.14515
0.811804
1.13479
1.02928
0.972595
1.0078
0.984826
0.933611
1.00981
0.928646
0.935267
0.942616
1.08346
0.91485
1.09164
0.945544
0.985124
0.858447
0.961346
0.90831
0.880512
0.960286
0.787719
0.909899
0.92978
0.894414
1.02113
0.873357
0.981939
1.05999
1.04517
0.86517
1.139
0.922492
1.01645
1.01334
1.1258
1.01282
0.977214
0.995483
0.780949
1.02932
0.982831
0.89902
1.1356
0.917029
1.10703
1.04368
0.96386
1.01553
0.822632
1.03086
0.870449
1.02331
0.997374
0.94612
1.10032
1.03783
0.954527
1.04847
0.840628
1.07577
1.10502
1.23561
1.07151
0.937836
1.07075
0.983439
1.16052
1.13315
0.978221
1.08188
1.03686
0.915937
1.12791
1.07318
0.996684
1.03603
0.961051
0.961455
1.05777
0.973738
0.862536
1.08791
1.08583
1.072
1.04385
0.983553
0.907873
1.01912
1.04669
0.898593
1.13871
0.832404
1.14363
1.1674
0.955217
0.989508
0.926206
1.14225
1.05883
0.961419
1.06777
1.09523
1.10628
0.969476
1.15545
1.05597
1.0728
0.932971
0.89414
0.872396
0.959531
0.851111
0.833027
1.20393
0.874613
0.936081
0.884409
0.989349
1.18132
1.03704
1.01644
0.935531
1.02615
0.971648
0.955499
1.06489
1.12894
1.03596
1.16486
1.17939
0.911921
1.0605
1.22269
0.807183
0.998131
1.10955
0.924379
0.981173
1.03536
1.04886
1.17753
0.955213
1.01655
1.03538
0.975202
1.06641
0.96457
0.921008
0.861882
1.04797
0.840074
1.08909
0.969935
0.984874
1.00729
0.933775
1.09302
0.970951
1.0449
0.935767
1.2374
1.19514
0.871262
0.817376
0.978854
1.15342
1.08428
1.01141
0.985959
0.867367
0.977351
1.19392
1.10712
0.886782
0.882927
1.00619
0.999247
0.933004
0.909899
1.089
0.959391
1.01111
1.04153
0.991301
0.903186
1.06218
1.1131
0.979483
1.0032
0.96782
0.894671
1.14426
0.988496
0.960917
1.11394
0.867163
0.971237
0.916844
1.15069
0.944574
1.20965
0.750476
1.12735
1.06509
1.07019
1.04185
1.09456
0.951377
0.96574
0.989994
1.07323
0.934704
1.0101
0.881655
0.987971
0.911699
0.978563
1.13487
0.934259
0.876565
1.10414
1.07665
1.13977
0.837053
1.0398
1.06573
0.959033
1.01174
1.0351
1.04057
1.06267
0.90818
1.00957
1.05164
0.868919
1.0406
0.867668
1.00624
0.979473
0.913901
1.04025
0.882763
0.918632
0.941443
1.04455
1.03912
0.902783
1.05434
0.961877
1.07283
1.05729
1.09053
0.994411
0.950625
0.904293
1.03409
0.944657
0.987896
1.04584
0.96871
0.963434
1.31305
0.814567
1.07375
1.05664
0.934423
1.10708
0.956832
1.03661
0.994903
0.952575
0.903701
0.866247
1.33297
0.912935
1.07979
1.0211
0.981659
0.949146
0.910538
1.07371
1.0845
1.09111
1.20665
0.948201
1.01419
0.977362
0.958624
1.14442
1.06142
1.07391
0.806855
1.10992
1.12683
0.933342
1.05641
1.07198
0.842792
0.929606
0.939344
0.982065
0.961507
0.966392
0.845276
0.981133
1.17811
1.02277
1.22869
1.02851
0.99898
1.00726
0.963392
0.762816
0.969086
1.14778
0.972302
1.11621
1.00854
1.15987
1.07744
1.00267
1.02005
0.930124
0.975688
0.983142
0.879453
1.13174
1.11398
1.0252
0.913278
0.984415
0.988959
1.00145
1.14275
0.989202
0.988909
0.971368
0.993858
0.911116
0.899096
0.885618
1.04942
1.00091
1.04753
0.849552
1.01363
0.8945
1.13878
0.8942
0.935115
0.990227
0.98459
0.962111
0.989833
0.88982
0.924605
0.905709
1.04805
1.24425
1.09642
1.01425
1.04463
0.816528
1.08152
0.887632
1.05096
1.04682
1.03412
0.884363
1.17619
1.11828
1.02251
1.03496
0.939877
0.885645
1.04679
1.05446
0.925305
0.954319
0.811031
0.891894
1.01689
0.962619
0.955353
0.914827
0.983388
0.885702
0.973088
1.15424
0.863812
0.895266
0.975658
1.18715
0.910321
0.998918
1.13171
0.79681
1.07829
1.00255
0.995308
1.12847
1.03609
1.04193
0.981778
0.930396
0.865607
0.968425
0.978395
0.936552
1.05521
1.08738
1.06749
0.811026
0.887389
0.84392
0.862168
1.06113
1.30225
1.02064
1.05784
1.01464
0.927658
1.07886
0.889917
1.05906
1.14254
1.053
1.0741
0.905337
1.21546
1.12222
0.918163
1.05707
0.997346
1.05162
0.908964
0.898892
1.0907
0.989047
0.79618
0.985967
0.948449
1.01993
1.0601
0.928333
0.891587
0.92109
0.945609
0.980142
0.931804
1.06609
0.863426
0.976584
1.00192
0.892229
0.960095
1.04107
0.92367
1.04607
1.12794
1.07795
1.02888
1.29801
1.08256
0.896134
0.942828
1.00071
1.01014
1.02548
0.858951
1.12497
1.15815
1.13547
0.95852
0.969966
1.10828
0.918363
1.01213
0.980744
1.0023
1.01773
1.13454
0.985825
1.04133
0.999772
0.963685
0.955815
0.891259
1.15759
0.97378
0.945808
1.03699
0.92018
0.973864
0.886809
0.868136
0.943781
1.04838
0.800622
1.10811
1.02009
1.04074
1.16337
0.957004
0.998811
1.02018
0.914795
1.07117
0.993006
0.967809
1.00145
1.1105
1.1036
0.969351
1.05762
1.07854
0.94974
1.08375
1.05254
1.0382
0.905996
0.989567
0.936773
0.934099
0.920643
1.03341
0.816768
0.96284
1.03153
0.836961
1.01018
1.12755
1.03739
1.19442
1.05428
0.835248
1.0587
0.998649
1.13606
0.900546
1.13851
0.962647
0.732824
0.928791
1.00306
0.997283
0.964869
0.982596
0.921268
1.13056
1.06965
0.879995
0.954166
1.22004
1.00993
0.779459
1.11104
1.11459
1.0419
1.11335
0.910853
0.899593
0.960945
0.796798
0.88686
1.03132
0.868115
0.873409
1.03921
1.00378
1.04794
1.16628
0.887584
0.887474
1.1108
1.03746
1.07652
0.915628
1.14513
1.03955
0.963377
1.06471
1.0665
1.09255
0.86104
1.0201
0.86585
1.01539
0.803587
0.885966
0.908865
1.02018
1.06846
0.860475
1.12006
1.07329
1.00184
1.06282
0.833105
1.00174
0.905804
1.06407
1.0372
1.01957
1.02392
1.05817
0.912771
0.865247
0.903462
1.09869
1.05364
1.00967
1.04525
0.960201
0.903775
1.04271
0.953274
0.958665
0.910911
1.01743
0.991448
0.819046
1.09355
0.987451
1.05349
1.00646
0.980506
0.968423
0.975709
0.977921
0.945781
0.921878
1.20295
0.930112
1.07011
1.08232
0.967448
0.906679
0.887898
0.934622
1.09013
0.701676
1.08232
1.02785
1.05128
0.95827
0.847928
0.931767
0.924162
1.19973
1.06825
0.953041
1.02217
0.936938
1.04734
1.08291
1.06407
0.868294
1.03295
0.994702
0.939272
1.04185
1.24815
1.03441
0.886418
1.119
0.906753
0.960104
1.02488
0.839814
0.940984
1.12834
0.880744
0.936689
0.907742
0.971791
1.02406
0.897178
0.973862
0.908718
0.96086
1.02761
1.03436
0.85241
0.980247
1.04705
0.964676
1.04687
0.927727
0.897669
0.922868
1.0684
0.98376
1.00455
1.00244
0.922885
1.08074
0.934293
0.987353
1.0631
0.908844
0.86764
1.03025
1.06506
1.20638
1.01469
0.933566
1.00932
0.892691
1.06742
0.882641
1.11642
0.985354
1.04417
0.996473
0.918978
0.996066
0.976456
0.994147
1.01201
1.0385
0.973089
0.981271
1.10829
0.987544
0.916906
0.943726
0.940893
1.04433
1.22604
0.979092
0.96462
0.904432
1.01875
1.09121
0.797848
0.932817
1.06147
1.20302
1.02122
0.905702
0.981844
0.990878
1.08253
1.02108
0.967278
0.814481
0.949754
0.931969
0.993818
0.790493
0.978061
0.877561
0.968525
0.930371
0.921937
1.03372
0.918851
0.96621
0.977286
0.946291
0.989658
1.11641
0.895767
0.852623
0.992995
1.03973
1.10592
0.94894
1.13207
1.17799
0.852812
0.977801
1.09801
0.960038
1.18173
1.02016
1.03762
0.958387
0.90765
1.18618
0.901676
1.168
1.08919
1.09711
0.907627
0.94958
1.06732
0.994723
0.972713
0.902467
1.06214
1.11826
0.933764
0.878961
0.903275
1.18095
0.929444
0.989081
0.948697
0.958431
1.08445
1.03556
0.967838
0.799888
0.842277
1.16067
0.95913
0.978417
0.978143
0.972656
1.05039
0.943101
0.952114
1.04523
1.03924
0.937603
0.817812
1.03745
0.829888
0.991187
0.990372
0.930266
1.0915
0.992132
1.04375
0.908754
1.11206
1.02415
1.01792
0.865832
0.987309
1.20781
0.89422
1.01648
1.0335
1.09078
1.01312
0.905499
1.0534
0.846046
0.878753
0.980093
1.0985
1.14533
1.01182
1.14955
1.02591
0.939919
0.81814
0.938469
1.12947
1.007
0.895206
0.981928
0.928262
0.974177
0.962971
1.01075
0.948199
0.962216
0.973147
0.981922
0.918605
1.11874
1.14192
0.909226
0.849082
1.09151
1.06068
1.08059
1.24426
0.988931
0.85581
0.950179
1.19026
1.00821
1.19154
0.974017
1.03919
0.987067
1.0014
1.09407
1.06947
0.958638
0.914098
0.848632
1.03402
0.905606
0.937583
1.01002
0.936007
1.01634
0.918514
0.948862
1.06242
1.05592
0.991948
0.791968
0.905273
0.938596
0.973989
1.05699
1.02758
0.94848
1.03278
0.972532
0.841205
0.95181
1.01441
1.08027
0.877272
0.997309
1.09548
1.08879
0.991926
0.993983
1.14881
1.17429
1.02732
0.762025
1.0523
1.05113
1.06331
0.880634
0.931806
1.04907
0.961336
0.870285
1.09849
1.1528
0.875513
0.895949
0.952474
0.962721
0.961281
0.977354
0.982649
0.972941
1.13235
0.798049
0.96013
1.21805
0.952243
1.13644
0.973095
0.917115
1.19508
1.16651
1.04786
1.08881
1.04184
1.04229
1.14272
0.96183
1.0656
1.1381
0.89049
1.08189
1.00075
0.909965
1.04335
1.07336
1.14291
0.834393
0.921583
1.06736
0.848083
0.883149
0.920943
0.993822
0.970936
1.04646
0.893146
1.17087
1.08806
1.04493
1.07991
0.87914
0.947824
1.10399
0.87937
1.11994
1.09553
1.00522
0.985083
0.983755
0.857695
0.901272
0.964406
0.869306
1.07765
1.01218
0.929327
0.814218
1.01543
1.12095
0.973626
1.0278
0.952721
1.10323
1.11445
1.23589
0.85023
0.806985
1.06586
1.07075
1.01146
1.07253
1.01835
0.933764
0.876166
1.02332
0.918807
0.968945
1.08359
1.0414
0.862047
1.04134
1.05223
1.11875
1.09431
0.979636
0.939512
1.06287
1.11293
1.09454
0.861751
1.0363
0.991214
1.02358
0.857474
1.05778
0.961088
1.04624
1.11112
0.904189
0.976039
0.946337
0.970367
0.947644
0.961327
1.03334
1.00965
1.02975
1.03249
0.965732
0.856227
1.16983
0.965694
0.910336
0.982532
1.07627
0.965229
1.0734
1.05646
0.98125
1.11624
1.04321
0.8644
0.916317
1.09871
0.815674
0.824043
0.905646
0.934665
1.00588
1.05773
1.08262
0.993072
0.880882
0.870546
0.848196
1.12724
0.877591
0.969094
0.915229
1.04796
1.05071
1.0876
1.16701
0.974947
1.17098
0.970124
0.95807
1.06344
0.845946
0.892954
0.928121
1.09425
0.941129
0.989731
0.86934
1.01525
0.867558
1.10019
0.982882
0.978071
0.938769
1.02757
1.04184
1.02603
0.924066
1.08066
1.16416
1.13031
1.04107
0.960392
0.635424
0.970753
1.01348
0.765228
1.15565
0.92571
0.93374
1.06587
0.877714
1.04946
0.992317
1.05176
0.983269
0.965681
1.03392
0.87609
1.12891
1.06342
1.05759
1.00271
0.957334
1.11768
1.19653
0.972945
1.06269
0.98083
1.01469
1.17772
0.897554
0.917041
1.05473
1.11167
1.05886
1.09821
0.871216
0.962882
0.949933
0.981769
0.808498
0.980697
0.915914
0.965324
1.1246
0.782521
0.97672
1.1522
0.98147
1.01612
0.962428
0.900389
1.13891
0.851284
0.947911
0.919441
0.929728
1.00228
1.0314
0.929642
0.928629
1.03041
0.838847
1.00944
1.15
1.02804
1.16079
0.991912
0.7623
0.934328
0.961211
0.94894
1.10783
0.932682
0.892422
0.924523
0.987342
1.16883
1.02019
1.04879
1.03722
0.919324
1.1698
1.03809
0.9482
1.10998
1.21892
1.01223
1.00202
1.17258
0.916932
0.972162
0.918526
0.974869
1.03841
0.885956
0.888147
1.08845
1.04097
0.92403
0.746499
0.949507
0.950549
1.06259
1.02397
1.00383
0.998975
1.02423
0.91603
1.07571
1.13412
0.997515
1.01767
0.938503
1.37924
1.14748
0.943479
0.966182
1.00131
1.08704
0.976367
1.03798
0.935826
1.03347
1.04394
1.00663
1.02265
0.883948
1.06346
0.910465
0.90543
1.08357
0.808702
0.890886
0.975877
1.0323
1.07243
0.894512
0.955093
1.18942
0.876632
1.04917
0.879888
1.00158
0.997991
0.937563
1.00296
1.10737
0.983589
0.826666
0.890061
1.01118
1.06675
0.816431
0.778718
0.976105
0.890929
1.10229
1.00404
0.864239
0.980288
1.02831
0.961064
0.943416
1.05296
1.16265
0.962824
0.943843
1.1397
1.00367
0.858243
1.15755
1.10279
1.0305
1.00482
1.03198
0.925862
0.997568
1.01429
1.12055
1.07579
1.03838
0.942685
1.23157
0.970311
0.984464
1.27002
1.09352
0.970497
1.08491
1.09087
1.00046
0.907259
1.1802
1.0283
0.95979
1.02233
0.960081
1.02072
0.96086
0.959001
0.96492
0.982435
1.0953
1.04977
0.990677
1.00107
1.07433
0.986319
0.930741
0.868482
0.985964
0.94716
0.898903
1.21301
0.912498
0.921686
0.914143
1.10138
0.953523
0.945336
0.928286
0.838122
0.958524
0.923336
1.07367
0.931588
1.14067
0.960353
0.885346
1.09766
1.05244
1.16273
1.12816
0.86499
0.938269
0.928905
1.01197
1.07954
0.99729
0.942695
1.15295
0.988142
1.09885
1.06952
0.872046
1.19995
1.04133
0.916559
0.970519
0.994499
0.992764
1.05697
1.04426
0.953624
1.02598
0.997673
1.15606
1.15977
0.925174
0.962287
1.11242
1.07322
1.10268
1.14458
1.11141
0.907241
1.03782
0.858658
1.11041
1.04996
0.815169
0.982741
1.12512
1.3253
1.09142
0.927322
0.9805
1.05592
0.921982
0.953596
0.75414
0.959851
0.725385
0.936887
0.989838
0.861314
0.942529
0.96331
0.894945
1.0179
0.922816
0.873444
1.04473
1.03202
1.10805
1.19823
1.0036
1.03946
1.15306
0.984359
0.964104
0.911556
0.863658
1.05267
1.23487
1.16043
1.06162
0.982203
1.17326
1.07932
0.9025
0.942552
0.976644
1.03204
1.02999
0.982049
0.879398
1.06237
0.896853
0.894429
1.00783
0.991217
1.09452
0.878128
0.858869
0.876766
0.914816
1.02221
1.05504
1.0004
0.93697
0.929867
1.00201
0.903908
0.891865
0.890994
0.970552
1.10646
0.961639
0.907816
1.10345
0.961413
0.977051
0.867284
0.912626
1.16709
0.905983
0.930555
1.16052
1.03261
1.02761
1.12274
0.978144
1.04287
1.10292
0.94112
0.860122
1.21807
0.923045
0.906917
0.930786
1.19615
1.16245
0.988862
1.00085
0.87732
1.08802
1.00548
1.02483
0.802052
0.980903
1.05079
0.989681
0.879709
0.984358
1.08677
0.993876
1.00107
1.00233
0.908851
0.843665
1.04708
0.915319
1.07937
1.24586
0.92668
1.17258
0.962018
0.97265
0.875291
0.875126
0.989889
1.10953
0.9119
0.951616
1.05859
0.964677
0.878292
0.895433
0.918072
1.14284
0.876256
0.780821
0.861797
1.01411
1.11868
1.02368
1.06995
1.12833
0.984183
0.924342
1.08741
1.04251
0.967153
1.00427
1.00113
0.989558
0.989032
1.13203
1.16048
0.880048
1.11746
0.627503
0.911196
0.922896
1.12539
1.13149
0.871164
1.03007
0.911509
0.964506
0.917562
1.06508
1.11767
1.07564
0.827702
0.935563
0.921548
0.942575
0.98939
1.10165
1.0622
0.901998
0.948984
0.901564
1.15205
0.911897
1.0746
0.983458
1.05403
0.967067
1.00792
0.81294
0.855511
0.930446
1.10318
0.980579
0.89857
0.845876
0.937157
0.97227
1.22351
0.912237
0.948808
1.1801
0.901815
1.04527
1.05561
0.974929
1.0872
0.946118
0.846643
0.793654
1.00448
0.921942
0.940556
0.952582
0.908109
0.889933
1.0962
0.870365
1.036
1.06983
0.948367
0.788378
0.90932
1.1476
1.05384
0.916336
1.11235
0.965924
0.925173
1.07238
1.0363
0.805689
0.925067
0.898223
1.09541
1.06241
0.968214
1.06812
0.941288
0.975845
0.890324
1.00224
0.94264
0.960252
1.00301
0.876326
1.01873
0.954203
0.937861
0.855546
1.14713
0.865593
0.919918
1.0304
1.09314
1.01096
1.07458
0.948446
0.879017
0.969222
0.785568
0.896562
1.10901
0.970081
1.07
0.98694
0.978581
1.06262
1.09359
0.978822
1.09325
1.04049
1.13552
1.1096
1.08016
1.11605
1.04858
1.02854
0.841065
0.873264
1.06797
1.01813
0.981545
1.01731
1.03251
1.13078
0.848822
0.902156
1.06797
1.13264
1.01392
1.1155
0.902705
1.17683
1.06382
1.00152
0.861626
0.986382
0.780926
0.980375
0.99524
1.00761
1.2187
1.06459
1.15352
1.07665
1.08159
0.856928
0.822341
0.968889
1.09836
0.903397
0.931284
1.06417
0.937334
0.978237
0.989868
0.943554
1.17878
1.08003
1.00255
1.07398
0.864062
1.18211
0.955146
1.09918
0.945427
0.802051
0.932602
0.915406
1.1397
1.12013
0.907545
0.996042
1.00486
1.1018
1.06946
0.981749
1.18107
0.986773
0.851105
0.923007
1.01709
1.03441
1.04879
1.03248
0.843463
0.872403
0.917557
0.884152
0.918028
1.09427
0.993215
0.88388
0.930177
0.968242
1.04939
1.10634
1.0503
1.11291
0.898583
1.11744
1.22912
1.21197
1.00784
0.862494
1.05517
1.20191
1.15956
1.08673
1.03683
0.963217
0.963274
1.05289
0.887979
1.04167
1.0674
1.02611
1.0299
1.0663
0.964758
1.0935
0.923763
1.03352
1.02835
0.979204
1.15837
0.94363
1.03572
1.01218
0.764622
1.05146
1.07866
0.931555
1.33926
1.0863
1.02251
0.913692
1.04045
1.01397
0.817235
1.22499
0.918602
0.996322
0.962115
0.935346
1.1496
0.981611
1.12095
0.807861
1.0292
0.88163
1.01211
1.08614
1.11755
1.00373
1.14454
0.96585
0.951983
1.10522
1.12186
0.972181
1.03337
0.959799
0.96787
1.12494
1.08657
0.983639
1.08265
0.829206
0.849813
0.832712
1.05563
0.94884
0.945283
0.971526
0.998145
0.876438
0.878209
0.934418
0.97983
1.00668
0.960245
0.956243
0.873575
0.888313
1.04555
0.937186
1.07952
1.04056
0.956042
0.813704
0.961584
1.17166
0.980703
1.06996
1.009
1.08208
0.995366
0.936789
1.08606
0.830267
0.878372
0.960478
0.963421
1.16689
0.923321
0.953985
1.04951
0.980855
0.93214
0.975802
0.882236
1.13299
0.984387
0.964111
0.827397
0.93671
0.97616
0.907014
1.08745
0.992746
1.02876
1.09333
0.896177
0.954346
1.05197
0.947609
0.946162
0.882953
1.10455
1.14892
1.00042
0.984342
1.04566
0.918632
0.968553
0.816264
0.808304
0.858881
1.12288
1.05217
1.12788
0.908176
1.04327
0.886315
0.782588
0.786104
1.14534
1.06325
0.820385
0.891301
0.93184
0.760449
0.784865
0.98582
0.977634
1.13984
1.09038
1.06509
0.83091
0.951144
0.988007
1.11506
0.892005
1.00215
0.999996
1.07267
1.11092
0.985954
0.929066
0.88164
0.925827
1.04446
1.03464
0.938796
0.954953
1.0649
0.993484
0.967685
1.20111
1.02149
0.986707
0.9314
1.16216
1.12346
1.00227
1.05391
1.1065
0.868315
1.06874
0.795606
0.945439
1.11912
1.03516
0.990919
0.827061
1.08842
0.963971
0.901913
1.09104
1.03398
0.986882
0.959857
0.928242
1.17421
1.14492
1.05589
0.908669
1.08901
0.943443
0.878009
0.922518
0.989552
1.06041
0.875761
1.32758
1.05371
0.831987
0.985387
0.842051
0.994039
1.04838
0.903316
1.184
1.0958
0.882335
1.04834
0.910078
1.16052
0.886723
1.06951
1.03731
1.22086
1.00462
1.19408
1.00461
1.00176
1.09527
1.04221
1.07753
0.948064
0.915882
0.992977
0.93192
1.05645
0.783052
0.836143
0.980068
0.923697
0.836181
0.886725
0.900427
1.02277
0.959291
1.16259
0.952624
0.985997
0.801262
0.808741
1.00654
1.05438
0.973194
1.06634
1.12738
1.04689
0.982965
1.13947
1.00601
1.10292
0.871876
0.976047
0.980621
1.09387
0.899687
1.14541
0.971368
1.17199
1.06639
0.987792
0.876151
0.931641
0.903199
0.961984
1.03381
0.997368
0.944009
0.79944
1.1553
1.0307
1.04599
0.916515
1.24613
0.883295
1.0628
0.942907
0.988294
0.875876
0.939268
0.965176
1.15278
0.820247
0.907879
1.08984
1.09704
1.00158
1.02884
0.731721
0.956984
0.858313
1.004
0.930487
0.933054
0.996689
1.05961
1.0175
0.943274
1.11022
0.973136
1.03643
1.12909
1.21883
0.948003
1.05927
1.06763
1.01254
0.930809
0.9952
0.930966
0.958512
1.04423
0.906669
1.0619
0.943161
1.07037
0.988215
0.867915
0.918706
0.772241
0.94719
1.08563
0.982426
0.989682
0.903567
1.03751
1.0611
0.870288
0.997403
0.758639
0.997023
0.942438
0.934159
0.820115
0.909158
1.08349
1.0989
0.897265
0.963039
1.04957
0.992787
1.14315
0.840971
1.07429
0.958141
1.0733
1.01685
0.983942
1.03478
1.0932
1.06549
1.04514
0.886798
0.908685
1.1034
0.928566
1.00262
0.997616
0.898703
1.01878
1.05477
0.998765
1.14813
1.05993
1.02811
1.08778
0.980113
0.893037
0.944492
1.17084
0.794282
1.11565
0.938479
0.950262
0.989744
1.07581
0.948412
1.02003
0.884466
1.06124
1.05087
1.03806
1.00011
1.06671
1.00794
1.14308
1.18506
0.945615
1.26971
1.05031
1.02525
0.926866
0.747763
1.05957
0.970436
0.928658
0.989717
0.878833
0.861585
0.932943
1.18303
1.15339
1.05775
0.852906
0.947909
1.31146
0.963245
1.04509
1.06229
1.12784
0.899485
1.1052
1.22365
0.910689
1.14117
1.0887
0.962985
0.88712
0.947667
1.13877
1.07282
1.02653
1.03086
0.972243
0.998418
1.2151
1.09828
0.792567
0.986272
1.04408
0.826908
1.05546
0.968563
0.775586
1.24793
1.0217
0.98848
1.03797
1.10595
1.07098
1.23194
1.12309
1.2177
1.02683
0.930173
1.06885
1.15762
1.15273
1.0978
1.04935
0.957936
0.963478
1.05027
0.946133
1.04485
1.03049
0.990368
1.05412
0.78099
0.939522
1.09741
1.024
1.05295
0.880303
1.08367
1.13928
0.975021
0.977866
0.958912
0.854937
1.1429
1.25496
0.975976
0.923892
0.904577
1.09002
1.13445
0.919267
0.940697
0.987966
0.925152
0.970937
0.87948
1.08804
1.06828
1.00186
0.971769
0.922713
0.938333
0.856905
0.869217
0.960141
1.06049
0.860037
0.766734
1.16046
1.07083
1.02548
0.91711
0.923734
1.08135
1.01762
1.0951
0.910218
0.893312
0.940539
0.894006
1.10262
0.902315
1.03248
1.04075
1.24291
0.924908
0.979217
1.01909
0.915464
0.994252
0.973211
0.93393
1.0645
1.03106
0.839461
0.827879
1.06029
0.987636
0.913619
0.880426
0.965606
1.1349
0.910177
1.12642
1.01
0.965018
0.821508
1.03845
1.03098
1.1614
0.867106
0.971846
0.961808
0.96857
0.906092
0.986781
1.11581
1.14523
0.973477
0.980001
1.01811
1.00844
0.904979
1.02976
1.04192
0.995338
1.05824
0.977066
0.996863
1.05919
1.12184
1.14089
1.11419
0.885262
1.03385
1.04801
1.01928
0.906421
0.921494
1.06343
0.928285
0.947919
0.967138
0.883257
0.951956
1.13351
0.978259
0.980148
0.864362
0.859818
1.11256
0.848672
1.06808
0.956609
0.889756
1.01859
0.972281
1.05019
1.08106
0.968835
1.02572
1.09763
1.1899
0.880966
1.10272
1.0126
0.94165
0.767999
0.992375
0.998145
0.906384
0.915979
0.822051
0.87982
0.999761
0.879515
0.964205
1.09229
1.0854
0.977881
0.912408
1.09153
0.909212
1.07704
0.953266
0.948127
0.872468
1.12
1.13084
0.999431
0.94585
1.13192
1.01236
1.01449
0.970584
1.11032
1.02073
1.00013
1.15556
1.10599
1.24625
1.02534
1.02706
1.23863
0.919316
1.09829
1.04943
1.22045
0.960575
0.876575
1.16049
1.00573
0.869626
0.950292
1.05775
1.14597
1.0712
0.966616
1.20956
1.10325
1.00952
0.976869
0.920814
0.969836
0.951722
0.777138
0.994352
1.07489
1.1955
0.990808
1.12273
1.05511
0.977311
0.913157
1.0281
0.980488
1.06757
1.03659
0.983973
1.01198
1.03821
1.03916
1.21342
0.917725
1.07729
0.88414
0.829746
0.982267
1.04289
0.962302
0.872762
0.944405
0.917738
0.945914
0.86767
0.794232
0.929641
0.999599
1.08604
0.909598
1.20125
0.830426
1.03429
0.971854
1.16659
1.0573
1.06656
1.0419
1.10702
0.812297
1.03366
0.859985
1.08091
0.980062
1.05929
1.06862
1.1089
1.17325
0.940742
0.740146
0.932855
0.976952
0.832816
1.0258
0.838053
1.12786
1.07516
0.916843
0.920353
0.870714
0.986487
1.01966
1.0901
1.07869
0.958893
1.00317
0.975932
1.11802
0.867471
1.10926
1.01431
1.07965
0.955644
0.955829
0.954663
1.09192
0.909782
0.896353
1.16708
1.06369
0.939037
0.985404
0.994042
1.06134
1.16269
0.96617
1.33677
0.980515
0.980479
1.00696
0.9063
1.15511
0.859406
0.893948
1.06308
0.929096
1.03665
1.0973
0.745142
1.08443
0.83757
1.05493
1.02996
1.10974
1.04666
1.14756
0.907867
0.893884
1.06089
0.903743
1.12518
0.925584
1.1664
0.969092
0.936644
0.980551
1.01269
0.998147
1.02946
1.02813
1.01606
0.955303
1.05238
1.08901
0.999796
1.08308
1.06626
0.919086
0.982651
0.935519
0.898221
0.815515
1.1986
0.987757
0.984719
1.04502
0.902624
1.19143
1.10831
0.915241
1.06742
0.826088
0.974873
0.97447
0.977987
1.02387
1.09243
0.998587
0.765173
0.900829
1.02542
1.0843
0.889141
1.10969
1.2393
0.983646
0.879377
1.01735
1.01399
0.952623
0.979196
1.05339
0.935596
1.01146
1.1381
1.13024
1.18305
0.981381
0.843967
1.01691
1.01551
1.08462
1.03615
0.904327
1.08376
1.03297
0.982989
0.917616
0.959971
1.00594
0.948111
0.969632
1.04861
0.899237
0.979876
0.887534
1.09725
1.10139
1.20083
0.959288
1.0833
1.08542
1.02443
0.978102
1.0943
1.01942
0.985003
1.0133
0.888537
0.942971
1.12863
1.04997
0.954655
0.854741
0.960596
1.03226
0.887526
1.05899
1.10891
1.0547
1.03949
0.860611
1.19125
1.00975
0.835533
0.96815
0.918687
0.991057
1.02293
0.914305
0.951288
1.03372
0.976843
0.892773
0.791183
0.964593
0.893841
1.05805
1.03262
1.16371
1.10618
0.844278
0.923799
1.06553
1.01588
1.16466
1.02447
0.921728
0.943269
0.991473
1.14198
0.964077
1.00143
1.05437
0.929612
0.925505
1.01001
0.934995
1.06107
1.0185
0.839328
1.004
1.00994
1.15988
0.987326
0.951047
0.980076
1.11895
0.910384
1.16237
1.19233
0.949752
1.06959
1.17962
0.853765
0.891921
1.03729
0.971366
0.983914
0.88146
0.904656
1.02292
0.888368
1.02733
1.01528
1.10173
1.09882
0.953354
0.864944
1.08719
0.957468
1.01769
1.00399
1.06076
0.755556
0.922099
1.06021
1.16193
1.07181
1.00313
0.854096
1.03816
0.945645
1.01965
1.06022
0.937413
1.05202
1.11823
0.892449
1.09013
1.06368
1.0544
0.933433
0.864679
0.879582
1.00216
1.006
1.08279
1.01436
0.866017
1.12953
1.12257
1.02086
1.16501
0.931986
0.969831
0.983625
0.966826
0.922735
0.951303
1.11975
1.10475
0.989683
1.09119
1.08172
1.1565
0.95168
1.03588
1.16941
1.07055
0.965654
0.959786
1.05443
1.04991
1.03545
0.953409
1.05796
0.95713
1.0445
0.942541
1.06219
0.759791
0.937353
1.14028
0.943346
0.863908
1.0712
1.10165
1.1186
0.774665
0.903987
0.921284
0.958257
0.977583
0.933615
1.20172
1.05183
0.762394
1.29312
1.10274
0.944421
1.03719
0.947966
0.970262
0.836543
1.12451
1.02251
1.05199
1.04627
1.1316
1.14762
1.06673
1.03578
1.0857
0.990295
1.0569
0.956546
1.09485
0.886419
0.924381
0.972228
0.785525
1.07703
1.05848
0.971725
1.07239
0.938649
1.24118
0.776939
1.09056
0.921706
1.02361
0.919321
0.973467
0.761305
0.918962
1.19841
0.769209
0.817893
1.07173
0.960884
0.984329
1.04822
0.908038
0.986969
1.10454
0.962212
0.929672
0.884147
1.0422
0.941094
1.26631
0.940913
0.980499
1.01242
1.16578
0.971401
0.896481
1.14632
1.24979
1.01757
0.919707
0.73275
1.13597
0.922272
1.0402
1.0889
0.825589
0.913919
0.929946
0.879042
1.0951
0.94344
1.05807
0.84897
1.05686
1.16411
1.01556
0.787577
0.989362
1.00136
0.876822
0.892135
1.18106
0.907877
0.993574
0.935643
0.975411
0.981901
1.15458
0.981718
1.06425
0.798888
0.932526
1.12414
0.80483
0.951225
1.07863
1.07474
1.10141
1.29616
0.91503
0.916101
0.938941
0.987847
1.16369
0.860864
0.966331
1.06584
0.983693
0.881004
1.16315
0.869397
0.80351
1.06692
0.918814
0.891322
0.910612
1.09236
0.948975
0.957456
1.08498
1.00105
0.78641
0.977075
0.950758
1.00382
1.01006
1.07558
0.955931
1.17817
1.01526
1.01884
0.935796
0.925605
0.896934
0.926935
0.949052
0.99631
1.03145
0.918408
0.898094
0.970293
0.841378
0.964731
0.901382
1.01927
0.919708
0.980583
1.00534
0.953035
0.997636
0.858873
1.11539
0.972493
0.92529
1.10039
0.811877
1.07056
1.00714
0.939401
0.944947
1.07334
1.03863
1.14233
1.00502
0.986316
1.00346
0.830091
0.893858
0.911143
0.955355
0.997546
1.00118
1.19995
0.977879
1.07113
0.968962
1.07605
1.02852
1.00341
0.893142
0.986811
0.963815
1.081
1.17157
0.990197
0.900055
1.05293
1.19904
0.836385
1.11749
1.01251
0.846616
0.981045
0.856158
0.907284
0.81529
1.11983
1.08078
0.818517
0.956909
1.10044
0.828782
0.950338
0.993274
1.0748
1.10887
0.8528
0.962403
0.895028
0.951253
1.07457
1.04855
1.03213
0.906346
1.04672
1.02311
1.00383
0.953696
0.974006
1.11237
0.935249
0.990092
1.0449
0.823617
1.09383
1.07196
1.01099
1.02148
1.08696
0.876544
0.832475
1.03132
0.998069
0.995678
1.05191
0.850017
0.915265
1.00604
1.03627
1.03655
0.914367
0.962427
0.958855
0.993326
1.29037
1.12257
1.09551
1.04721
0.989613
1.05209
0.877298
0.958116
1.05235
1.01531
0.948957
0.979515
1.03728
1.01899
0.98157
1.09568
1.03217
1.0523
0.961081
1.02811
0.985924
1.04438
1.15845
1.06089
0.990313
1.03103
0.854897
1.13343
0.98397
0.929803
1.16654
1.04759
1.24056
0.925399
0.998005
0.897334
0.957103
0.992085
0.879837
1.04912
1.1607
1.01234
1.13745
0.971284
0.902551
0.940808
1.01329
0.908397
0.942037
0.985398
0.938985
1.04047
0.98264
1.0445
0.784415
0.902576
1.11478
1.06325
0.775656
1.05161
1.10438
1.0814
1.16477
0.859927
0.963128
0.940379
1.07312
0.892784
0.796699
0.838601
1.06421
1.08474
1.04498
0.972265
1.1104
1.05401
0.852553
1.28282
0.921301
1.02471
0.898881
1.0158
1.05958
0.873486
0.933369
1.09675
0.909354
1.12904
1.0779
0.883813
1.07382
0.937252
1.00158
1.14161
1.02853
0.957375
0.970366
0.959105
1.06658
0.877267
0.878537
1.12427
1.01694
0.946507
1.06789
1.03971
1.0505
0.947255
1.02123
0.931239
0.916132
0.793031
0.968012
1.00739
0.895487
1.14218
0.968856
0.931244
1.23514
0.953191
0.93145
1.05782
1.1587
0.968169
1.10956
1.03359
0.855597
1.02171
0.867452
1.10576
0.92122
1.08116
1.10022
1.12154
0.876206
1.06258
0.92162
0.857089
1.17112
1.06918
0.752218
0.987082
1.10918
1.12104
1.03365
1.04328
1.08987
0.973934
1.06006
1.08787
0.981327
0.962573
0.955912
0.992181
1.0717
1.13469
1.05898
0.908808
0.908487
0.958458
1.09515
0.954988
0.960457
0.92302
0.903843
1.24857
1.20967
0.997164
0.98534
0.99929
1.03954
1.16413
1.07681
1.08314
0.984978
0.966607
1.11831
1.00688
0.835771
1.10741
0.95324
0.904582
1.01114
1.16574
1.05374
1.07714
1.10731
1.03097
0.989118
1.06963
0.929936
1.19392
0.845262
0.997932
0.974214
0.883697
0.892134
0.891354
0.780881
0.960014
0.902921
1.01793
1.15687
0.970822
0.995786
1.01755
0.83324
0.990333
0.986231
1.03826
1.23905
0.984952
1.18439
0.771527
0.911227
1.12271
1.0953
0.850065
0.831049
0.895861
1.19668
1.0273
1.06059
0.921415
1.02784
0.925554
0.750179
0.856717
0.932773
0.823755
0.887683
0.937307
0.890419
0.884713
1.09938
1.02164
0.838076
1.04251
0.957689
0.986462
1.00509
0.762396
1.14388
0.876081
0.894538
1.09819
0.928589
1.02276
0.992399
1.05276
0.97779
0.915524
0.979733
0.960145
1.04931
0.845819
1.00597
1.02731
0.843484
0.977531
0.963896
0.897261
0.911367
1.00452
0.852712
0.930279
1.01114
0.956369
0.936266
1.03733
0.931014
0.869704
0.900319
0.871733
1.15664
1.10471
1.25406
0.949114
0.841591
0.942382
0.871326
0.987503
1.16055
0.876686
0.8181
1.0127
1.066
0.912911
1.07934
1.0353
0.855877
0.920068
1.10519
0.816375
1.09498
0.899784
0.970977
1.04798
1.04442
0.881656
0.992675
0.906833
0.925703
0.917752
1.13797
1.02706
1.03377
0.890168
0.973952
0.949903
0.978055
1.07772
0.973219
1.02703
1.05375
1.11396
1.11969
1.09584
0.917334
1.04764
0.950586
1.05634
0.94166
0.93006
0.835166
1.13764
1.00742
0.958005
1.04973
0.8176
1.16144
0.998782
0.948007
1.12098
0.916453
1.17829
1.08013
1.00415
1.08442
1.09536
1.01771
0.931074
0.890475
1.00435
0.98823
1.17161
0.88045
0.839665
0.893101
1.096
0.967629
1.03695
0.796966
1.12031
1.27483
0.97422
0.88851
1.09539
0.945379
0.865342
1.07409
1.02028
1.09166
0.900068
0.978795
1.28422
0.99492
1.07292
0.923033
1.10262
1.06146
1.11698
0.93107
1.02004
1.06237
1.25258
1.11801
0.994935
1.14874
1.35924
0.964983
0.968452
0.901763
1.03609
1.08962
0.967794
0.963935
0.963741
1.0621
0.972624
1.05459
1.03974
0.920265
1.07568
0.801206
1.00404
0.941678
1.14384
1.10009
0.650308
0.939468
0.929436
0.888142
1.08139
0.86759
0.777561
0.970596
0.913871
0.798643
0.985831
1.03708
0.934056
1.02784
0.879155
1.09392
1.00418
1.13157
1.12871
0.851365
1.10018
1.02412
0.926045
1.01821
0.920862
1.00642
1.26274
0.876375
1.01283
0.895202
1.04372
1.03376
1.17915
1.01659
1.04507
1.03445
1.0664
0.947694
0.810716
0.781777
0.991515
1.06065
1.09041
0.854857
1.05015
1.2828
1.11046
1.06246
0.940841
0.951146
0.908725
0.943262
0.809673
0.914042
0.973767
1.01599
1.05664
0.936815
0.889427
1.10776
0.821988
0.961231
1.0672
1.10319
0.957916
1.09735
1.06628
1.04994
1.05995
0.986723
1.09681
0.952873
0.952342
0.943401
0.99365
1.03253
1.1992
1.04509
1.12035
1.08029
0.940286
1.07602
0.795962
1.00828
0.794814
0.917415
1.02086
0.76487
1.03602
1.01137
1.08212
0.826406
1.11876
1.02786
0.934116
1.02025
0.993284
1.01855
1.05888
0.976994
1.0382
1.15489
0.980189
0.933159
1.02163
0.951113
0.962363
1.08156
1.06584
1.003
0.822766
1.03671
0.904897
0.987935
1.13143
0.855747
0.890984
0.984909
0.970138
1.02612
0.837685
1.12977
0.992098
0.953096
1.07511
0.878565
0.907123
0.908252
1.20163
1.02535
1.10501
0.961197
1.07031
1.08485
0.927148
0.958901
0.98039
1.03315
0.792187
1.06416
0.927145
1.1667
0.815746
0.953779
1.04698
0.990017
0.826772
0.858674
0.834415
0.964885
1.06128
0.979218
1.19954
1.11438
1.02556
1.06957
0.857609
1.002
1.0128
1.1222
0.98733
1.04539
1.35147
1.05246
1.02502
0.8082
0.957032
0.989127
1.01592
0.994375
1.04375
0.998442
1.25965
1.03215
1.03378
1.11059
0.79426
1.03125
1.05652
0.999596
0.829838
1.01212
1.02696
1.23873
0.90822
0.934159
0.947304
0.899119
0.935065
0.992257
1.12824
1.07491
0.865704
0.955363
0.948642
0.86622
0.955367
0.800437
0.894341
0.968381
1.05647
1.04729
1.16161
0.848841
0.95037
1.01078
0.895415
0.949257
1.15237
1.15644
1.09407
1.05796
1.01152
0.799045
1.08899
0.920613
1.10138
1.26025
1.06158
1.09367
0.949892
0.934935
1.01383
1.08152
0.804145
1.23984
1.06269
1.0946
1.02263
0.90346
0.886108
0.870346
1.12452
0.836389
0.960696
1.1577
0.950538
1.02779
0.83898
1.15565
1.01056
0.880507
1.02597
1.08434
1.02989
0.89193
0.998673
0.95281
0.942499
0.930654
1.07861
1.05581
0.994417
1.03195
0.884652
1.01982
0.865969
1.06177
1.06309
0.922078
1.05995
0.944474
0.920713
1.1964
0.805274
0.973506
1.09035
1.20509
1.00695
1.1296
1.18471
1.05485
1.17473
1.13881
0.99001
0.933234
1.05869
0.910001
1.05335
1.10102
0.996653
0.926417
1.0987
1.12751
0.952037
0.969102
0.883882
1.08782
0.881016
0.883254
0.869645
0.917627
1.10499
1.02382
0.958824
1.18556
0.988377
1.11006
0.942887
0.916318
0.887468
1.06186
0.896961
0.942376
0.987943
0.936142
1.18166
0.99258
0.834782
0.975567
0.97755
0.932498
1.0889
1.04815
1.07261
1.17942
0.96117
1.02775
1.03839
0.984254
0.97
0.961893
1.06891
1.02627
0.982387
0.948832
1.0976
0.870273
1.11642
0.855135
1.0623
0.860888
1.28845
0.938771
0.889975
0.817387
1.07953
1.05226
1.0128
1.03504
0.91385
1.08856
0.976953
0.987754
1.00832
0.958774
0.910312
1.04646
0.893722
0.977376
1.09435
1.07419
0.958344
1.02045
0.930127
0.939274
1.00548
0.87784
0.962776
1.14387
0.886351
0.875685
0.98694
1.0017
0.830642
0.943806
0.834209
1.21971
1.06768
0.98567
1.09744
1.064
0.919619
1.10649
1.14905
0.944557
0.886253
1.05392
0.887702
0.960219
0.942912
0.981042
0.994159
0.777728
0.795608
0.982085
1.06078
0.992171
0.989942
1.00989
0.987476
0.986469
0.895594
0.984348
0.95685
0.869849
0.8551
1.23929
1.02376
1.02515
1.00095
1.0636
1.11737
0.971887
0.932911
1.08307
1.05121
0.999813
0.993533
0.834071
1.18722
0.95104
0.795827
1.0911
1.25544
1.18337
1.06611
0.927894
0.988805
0.864894
0.993154
1.13476
1.05962
0.822018
1.04921
0.957667
0.949106
1.01246
1.12152
0.918934
0.988637
0.983669
1.07211
0.869882
1.02177
1.05488
0.985302
0.963212
0.890049
1.01734
0.918667
0.966034
0.89291
1.18484
0.858775
0.927775
0.759484
0.917748
0.819328
1.05115
1.13775
1.02459
1.2073
1.05505
0.978341
0.920937
0.8108
1.02149
1.05584
0.915866
0.909355
1.15351
1.05861
0.879833
0.935489
1.00866
0.937495
1.07251
0.991728
0.792932
1.0612
1.13372
0.988897
0.885092
1.09958
1.18276
1.05271
0.993388
1.17171
1.04502
1.23645
0.922678
1.0203
0.976241
1.01548
1.03658
1.00098
1.04282
1.19456
0.879875
1.08295
0.864801
1.06362
1.04532
1.01655
1.0868
0.878094
1.1106
1.05298
1.00725
1.12512
1.06334
1.12169
0.918353
0.921261
1.02586
1.12165
0.991719
0.928412
1.05925
0.948826
0.836761
1.12009
1.09808
1.00755
0.902792
0.861119
0.929096
0.913294
0.919101
1.1273
0.809583
0.915554
0.883819
0.914684
1.11403
1.00858
1.00193
1.0072
1.03771
0.857144
1.05577
0.989978
0.846747
0.966305
1.03375
1.04907
0.936903
0.958329
0.96295
1.07714
1.04805
1.15648
0.931231
1.03818
0.952743
0.923462
0.977257
0.869704
0.901855
1.13591
0.913219
0.970711
0.930314
0.800622
0.799552
0.908679
1.30704
1.08334
1.01882
1.01804
1.07648
0.965157
0.866477
0.915871
0.88849
0.993875
0.842103
1.03613
0.984587
0.832174
0.967582
1.11296
0.95068
0.91515
0.910209
1.11534
1.02126
0.820351
0.957842
0.996005
1.08995
0.906447
0.997099
1.00634
1.02941
0.97222
0.938162
0.98013
0.961877
0.915366
1.01538
1.05411
1.12444
0.855116
0.825851
1.02232
1.00956
1.09667
0.93431
1.12882
0.867209
0.978604
1.08941
1.0089
1.02306
1.03709
1.07884
0.957187
0.983673
0.873055
1.11434
0.972131
1.03588
1.10722
0.85038
0.868517
0.810903
0.985913
0.942343
0.963285
0.828895
0.896255
0.83032
1.13437
1.00049
0.799432
1.00791
1.17362
0.950226
0.782112
0.926979
0.958146
0.962579
0.892946
0.841459
0.933419
1.00064
0.835562
0.906024
1.05411
0.981262
0.962397
1.15686
1.07269
1.14747
1.07916
1.10134
0.86592
0.963099
0.942326
1.02081
0.964408
1.01023
1.08683
1.22638
0.978581
1.00187
0.959667
1.08602
0.997004
1.13749
1.13863
0.980223
0.959504
0.905957
0.834355
1.00408
0.950927
1.00422
0.921181
1.06955
1.08208
1.23777
0.937905
0.918776
0.883906
1.13103
1.04485
1.03064
0.842443
0.889206
0.894987
0.950268
0.863341
1.04989
0.850179
1.11998
1.09757
1.01494
0.869802
0.888482
1.09753
0.941292
0.948912
1.19729
1.17057
0.991635
0.830395
1.0284
1.19813
1.04021
1.04537
1.07547
1.07442
1.05438
1.07925
1.29188
0.971633
1.10321
1.07347
1.1874
0.976074
1.01546
1.05103
1.02373
0.785858
0.998072
0.88192
0.945085
0.962372
0.936049
1.08344
1.00552
0.985553
1.11266
0.985195
1.0085
1.02613
1.05319
0.960192
0.980719
1.08204
0.960619
1.14424
1.03672
1.12722
0.978187
1.00781
0.891006
0.903609
1.18124
1.16115
1.02027
0.871178
1.05079
1.04593
0.929032
0.821907
0.990463
1.02074
0.989122
1.00877
0.827658
0.993744
0.909855
1.17194
0.839446
0.991761
0.987011
1.01431
0.873105
0.966753
0.893997
0.999591
0.970882
0.867222
1.16829
1.12159
0.829061
0.99736
0.821333
0.962374
1.1279
0.915515
0.986262
1.03009
0.894104
1.07703
0.934341
0.912786
1.01126
0.953724
1.0311
1.13449
1.10992
1.12546
1.10946
0.933902
1.03807
0.93072
0.954546
1.08182
0.96858
1.13904
1.19498
1.02832
0.974921
0.970545
0.927498
0.992771
1.04181
1.05166
1.02046
1.13657
0.943289
0.772208
0.937424
0.945849
0.970137
0.855079
0.901436
0.982657
0.869976
0.981757
0.979972
1.08658
1.03185
0.900432
1.01738
0.991718
1.06612
1.07641
1.02026
1.03923
0.879568
0.967899
1.01657
1.04188
1.04512
1.10974
0.996353
1.06389
0.984733
1.09199
1.01324
0.910395
0.917762
0.990327
0.809302
0.94685
0.89592
0.973251
0.987099
0.830081
1.19668
1.13222
0.873945
1.0574
0.881739
1.01776
1.06692
0.93717
0.892904
0.952348
1.12077
1.10811
0.832309
1.13859
1.08669
0.812278
0.991939
1.20177
0.993249
1.06871
0.993325
0.960808
0.987172
1.08315
0.93857
0.873909
0.970158
0.997079
0.839851
1.00913
1.06402
1.22341
0.876084
1.14458
1.05423
1.06464
1.02435
0.991737
1.0568
1.16158
0.893271
0.933418
0.963019
1.20514
1.02213
1.09028
1.16674
0.837954
0.837338
1.02497
1.05708
0.941981
0.963566
1.0185
1.00748
1.10051
0.824545
0.993022
0.962912
1.00294
1.00687
0.78657
1.0199
0.83617
0.834565
1.05427
1.01564
0.751481
0.816847
1.06527
0.907873
1.03106
0.899778
1.06741
1.15873
1.11362
0.986557
0.978688
0.902933
1.02788
1.04166
1.02182
1.16237
1.02638
0.972775
1.09196
0.926508
1.0717
1.15145
0.937766
0.870877
0.8241
1.09916
1.06679
1.07941
0.913234
1.10331
1.02617
1.03478
0.957472
0.995192
0.965208
0.966469
1.05892
1.03618
0.933624
1.01072
1.05415
0.954408
0.973321
1.14675
0.931586
0.770285
0.952484
0.939782
1.15615
1.16066
0.872918
0.850003
1.1742
0.972085
1.06563
1.10099
0.906346
0.904424
1.17407
1.01081
0.960676
0.835052
1.08995
1.07044
1.18628
0.988984
0.956581
1.03801
1.1347
1.15787
0.793875
0.879325
1.08658
1.167
0.86603
1.04809
1.1087
1.04592
0.886718
0.943389
1.08839
1.01553
0.899332
0.993136
1.06802
0.941008
1.22777
1.00763
0.90825
1.00226
0.985936
0.903172
0.916188
1.004
0.960906
0.97672
1.02774
0.973782
1.08791
0.958366
0.935469
1.08088
1.3351
1.00562
1.12025
0.931128
0.962919
1.15633
1.00582
0.818004
0.997936
1.16348
1.03921
0.936337
0.926256
0.86679
1.24656
0.926878
0.855697
1.00904
0.969289
0.997572
1.07372
0.968237
0.886711
0.906711
1.18622
0.896443
0.965932
1.0783
1.06934
1.02078
0.830213
0.939911
1.01384
0.961174
1.03027
0.933825
0.992833
0.96775
1.0102
1.03113
0.958408
0.963113
0.946923
1.06222
1.04321
0.952874
1.00824
0.994286
0.961364
0.960238
0.987367
1.28432
0.87248
1.03845
1.05891
1.05274
1.02591
0.987002
1.0549
1.02342
0.960896
0.97448
0.961796
0.96819
1.03889
1.05712
1.07896
0.885655
0.959091
0.949551
1.00317
1.04209
0.953464
1.10967
0.972192
0.81725
0.964738
0.857324
1.20774
0.901793
1.0941
0.994124
0.835757
0.914896
0.961246
0.876969
1.00277
0.802254
1.04819
1.14188
0.901424
0.912702
0.980371
0.825713
1.00172
1.04921
0.907433
0.957518
0.922867
0.98963
1.097
1.03344
0.961674
1.02004
1.07186
1.01256
0.955428
0.979698
0.950368
1.07426
1.02491
0.955029
1.05693
0.919413
1.02433
1.09364
1.01447
0.969094
1.16067
1.11631
1.08531
1.04113
1.09827
1.06717
1.00302
0.880384
1.24575
1.07296
1.02134
1.03571
1.12291
1.00492
0.996776
1.13751
1.17631
0.913653
1.06063
0.903024
1.04154
1.0446
0.877451
1.01663
0.864708
0.883749
1.01444
0.929969
0.875198
1.15251
0.981586
0.956656
0.923551
1.02346
0.903955
1.15615
0.924252
1.0471
1.09985
0.918586
1.02657
0.939225
0.958797
0.925081
0.999957
0.799973
0.948986
1.07292
0.915481
0.949487
0.919048
1.12714
0.840005
0.897757
1.15397
1.0011
1.18189
1.14747
0.923656
1.15857
1.05132
0.988971
1.04051
0.937051
1.02764
1.10952
1.09233
1.12003
0.933561
0.836463
1.03789
1.00731
1.17083
1.02782
1.0285
0.902653
0.895454
1.08079
1.02822
0.938111
0.893868
0.909167
0.863953
0.852365
0.921163
0.992007
0.952358
0.927597
1.01598
1.02874
0.995028
1.01461
0.985927
0.900895
1.01015
1.09534
0.902348
0.975917
1.04743
0.927925
1.06034
0.868773
1.05798
1.07527
0.970506
1.23339
0.92871
1.11601
1.21992
1.12119
0.99471
1.03304
1.26725
1.03169
1.02795
1.14844
0.971667
0.9137
1.00616
1.00303
0.974259
0.93287
1.01715
1.26842
0.834826
1.05135
1.02142
1.06144
1.07739
0.948493
1.10128
0.716654
0.976992
0.975055
0.869979
1.04129
0.950218
0.777595
0.957535
1.05396
0.882037
0.953881
1.06526
0.971562
0.91278
0.976784
0.892024
0.977826
1.13769
0.905646
0.998696
0.971665
0.894257
0.949462
1.00317
0.887192
0.997912
0.867029
1.12249
1.08569
0.999218
1.13519
0.921544
1.00148
1.00314
0.909581
1.25085
0.944822
0.87474
0.865595
1.04973
1.02053
0.992854
0.968782
0.851209
1.00435
0.854634
0.910849
0.950547
1.13024
0.965595
0.923769
1.07952
1.11901
0.946434
0.930314
0.949134
0.805811
0.948143
1.12826
0.992744
0.873935
0.959994
1.17982
1.10226
0.99787
0.914665
0.854417
0.864307
0.838513
0.74723
0.899132
0.992358
1.00627
1.1237
1.09834
1.0016
0.987301
1.14432
1.10439
1.07909
0.846584
0.993868
1.02218
0.929972
0.864933
1.06379
1.00407
1.02314
1.08768
0.991085
0.917071
0.918198
0.911992
0.958826
0.913608
1.1929
1.04451
1.06258
1.15915
0.838859
1.06354
1.08188
1.24039
1.01541
1.04644
0.891123
1.04928
0.845173
0.957667
1.11343
0.896825
1.0043
1.03695
0.905222
1.05205
0.995261
0.924926
0.900601
0.901565
1.02794
1.07441
0.966267
0.956454
1.03673
0.970869
0.95591
1.15167
1.12756
1.17
0.97456
1.03122
0.777447
0.863107
1.11148
0.918943
1.05204
0.935202
1.2874
0.980886
1.16313
1.0458
0.876268
0.884422
0.915582
1.15524
0.841219
1.2025
1.08508
0.965407
1.06869
1.0165
0.963056
0.99322
1.06008
1.02213
1.18374
0.981243
1.0267
1.00813
1.06207
1.0199
0.798046
1.02837
1.03797
0.955946
0.993105
0.904066
1.09499
0.94253
0.956596
0.81073
1.04394
0.876341
1.18233
1.10969
0.973811
0.965187
0.961181
0.992211
1.04466
0.938484
0.965392
0.95464
1.07261
0.966505
1.03962
1.13912
0.929497
0.899166
1.09919
0.893075
0.897387
1.04393
0.849319
1.07755
1.17694
0.976655
1.13345
1.14137
0.956595
1.03633
0.822992
1.03614
1.06909
0.844797
1.16878
0.95292
0.994471
1.16091
1.00667
0.937112
0.957046
0.915827
0.963124
0.94235
1.11689
1.02483
1.01643
1.14865
0.936465
0.971015
1.0196
1.23333
0.773522
0.908688
0.929696
1.22354
1.07992
0.956673
0.983811
0.938312
1.07569
1.00018
0.86007
0.969097
1.09303
0.989666
0.925883
0.822808
0.963235
0.914116
1.00226
1.06807
1.07295
1.07919
0.989878
1.16923
0.834584
1.07625
1.01029
1.18501
0.953964
0.868877
1.00012
0.88843
0.927031
0.898125
1.06024
1.03658
0.984102
0.926132
0.995859
0.881345
1.03255
1.0021
0.910894
0.890588
0.998135
1.10708
0.904351
0.977054
0.923873
1.13076
1.04003
0.927228
0.90377
0.91048
1.12911
1.00599
1.04382
0.853054
0.863006
0.992112
0.978038
0.980119
0.945891
0.989706
1.13992
0.955074
1.14542
0.956208
0.888084
0.968398
0.935395
1.05746
0.941599
1.12182
1.04993
1.00545
1.06702
0.851863
1.01724
1.17851
1.03604
1.07817
0.99395
1.04657
1.12281
0.969434
1.06513
0.956499
0.917513
1.06279
0.90173
1.14454
1.19374
1.15922
1.01949
1.08472
0.948598
0.98074
1.03972
1.02045
1.06042
1.08391
1.12242
0.908374
0.827152
1.00095
1.18652
1.04517
0.971821
0.741309
0.921656
1.14058
0.999046
1.28971
0.922996
1.03026
1.02681
1.08988
0.994978
0.94072
1.18766
0.983437
1.02692
1.03158
0.981635
0.84332
0.957459
1.03402
0.907088
1.06694
1.03239
1.10452
0.879823
0.96838
0.894474
1.06339
0.887756
0.955372
0.876137
1.1484
1.02202
1.17745
1.11496
1.0187
0.982602
1.07098
0.98958
1.00109
0.98454
0.985617
1.06091
1.05626
1.152
0.981845
1.02076
1.11821
0.933225
0.948668
0.859257
1.15093
1.14837
1.07493
1.05767
0.984104
1.12446
1.1454
1.01219
0.960723
0.937882
0.937299
1.20564
1.07121
1.09952
1.13362
0.950671
1.03525
1.09952
1.24652
1.03159
1.04753
0.888371
1.04567
1.23066
0.928177
1.17795
1.1231
0.938859
1.03423
1.01957
1.01428
0.843432
1.0889
1.11066
0.925266
0.949154
0.946727
0.875313
0.922267
1.08736
1.03367
0.945954
1.01224
1.00935
0.981198
0.945339
1.00418
0.871058
0.961843
0.970593
0.931908
1.02031
1.21939
1.05061
0.904239
1.1634
0.962771
0.942979
1.07257
1.14016
0.992596
1.02081
1.14182
1.01061
0.976316
1.00566
1.08156
1.05283
0.938022
1.18471
1.00876
0.911394
1.04443
0.918102
1.0204
1.07736
1.15031
0.889747
0.993943
1.01398
1.04784
1.15932
1.14132
1.17492
0.970753
0.829641
0.991139
0.985058
1.04975
1.04861
0.941862
0.9658
0.881479
1.15001
1.10777
0.812446
0.84399
0.996979
0.963746
0.937235
0.958251
0.87365
1.32402
0.981542
0.923857
1.06067
1.03045
1.01866
1.02143
1.30607
1.23338
0.969496
0.965972
0.97431
0.815982
0.925073
1.14188
0.89149
0.908692
1.01089
1.19325
0.994666
1.1123
1.10429
0.902291
0.875086
0.89007
0.947061
1.12229
0.913966
0.849182
0.92545
1.01783
0.993213
1.00246
0.861388
1.08613
0.957116
0.987893
0.97887
1.07818
0.788198
0.956259
1.15858
0.918918
1.07425
0.992329
0.979313
1.03932
1.04674
1.00865
0.929995
0.88935
1.17742
1.17292
1.07886
0.914798
1.0491
1.06654
0.963931
1.05359
1.07024
0.942024
1.21354
0.985479
0.979021
1.05856
1.12541
1.07683
1.06842
0.923416
0.924308
0.899786
1.00129
0.966208
0.800248
0.872957
1.04951
1.11583
1.0604
0.963591
1.11133
0.896326
1.02282
1.01817
1.03925
0.936735
0.798944
1.0434
0.786939
0.920135
0.914835
0.934652
0.917962
0.971775
1.11174
1.04551
0.821368
1.10667
0.991354
0.978226
1.02928
0.891401
1.11524
1.17238
0.959659
0.950328
1.13184
0.991643
0.970211
1.06903
1.12557
1.14586
0.816139
0.818574
1.01713
1.02611
1.05461
0.952123
0.893377
0.88954
0.941066
1.01003
1.06866
0.89636
1.02419
0.751599
1.13058
1.09578
1.06052
0.866939
1.26542
1.03125
0.910022
1.08718
0.897453
1.05011
1.01128
0.815118
0.931339
1.08292
1.06204
1.07674
1.03224
1.06567
0.922315
0.89662
1.10498
0.982219
0.935506
0.976858
0.979772
0.988514
1.00234
1.12787
1.18972
0.977607
1.09043
1.04287
0.997699
0.952169
0.925662
1.17626
0.900439
1.05249
0.809165
0.943876
0.868922
0.985329
1.09884
0.959349
0.899908
1.20363
1.05135
1.11349
1.04244
0.978339
1.01249
0.912797
1.04466
0.956508
1.02237
0.897673
1.0179
1.10196
1.12558
0.985078
1.09666
0.89267
1.13651
0.885104
0.783789
1.00059
1.06459
1.07996
1.32395
0.993472
1.06274
1.13102
1.02568
0.84702
0.907249
0.949511
0.954253
0.967793
1.05562
0.984173
1.1065
1.02421
0.99211
0.901013
1.19497
1.01042
1.12306
1.01458
0.970845
0.950105
1.12541
0.882149
1.02403
1.02684
0.844477
0.957796
1.06621
0.934523
0.857633
1.02005
1.18704
1.04895
0.857018
1.11892
0.978107
0.944039
1.20116
0.977853
0.93359
0.999027
1.12311
0.822103
0.996109
0.861941
1.00194
1.04251
0.904773
1.25928
0.981736
0.950635
1.13081
1.0733
0.921568
1.12763
1.01604
0.833874
1.0723
1.10434
0.906521
1.21245
1.00942
1.09455
0.914849
0.826044
0.929419
1.10684
1.17317
1.04413
0.837566
0.947529
1.19654
1.00823
1.01164
0.881331
0.994637
1.18116
0.958785
1.03901
1.10427
0.902647
1.06861
1.05278
1.18934
1.1997
1.0562
1.03301
1.01886
0.987148
1.00286
1.05453
1.02309
0.989472
0.998783
1.04668
0.852465
0.792679
0.972649
0.950964
1.16983
0.947663
0.947555
0.988653
1.13164
0.972693
1.06669
1.10692
1.10626
0.998247
0.834232
0.939639
0.939471
1.05364
0.99691
1.07865
0.864186
0.951313
0.925041
0.974433
1.05764
0.86822
0.909496
0.912717
1.02493
1.19206
1.05125
0.88969
0.91188
1.03012
1.12506
0.996863
0.905461
1.07028
0.976127
1.06967
1.02376
1.09132
0.993815
0.821269
1.08573
0.919775
0.994719
0.958086
1.09758
1.0686
1.10322
0.991035
1.0001
1.00214
1.15883
0.910214
1.06202
1.04403
1.06611
1.09948
1.08681
1.01764
0.973376
0.979013
1.03807
1.00197
1.01808
1.08526
1.08495
1.16101
1.04321
0.945512
1.21311
0.946323
0.870789
0.992536
0.968715
1.09596
0.839645
1.11138
1.0483
0.934741
1.16814
0.891347
0.86818
0.948329
1.03879
0.942124
1.11054
1.03911
1.07916
1.00249
0.908127
0.99402
0.95438
1.06639
0.952893
0.95351
0.987653
1.17807
0.899262
0.907107
0.937702
1.01659
0.981146
1.11718
1.00027
0.918237
1.26547
1.09948
0.996332
0.851425
0.888032
1.00655
0.95451
1.02615
0.87301
1.01422
0.995087
1.03974
1.01204
0.93971
1.07625
0.898746
1.05618
0.924825
1.01539
0.914838
0.863299
1.02777
1.15441
0.942857
1.02313
0.970179
0.982617
0.914063
1.03101
1.00123
0.96247
1.01809
0.961674
0.871861
1.01034
0.950427
0.960093
1.06871
1.23385
0.952715
1.13449
0.848005
0.761374
1.00974
0.774891
1.05816
0.986569
0.919474
1.0096
0.930073
0.959623
1.00593
0.962454
0.96261
0.900617
0.994368
0.929045
1.02306
0.826105
0.891764
0.850565
1.02983
1.07958
1.15397
1.06046
0.916274
1.30321
1.1623
0.856854
1.01282
0.857839
1.18141
0.92721
0.953221
1.06287
0.869709
0.879423
1.07513
0.895819
0.986073
1.06918
1.05129
1.00189
1.01252
0.85964
0.952006
1.04525
1.1868
0.960532
1.08624
0.875068
0.919684
0.932397
1.02132
1.08435
0.960663
1.09477
0.948111
0.969921
1.07893
0.985199
1.06923
0.890433
0.933429
1.05831
0.940651
1.06053
1.05228
0.966224
1.03117
1.07596
0.793705
1.06086
1.01563
0.943854
1.15294
0.930565
1.13177
0.943021
1.30677
0.973764
1.01069
1.00735
0.92757
1.10979
0.909963
1.01345
0.990569
1.165
1.00336
1.13236
0.819952
0.889525
1.02706
0.937611
0.813156
1.08867
1.14059
1.08789
1.05822
0.959013
0.939696
1.06326
0.909994
0.860085
0.929418
0.932953
1.00327
0.883737
0.982979
0.797586
0.888753
0.964923
0.921592
1.07439
1.03742
0.857664
0.997201
1.02309
1.11603
1.10475
0.894591
1.13987
1.1046
0.907634
0.945825
1.01535
1.1489
0.888506
1.05033
1.02094
0.923999
0.85709
0.842743
0.972197
0.867298
0.901481
1.10258
0.952859
0.824936
0.889561
1.14011
0.983135
0.990497
1.04127
1.05058
0.978266
0.945857
0.936501
1.01212
0.961762
0.96982
0.837979
0.853456
0.969767
1.14151
1.06475
1.02636
0.916153
0.895853
1.03892
0.996919
0.946046
0.924855
1.02992
1.18623
1.08443
0.915443
0.890349
1.0248
0.916733
1.17422
0.920815
0.907727
0.891354
0.931411
0.996827
0.963873
1.14484
1.13167
1.00118
1.1725
1.14874
1.04365
1.03723
1.10064
1.06933
0.960294
0.940161
0.900567
1.04588
0.945192
1.00707
0.929221
1.10765
1.03375
0.908013
0.970532
1.05645
0.96518
0.945926
1.06904
0.819375
1.00936
0.807881
0.799706
1.02409
0.996127
1.006
0.841177
1.16948
1.11224
0.982046
1.26009
0.971732
1.05105
0.99876
0.928415
1.01136
0.893768
1.0178
0.954072
1.0481
1.00432
1.05467
1.10406
1.00294
1.03287
1.04478
1.02795
1.08009
1.12277
1.0222
0.948057
0.894642
1.13651
1.16083
1.20487
0.986619
1.07484
1.08188
0.898865
0.947149
0.966889
1.05187
1.03951
1.2345
0.929792
1.14094
0.953258
1.20379
0.863094
1.02544
0.940751
0.858276
1.08422
1.00949
0.915538
1.17129
1.1591
1.21532
0.892005
1.23848
0.91454
0.880851
1.02895
0.992001
0.945292
1.01557
1.05964
1.03418
1.15772
1.03426
0.986681
1.05112
1.12448
0.927925
1.17437
1.15612
1.03766
0.99978
1.00004
0.992755
1.00254
1.07549
0.998549
0.894123
1.00416
1.11962
0.875174
0.847296
0.961247
1.16762
1.0769
0.985779
1.00933
1.06257
1.15402
0.968287
0.920576
0.925056
1.14807
1.09035
1.03113
1.13947
1.04943
1.12364
0.923356
1.08327
0.847105
0.964548
0.91417
1.1143
1.04717
1.00433
1.01168
1.17608
1.05047
0.886463
1.04469
1.14063
0.822536
0.958718
0.858902
0.901829
1.06332
1.01477
1.04902
1.10814
0.968527
1.04567
0.974301
1.04519
1.04955
0.927218
1.00632
0.957794
1.01436
0.962877
1.09801
1.06983
0.822896
1.1001
0.889298
1.03085
1.05187
0.860757
1.04645
0.957194
1.00903
0.884883
1.13236
1.14494
0.942326
0.974178
0.921644
1.05522
1.03898
0.908662
0.957149
1.30386
1.01984
0.863322
0.99509
1.08138
0.987838
0.956793
0.929118
1.01181
1.00117
0.861554
0.924574
1.15779
0.858153
0.894393
1.01424
1.01384
0.923818
0.959301
1.06924
0.958394
0.969926
0.827651
1.01671
0.900579
1.02903
0.92896
0.875192
0.89746
1.26374
0.977027
0.872968
0.980075
0.957577
1.03178
1.22312
1.28342
1.08779
0.911682
0.923241
1.05338
1.02538
0.881082
1.12755
1.03272
0.950845
0.862163
1.11361
0.976844
0.874396
0.980314
1.05287
1.03424
1.18475
0.929556
1.07234
0.962253
0.868459
1.05937
0.996417
0.886635
1.22607
0.9427
0.97939
1.16061
1.04945
1.06219
1.05208
0.993336
0.989376
1.08253
1.02789
0.848138
1.09226
1.26333
0.845665
1.0581
0.993751
1.00684
1.14304
1.03542
0.879957
0.988343
0.93982
0.93811
0.939013
1.12361
1.03867
1.0567
0.936929
0.980697
0.89312
0.825158
1.03523
1.19824
1.01146
1.10474
0.957841
1.05503
1.16735
0.848348
0.896887
0.770809
1.02405
1.02227
1.12446
1.04133
0.899808
0.985745
1.05079
0.93005
1.02921
1.00648
1.02237
0.898883
1.00568
0.964996
0.99443
1.01498
0.871332
1.05396
1.18121
0.969569
1.14587
0.966327
1.02439
0.946481
1.03412
0.95831
0.808251
0.985852
0.861034
0.932867
1.18116
1.02125
1.0607
1.12201
0.989266
0.981747
0.895125
0.853902
0.999558
0.972741
1.19274
1.04504
0.92261
1.08886
1.08836
0.938629
0.776078
1.00011
1.1054
0.986663
0.872298
0.934705
0.930238
1.0097
1.04081
1.09095
1.05514
0.876675
1.02481
0.970462
0.86599
0.864943
0.922636
0.877462
0.990404
1.13756
1.02261
1.10562
1.07533
0.935046
0.950947
0.892905
0.878824
1.14501
0.918718
0.964739
1.14293
0.856776
1.03048
0.929704
0.830823
1.01743
0.875805
0.968336
1.09683
1.06936
1.08508
1.03052
1.23585
1.05862
1.10807
0.88949
0.982345
0.999301
1.03379
1.08724
0.784837
0.866344
0.764453
0.904532
0.947592
0.994601
1.04149
1.04502
0.969793
0.999587
0.994916
0.965993
1.00649
1.15457
1.0391
1.08715
0.89943
1.1282
1.11233
0.995597
1.02508
0.976138
1.01218
1.03049
0.921914
1.0834
1.10889
1.04677
0.908582
1.15306
1.10016
0.874707
1.07482
0.93255
0.922709
1.01202
0.907948
1.0076
1.11305
0.967124
1.21437
0.818343
1.05531
1.05174
0.906676
0.919483
1.044
0.938238
0.951783
0.932735
0.907464
1.0077
0.97663
1.00505
1.07958
0.86437
1.09412
1.05357
0.889432
0.978538
0.930281
0.978801
0.996776
1.06511
0.964073
1.01357
1.0144
1.09461
0.98055
0.938177
1.04856
0.95163
1.07916
1.07298
0.827811
1.14401
0.811266
1.04201
0.9699
1.18293
1.04617
1.05309
1.24384
1.02594
1.2171
1.02858
1.15501
1.02584
1.03772
1.11456
1.01904
0.914972
0.950457
1.01348
1.04346
1.11794
0.99619
0.976325
1.13768
1.0015
1.03301
0.901625
1.09705
0.922001
1.04966
0.831002
0.877924
0.991642
1.10231
1.05959
1.06651
1.09136
0.938202
0.974604
0.931701
1.03489
0.890255
1.05836
0.990788
0.992093
0.926153
0.914805
1.21513
0.915836
1.07754
0.914669
1.04124
1.02249
1.03357
1.09355
0.889007
1.0566
0.875023
1.05372
0.972843
1.02733
1.20397
0.925727
0.94555
1.04532
1.09693
0.945407
1.12952
0.981662
0.980178
0.961939
1.06489
1.08246
1.08092
0.9033
1.20023
1.08637
1.12149
0.921341
1.0747
1.01012
0.904656
1.08863
0.93777
0.963655
0.930887
0.717544
0.993431
1.12407
0.997953
0.982078
0.925719
1.03619
1.10375
1.0355
0.977799
0.984782
0.941201
0.911042
0.975614
1.07566
0.993636
0.77797
0.876614
1.04271
0.868275
1.04866
1.0413
0.938299
1.0328
1.02551
1.08475
1.05506
0.973884
1.08375
0.959907
1.0371
0.908815
0.849534
1.04899
0.974437
0.97841
0.941774
0.941939
0.810243
1.0422
1.0689
0.979326
0.954867
1.11044
1.01575
0.995775
0.794699
1.10766
0.972411
1.02631
0.952838
0.965708
0.889777
1.06078
0.883294
0.793229
1.00752
0.962311
0.922766
1.08204
0.853936
0.82396
1.00295
1.03986
1.02732
0.892859
0.963933
1.00277
1.0888
0.832808
1.18662
1.1022
0.811718
0.966707
0.826417
1.0936
1.00359
1.11069
0.94447
0.975237
1.05279
0.992377
0.983359
0.850917
0.946758
1.08589
1.00126
0.848837
0.893762
0.909443
1.04116
1.10418
0.958625
0.904026
0.981325
1.0502
0.90597
1.19381
0.863328
1.08404
1.182
0.92202
1.12265
1.01104
1.12514
0.941238
1.13268
0.974282
1.02635
1.2271
1.08736
1.10986
1.06279
1.06173
1.03343
1.08187
0.880578
1.06636
1.09821
1.09791
1.0304
0.795071
0.936362
1.05344
1.12895
0.990867
1.11072
1.03425
1.02258
0.883425
1.14306
0.987372
0.875221
0.976243
1.03314
1.00953
0.817683
1.08741
1.16673
1.17314
0.78051
0.952719
1.05814
1.06652
0.769963
1.00726
1.09166
1.14491
0.923855
1.08127
1.04692
0.727166
0.88036
1.02909
1.08059
0.874886
0.946241
1.07154
1.16964
0.918076
0.898218
1.05142
0.885837
1.16993
0.980449
1.03689
0.757929
1.11134
1.13222
0.931111
0.863824
1.00728
0.94288
0.785931
1.02199
1.20153
1.09029
1.14436
0.903549
0.895521
0.909272
0.863166
1.29041
0.98402
1.03704
0.915626
0.994645
0.942025
0.890471
1.01195
0.995833
1.01143
1.1173
0.917988
0.924251
0.997954
1.12634
0.977199
1.06284
1.12798
0.938067
0.906519
0.964195
1.01656
1.014
0.942195
0.993965
1.13244
0.918146
1.11188
0.860404
0.911193
1.02321
0.899351
0.975839
0.891412
0.911726
1.00096
0.935846
0.893428
0.944158
0.941958
1.13448
1.04438
0.881037
0.99183
0.968023
1.205
0.973954
0.917432
0.951201
0.943992
1.04503
0.984094
1.10271
0.990753
1.14762
1.07974
0.977331
1.05579
1.02765
1.06066
1.06046
0.967163
1.09818
0.784859
1.01616
1.05776
1.02544
0.937593
1.10466
1.00269
0.980884
0.904143
1.12561
0.931883
0.899533
0.988287
0.90308
1.15029
0.860491
0.914248
1.20018
1.03745
0.983453
0.866348
0.953504
1.12603
1.04955
1.15179
1.13945
0.933843
1.05877
1.09308
1.01165
1.05572
0.993248
1.04794
0.986448
1.02916
1.22291
1.16381
0.91668
0.871163
1.09311
0.786042
0.911032
1.03295
0.818961
1.02049
1.04613
0.878897
0.938821
1.10397
1.07789
1.04921
0.9942
1.19194
1.0751
1.0503
0.908495
0.955071
0.972152
0.971903
0.861397
1.014
1.1204
1.07528
1.01166
0.949823
0.997615
1.01697
0.978195
0.883506
1.06442
0.99825
1.07167
1.05613
1.09939
1.07979
1.07556
1.11111
0.797278
0.936073
0.957394
0.929538
0.921848
1.0673
0.876602
1.05297
0.93715
0.955245
1.19959
0.935968
0.926348
1.0079
0.919385
1.08316
0.971559
1.01777
1.01118
1.15281
1.05791
1.06514
0.903686
1.05998
1.15938
0.942606
1.10596
0.891643
1.09685
0.953892
0.921964
0.887282
1.02873
0.946247
1.14987
0.863785
1.00911
0.912625
0.825949
1.03437
1.0505
0.944596
0.847631
1.09535
0.973784
0.99459
1.0139
0.8559
1.12214
0.877807
0.966963
0.943126
1.00881
1.10468
0.948899
0.932919
1.14823
0.811606
0.966473
1.0598
1.03939
0.873781
0.908177
1.10885
0.890258
0.926008
1.11052
0.906595
0.969673
1.05606
1.10429
1.1322
1.01558
1.077
0.805467
1.13139
1.04068
0.904514
0.97191
0.931366
0.984424
0.990115
0.954279
0.95663
0.893795
1.12683
1.01982
0.899127
1.07651
0.990016
1.12712
0.927627
1.09329
0.861317
0.990678
0.845121
1.03274
1.0328
1.02124
0.929017
1.12227
0.998136
0.80891
0.786727
1.11676
0.912716
0.944408
0.995689
1.31886
0.904569
1.01133
0.895695
1.12303
0.93484
1.06049
1.15022
0.855206
0.93908
0.989176
0.973879
0.88347
1.03931
0.915251
1.13654
0.839929
0.982993
0.995884
0.941594
1.06314
1.00241
0.986965
1.11435
1.06693
1.02261
1.0146
0.982298
1.04705
1.06215
0.914988
1.21063
1.02437
0.871247
0.942232
1.2312
1.11263
0.991868
0.942084
1.16819
1.13684
1.07897
0.954568
0.907186
0.975411
0.972747
1.02007
0.985043
0.93489
1.03687
0.850273
0.873119
1.01896
0.886582
1.14224
0.80818
1.18754
0.922578
1.07477
0.950241
1.16032
0.966099
0.977969
1.10401
1.01409
1.04872
0.849823
1.10828
1.14195
0.936346
1.19886
0.982464
0.916251
0.898527
0.878168
1.13185
0.983577
0.986388
0.883884
1.23709
1.06934
0.999077
0.978874
1.09505
1.18349
1.02604
0.954405
1.1079
1.29008
0.88845
0.881689
0.957349
0.998729
1.14179
1.13058
0.816039
0.991063
1.0372
1.02668
0.977174
1.00466
0.92318
0.964211
0.983255
1.06809
0.84287
1.03228
0.905603
0.874384
1.06501
0.828866
0.913576
0.833872
0.980535
0.905649
0.998316
0.93435
0.842909
0.945357
1.13206
1.05702
0.870704
0.874408
1.02958
1.08627
0.907848
0.83682
0.73985
1.05272
1.14259
0.84752
1.00887
1.10719
1.04308
1.03653
1.04728
1.16576
0.953809
1.01345
1.11529
0.93291
1.02249
0.946708
1.14963
0.927485
0.981885
1.00343
1.02843
1.11893
1.11762
1.04133
0.859003
0.838095
1.05717
1.09192
0.960894
1.07235
1.11502
0.993934
1.14501
1.02733
0.877365
0.866558
0.835176
0.896629
0.973497
0.961089
0.917706
0.862102
0.837027
0.91568
1.01669
1.00602
1.15209
0.992748
1.01108
0.902804
0.887397
0.902919
1.19045
1.03886
1.03777
1.01522
0.948132
0.818554
0.990746
0.857748
0.994023
0.900757
1.15537
1.05641
1.20823
0.92883
0.991404
1.0632
0.903784
0.966705
0.942618
1.01857
0.904791
0.949331
0.964515
1.26921
1.04062
0.979535
0.774196
1.09142
1.13246
1.14079
0.950256
1.10508
0.794141
0.910366
0.965512
1.16269
0.850548
0.904626
0.92316
0.977688
1.02871
1.02826
0.80451
1.03489
0.991164
1.01177
1.05564
1.02947
0.984574
1.26097
0.890364
1.05511
1.09405
1.03468
0.793413
1.07366
0.996403
0.918724
0.894423
0.841184
1.01833
0.877612
1.01348
0.930875
1.04955
1.09438
1.17859
0.975911
1.07703
0.808802
1.10074
1.00454
0.811
0.878392
1.04493
0.867545
0.935417
0.914408
0.964571
0.980129
0.994152
0.973324
0.918329
0.8473
0.940234
1.2093
0.862318
0.839035
1.02369
0.941314
0.948469
1.03507
1.06231
0.975502
1.02248
0.864489
1.01899
0.828122
0.769581
0.951089
1.15072
1.08171
0.965511
0.986171
1.03994
1.02356
1.11436
1.01501
1.19102
1.1209
0.864163
0.879724
1.06605
1.1059
1.01062
0.955812
0.931843
0.885913
1.03114
0.999499
0.887565
1.20894
1.05812
1.01407
1.04977
1.01861
1.03821
0.936405
0.982858
1.01147
1.03623
0.8975
1.03058
1.2363
1.03668
0.999956
1.04315
1.00889
1.12887
1.03304
0.827981
1.06304
1.06859
1.01706
1.03643
0.978566
1.04753
1.14062
0.91049
0.962726
1.20553
0.980439
0.989864
1.02407
0.960583
0.803425
0.855355
1.00156
1.02512
1.00013
0.868487
1.13229
1.03685
0.953822
1.08406
1.12669
1.08848
0.980749
0.914673
1.13477
1.07202
1.0001
1.05022
0.926476
0.98445
0.941064
1.09084
1.00921
0.873385
1.09729
0.983877
1.005
0.891246
1.02114
0.937642
0.972285
0.986886
1.21403
1.08979
0.942987
0.972453
0.78099
1.02497
0.95827
0.945085
0.908488
1.00012
1.01553
1.09676
1.00211
0.808951
1.03441
1.17583
0.964865
1.08726
0.794747
1.0027
1.18879
1.12231
1.16943
0.963923
1.06286
0.876924
1.10085
1.14546
0.92034
1.11067
1.03313
1.03222
0.913155
1.0141
0.857926
0.932838
1.19213
0.948021
0.975898
0.902003
1.11349
1.08791
1.04275
0.857161
0.813397
0.942852
1.01308
0.993256
1.07702
0.965642
0.990083
0.88863
0.920121
1.11881
0.894063
1.25745
1.07976
1.19208
0.937641
0.794878
0.961662
1.05495
1.01272
1.02046
0.99889
0.959343
0.863081
0.935834
0.840645
1.14944
1.10627
1.1301
1.08724
0.985359
0.994962
0.840097
1.06424
1.18003
0.860909
0.891375
1.17656
1.08415
1.16615
1.08597
0.82798
0.804157
0.931981
1.03644
0.960928
0.978485
0.974838
1.34266
0.984111
0.951103
1.04072
1.14562
0.979364
1.00237
1.05033
1.04085
1.18582
0.957908
1.14855
1.08331
1.03372
0.856816
1.02241
0.998405
0.989829
1.05769
1.17254
0.81433
1.14645
1.00566
0.980057
0.897951
1.06152
0.811321
1.10055
1.01241
1.17992
1.02908
1.14752
0.882048
0.87854
1.15892
1.09675
0.81415
0.930906
0.942431
1.02212
1.07735
0.877151
1.13249
1.14314
0.844414
1.04548
1.00522
0.994187
1.08691
0.93564
1.01832
0.885782
0.968303
1.13486
1.09668
0.873654
0.985056
0.998745
1.05237
1.07408
0.971718
1.27818
0.995225
1.1405
1.14876
1.02761
1.176
0.98509
1.04851
1.09253
0.985979
1.00223
1.01558
0.868791
0.954171
1.09341
1.17209
0.953371
1.10945
0.982459
1.1563
0.983852
1.02686
0.913085
1.05692
1.05864
1.19363
0.994523
0.857386
0.829636
1.234
1.0226
0.907671
1.02307
1.11568
1.02615
1.0844
0.954935
0.728255
0.814431
1.05722
0.989742
0.995168
0.876188
0.93215
0.935674
1.23397
1.08711
0.878717
0.935997
0.997223
0.9038
0.952344
1.13902
0.951904
1.03368
0.963967
1.07656
1.04936
0.887676
0.866079
1.0114
0.989669
0.912938
0.987406
0.944609
1.04941
0.978151
1.1082
0.896444
0.858691
1.05537
0.857477
0.808356
0.937602
1.06146
1.06045
0.759505
0.899102
1.13113
0.968982
1.02828
1.00227
1.10216
0.943542
1.05276
0.736538
1.09548
0.971845
0.941217
0.990102
0.884463
1.04516
0.999592
1.14376
1.01115
1.0961
0.970437
1.12582
1.03102
0.956028
1.19584
1.0711
1.03004
1.08234
1.02172
0.765298
1.13576
1.14462
1.04985
0.842798
0.946035
1.04955
1.12847
0.905426
1.00049
0.988096
1.05372
1.00136
1.00724
0.914567
1.13385
1.03826
1.09959
0.96323
1.14834
0.968592
1.06025
1.0655
0.929183
0.932564
0.997082
0.895935
0.925921
0.9494
1.06776
1.21639
0.982269
1.04456
0.923841
0.977483
1.11281
1.08037
1.0468
1.15839
1.00965
0.992933
0.916723
0.928161
1.08838
1.10736
1.11801
1.08473
0.880884
1.09068
1.19565
1.03278
1.1167
0.996567
0.953631
1.06594
0.97013
1.11204
1.00305
1.03732
0.907218
1.16883
1.05082
1.09625
0.962151
0.989373
0.912226
0.958227
1.04298
0.972086
0.989053
1.01442
0.853761
0.863658
1.14249
1.25177
1.15271
1.09022
1.03277
1.18763
1.08357
0.841973
0.977446
0.922834
0.851127
0.932479
1.02618
1.00463
1.15584
1.0236
1.11954
1.13436
1.10122
0.952214
0.836755
1.06393
1.04766
0.894381
0.967985
0.844099
1.03661
1.13686
0.914284
0.913896
0.899384
1.06463
1.03211
0.940241
0.87045
0.824031
1.05872
1.0015
1.06881
1.12132
0.84957
1.17347
0.893669
1.06733
0.985668
0.831601
0.96506
1.14505
0.828742
0.964514
1.08537
0.980613
1.09645
0.902488
0.930827
1.02919
0.886264
0.982186
0.970495
1.11313
0.916161
1.02649
1.01676
1.1095
1.07226
1.07825
1.03448
0.901041
0.963308
0.938043
0.899221
0.845867
0.940645
1.06385
1.14321
0.843725
1.05247
1.02434
1.02622
1.03694
0.871813
1.0226
1.00689
0.892516
1.01501
0.966749
1.04616
1.10244
1.04225
1.11509
0.981919
1.01545
0.884462
1.0933
0.958396
0.913955
0.994134
1.07937
0.872924
0.893803
0.979923
1.00548
1.06626
1.13119
1.04519
0.982761
0.931635
0.933812
1.10824
0.980566
0.974278
1.0487
1.01297
1.07368
0.872732
1.00266
0.842534
1.13118
0.896421
0.869337
0.838247
0.900097
0.996859
1.11778
0.829853
1.13153
1.06933
1.01707
0.877919
0.978197
1.01558
0.984885
0.991367
0.966602
0.900932
0.954071
0.868712
1.03379
1.10846
0.889765
0.948556
1.05175
0.917545
0.891745
0.901245
0.995868
1.00811
1.01133
0.894298
1.01765
1.04977
1.01168
0.825025
0.972077
1.01376
1.03786
1.03202
1.11334
1.17941
1.04173
1.06452
1.03129
0.977251
0.768579
0.994729
0.907152
0.915034
1.12348
1.00922
1.0946
0.936548
0.907698
0.953388
0.984879
1.04481
0.905917
1.12095
1.07245
1.18107
1.105
0.972383
1.06156
1.20087
0.954117
1.02496
1.0373
0.839486
1.07307
0.901424
0.85203
0.957295
1.11792
1.24374
0.831906
0.861351
0.975504
0.882496
1.0975
1.12367
1.06317
1.02275
1.0963
0.950851
1.01751
0.880435
0.938966
1.11773
1.05419
0.953467
1.02461
0.928811
1.13501
0.975834
1.05725
0.89916
1.10933
0.925749
1.05676
0.914896
0.878548
0.993379
0.962343
1.07709
1.14313
1.20875
1.06382
1.08871
0.970278
1.03242
0.999511
1.00348
1.00542
0.972422
0.977576
1.07728
1.21507
1.00759
0.83339
1.08047
1.06211
0.988868
1.07548
0.920636
0.970411
1.04627
1.03728
0.917589
0.98563
0.982869
1.11368
0.892933
0.868897
1.26206
1.16601
0.961337
1.02359
1.17857
0.98676
1.14427
0.952584
0.996307
1.00455
0.993449
0.943225
0.742459
0.98097
0.933068
1.22541
1.13217
1.00153
0.836612
0.989154
0.999469
1.07853
1.18401
0.919855
1.10323
0.95919
1.02568
1.01174
1.0628
1.07602
0.960432
1.03375
1.01179
0.984092
0.943396
0.816744
0.853853
0.913249
1.04666
0.987005
0.924918
0.806718
0.892698
0.997176
0.925445
1.00308
1.17246
1.18415
1.00789
0.931787
0.978732
0.951073
1.0172
1.03453
1.15397
1.02575
0.992097
0.988294
0.940185
1.08523
1.22099
0.989609
1.01581
0.915442
1.04821
1.10132
0.956273
1.10771
0.96124
1.04745
1.0373
0.949108
1.0709
0.974513
1.16126
0.879416
1.06939
1.01361
1.06121
0.884366
1.13267
0.94284
0.771335
0.945004
0.972255
0.762794
0.791032
1.09207
0.937982
1.05258
1.06198
0.90637
1.11623
0.898037
1.09656
1.00596
1.16235
0.994106
0.963252
1.05877
1.17011
1.182
0.875293
1.0569
1.03711
1.06406
1.02146
0.945656
0.951072
0.813696
0.911671
0.931378
1.03448
1.00757
0.843881
1.23823
0.805343
0.981609
1.02588
1.05395
1.17002
1.05451
0.911919
1.16632
1.03352
1.09975
1.15414
1.05138
0.901389
0.897428
1.14476
1.04951
1.13868
1.1392
1.04202
1.08989
1.11819
1.05579
1.01347
1.07358
1.04096
1.03645
0.99768
1.09011
1.02851
0.940613
0.871334
1.03751
1.02247
0.894899
0.893068
1.0112
0.966757
1.09126
0.945121
0.950973
0.959214
0.892238
0.918783
1.03321
1.0114
1.08029
0.998006
1.16906
0.98
0.929884
1.24522
1.03827
0.958688
0.846496
0.924258
1.02948
0.970608
0.930809
0.909605
0.948172
0.998128
0.935045
0.949021
0.975979
0.822498
0.970733
0.92378
0.825873
0.89554
0.972647
1.03854
0.96708
1.01958
1.19595
1.06011
0.967572
0.954472
0.98936
1.13769
0.960211
0.965703
0.906371
0.834932
0.829064
1.00082
0.919713
0.860777
0.94294
1.00793
0.903321
0.879523
0.946231
1.03753
0.888548
1.05529
0.948657
0.988938
0.953249
1.20129
0.804271
1.1031
1.06229
0.822464
0.915503
1.1482
0.949693
0.942243
1.1652
1.09492
0.923019
0.888644
1.04081
0.931261
1.19517
0.95989
1.11273
1.22048
0.975077
0.855865
1.20342
0.995787
1.09013
0.997133
0.934177
1.01321
0.929257
1.03844
1.08986
0.878133
0.800866
0.819034
1.15584
0.97806
1.09025
0.967031
0.891327
1.12462
0.98294
1.11857
0.861243
1.259
1.04498
1.03127
0.868011
0.90795
1.04166
0.892042
1.07409
0.8755
0.91863
1.02783
0.914077
1.02269
1.11042
0.957007
1.00094
1.14924
0.839465
0.935739
0.974211
0.916898
0.97778
1.02253
1.12297
1.16668
0.971353
0.929152
1.00353
1.12291
1.01759
1.22237
1.06831
1.12583
1.01449
1.0419
1.0569
0.92879
0.874895
1.05284
0.902222
0.827532
0.948729
0.914309
0.941349
1.06564
0.893535
1.02059
0.993414
1.08112
1.06917
0.955195
1.13005
0.937628
1.03774
0.886878
1.01629
0.947822
1.00487
0.888885
1.00722
0.974857
0.925328
0.991212
0.869603
0.92978
1.00415
0.827941
0.973093
1.05021
1.02925
0.935574
1.00201
0.893175
0.909425
1.17557
1.13918
0.950481
0.913337
1.03192
1.02925
0.730686
1.02075
0.99253
0.923255
0.931769
0.943334
0.894482
1.12084
1.03949
0.940245
0.981891
0.949166
0.903984
0.949602
0.957863
1.07361
0.917824
0.968902
0.92281
1.02433
0.870502
1.06789
1.07239
0.934451
1.08536
1.09675
0.919879
1.00892
0.884709
1.11887
1.07801
0.992976
0.873521
1.13606
1.17528
1.04106
1.11114
1.03546
1.07211
1.07616
1.03746
0.957835
1.22723
1.07864
0.754435
1.07508
0.91155
0.922342
0.995942
0.966058
1.09736
1.0322
1.10014
1.07903
1.16222
0.970997
0.846524
0.970742
1.02881
1.00579
1.01246
0.949145
1.05172
1.0005
1.20782
1.111
1.01037
1.13484
1.06847
0.975519
1.02164
0.938525
0.941061
1.16678
1.05805
1.03894
0.929755
1.01159
1.00486
0.959624
0.732443
0.885304
0.973113
1.05989
0.974246
1.03832
1.00024
0.9692
1.08491
0.953453
0.920277
1.05986
0.917795
1.19344
1.16994
1.0713
0.93792
0.873335
0.963966
1.12402
0.893622
1.12647
1.01655
0.991133
1.03801
0.958986
0.967657
1.16899
0.982755
1.18097
0.902151
0.978502
0.895312
0.862794
1.14603
0.96911
0.939874
1.19459
0.891
0.99408
1.00436
1.00782
0.975534
0.875151
1.09304
1.04361
0.874811
0.973569
1.10232
0.921503
1.11151
0.966239
1.25452
0.97062
1.10638
1.08298
1.00976
0.924948
0.975619
0.915971
0.88406
0.869984
0.945905
0.940101
1.00855
1.02081
0.965727
0.920105
0.826384
1.01664
0.909279
0.977668
0.937996
1.03433
0.961334
0.803984
0.912614
1.13473
0.916205
1.03527
0.898087
1.06812
1.03346
0.892591
0.872445
1.08076
1.04745
1.11748
1.09068
0.948669
1.08519
0.804577
1.00492
1.0079
0.991826
1.13733
0.92908
1.04639
1.04573
1.03231
0.995697
0.971328
1.06693
1.15081
0.868613
1.04157
1.10943
0.877262
1.10268
0.942466
1.1586
1.01406
1.17408
0.835039
0.867751
1.03001
0.954731
1.04883
1.03821
1.08347
0.876453
1.10816
0.967994
0.989844
0.88451
1.02533
0.939968
1.01666
0.911565
1.08608
1.06161
1.07279
1.0233
1.02444
1.02711
0.998295
0.870507
1.05057
0.792389
0.939334
1.02237
1.01972
1.00673
1.09166
0.971061
0.964986
0.812416
1.09084
0.989281
1.26744
0.925967
1.03427
1.06583
0.909184
0.980287
1.0033
1.14471
0.883067
0.996281
1.31345
0.960674
0.89271
0.913219
0.888479
0.944968
1.03497
0.86994
0.994755
0.969992
0.952323
0.902414
1.10869
0.943986
1.11577
1.0359
1.10915
1.11874
0.86327
1.11062
0.932434
0.979539
1.0194
1.05428
1.07966
1.04953
0.98829
0.872585
1.03241
1.05212
1.00591
0.986604
0.950762
0.954898
1.06931
0.932033
1.09239
0.905676
1.12924
0.889868
0.961478
1.04292
1.00062
0.871586
1.05946
1.20172
0.979389
1.08443
1.20009
0.975573
0.89656
1.17054
1.21883
1.01382
1.04001
1.04564
0.853274
0.943781
1.03231
0.966227
0.952197
0.983291
0.896601
0.756527
0.788449
0.853553
1.12553
1.12581
1.08136
1.08526
0.870685
0.757784
1.00615
0.969366
0.921455
0.949941
1.00455
1.07758
1.01132
0.973165
1.13901
0.945439
1.02009
1.00105
1.21016
1.07832
1.02907
0.994408
1.03696
0.920896
0.88807
0.905756
0.851008
1.17878
1.06952
0.951643
0.950102
0.914435
1.04107
0.902673
0.924982
1.03861
1.01751
0.999675
0.973975
0.949083
0.874862
1.05473
1.16599
0.897151
1.26827
0.921566
1.03991
0.813472
1.01136
1.36167
1.12656
1.02588
0.960739
0.895084
1.03829
1.14972
0.931095
0.824846
1.07414
1.17677
0.97634
1.19458
0.888722
1.18522
1.09008
0.986744
0.903899
0.908519
0.976434
1.08724
0.868872
1.11798
0.89684
1.0444
1.15102
1.02338
0.921372
1.09782
0.973469
0.969417
1.11686
1.04427
0.996656
1.03027
1.13389
0.887781
0.936041
1.01005
1.02736
0.921992
1.06553
1.13028
1.24171
0.990753
0.811856
1.04536
1.02721
0.825914
0.988501
1.22875
0.90691
1.11673
0.968071
1.02685
1.00469
1.03195
0.875263
1.1784
1.03078
0.929167
0.995306
0.989919
0.982795
0.807783
0.925277
0.778092
1.07397
0.970662
1.05039
0.914893
0.779658
0.967683
1.15161
0.916588
0.90073
0.887462
1.26419
0.944478
1.06846
0.940167
0.804276
0.970605
1.03294
1.06145
1.03186
0.924025
0.923968
1.0259
1.13717
0.894525
1.13591
1.02331
0.865827
0.931313
0.901745
0.91048
0.96146
1.07477
0.989641
1.0659
0.91735
0.849192
1.07824
0.996057
1.05586
0.997314
0.902668
1.07006
1.02848
0.914642
0.977363
0.917344
1.11957
0.958945
0.979887
0.949947
1.076
0.964623
1.03678
1.07348
1.02161
1.05053
1.01641
0.954908
0.865666
0.878496
0.777416
1.10775
0.935592
1.09643
0.895768
1.16465
0.893295
1.08678
0.902874
1.11054
0.856324
0.965593
0.990172
0.942876
0.992968
1.17665
0.902218
1.07484
0.838752
1.0212
1.04799
0.93961
1.05248
0.859548
0.886737
1.12854
1.02238
1.00797
0.788846
1.03517
1.05397
1.11745
1.16457
1.0902
1.05495
0.911633
0.996583
1.21087
0.785745
1.34871
1.10843
1.02359
1.04003
0.837329
1.04517
1.0054
1.14619
0.855163
1.01845
1.05962
0.978239
0.944305
1.00618
0.993687
0.980498
1.0886
1.00468
1.06782
0.918846
1.03874
0.996566
0.932149
0.94666
1.24561
0.898741
0.984419
1.10522
1.14523
0.873497
0.976902
0.818661
1.01401
0.974333
0.983672
1.07623
0.949997
0.903243
1.01906
1.19139
1.00178
1.00299
1.00723
1.01466
1.23813
0.95031
0.909896
0.990097
1.03991
0.993062
0.923769
1.14528
1.0359
0.893699
0.930877
1.20187
0.80103
1.22127
0.947491
1.07989
1.0615
1.02821
1.08997
1.18814
1.05331
0.920711
0.886002
1.20928
1.10293
1.03241
0.96006
0.884575
1.29104
0.89215
0.955862
1.01677
1.0934
0.922118
0.976495
1.09665
0.883976
0.955792
1.00821
1.11113
1.03817
1.0765
1.07796
1.03784
0.962888
1.05332
1.00674
1.07875
1.00828
1.09043
1.06363
0.940923
0.889624
0.870744
1.03148
0.990117
0.883336
0.961477
0.981014
1.13169
1.05818
0.819295
1.11773
1.02429
0.904534
1.05036
0.991432
1.05607
0.974135
0.939786
0.996948
0.984473
0.915655
0.95915
0.915623
1.05359
0.803498
1.0218
0.973793
0.920392
1.21266
0.94861
0.954208
0.883046
1.08714
1.25373
0.935829
0.92854
0.956118
1.07397
0.829484
0.971491
0.893922
1.04888
0.948789
0.965225
0.91081
0.935982
1.04686
1.08787
0.900813
0.838449
0.948511
0.884365
1.03885
1.12141
0.803503
1.23124
1.11751
1.00479
1.0845
0.907184
1.20973
0.855835
1.02092
1.03706
0.896252
0.941809
1.02857
1.01398
0.893942
1.03224
1.10227
0.910031
1.0501
1.01783
1.08928
1.09805
1.03818
1.01511
1.07431
1.09339
0.944272
1.33406
0.822916
0.977365
1.1186
1.03748
1.16787
1.28369
1.1247
1.04347
1.03897
0.982553
1.0067
1.01771
1.07924
0.87381
1.01511
0.861946
1.00682
0.983873
1.15852
0.946415
1.18055
0.881488
1.05668
1.14104
0.787395
0.987399
1.07162
1.10435
1.01069
1.08317
0.959706
1.10113
0.927958
0.914667
1.22138
1.01067
0.957519
1.12204
0.958886
0.991416
0.860721
1.03024
1.0596
0.961459
1.05615
1.10162
1.06791
1.04721
0.934283
1.18808
1.06612
1.17344
0.959439
0.914761
0.96873
0.915548
0.95734
0.962379
1.03454
0.92384
1.41775
0.938472
0.884473
0.833109
0.835284
1.05629
0.869473
0.852997
1.05696
1.07846
1.0641
1.01731
0.929497
1.09345
0.79326
0.966272
0.919445
0.958374
1.12746
0.989938
1.02625
0.997762
1.08236
1.04839
1.18496
1.00885
0.946957
1.03374
0.917853
0.996856
1.00342
1.12805
1.12442
1.01896
0.947158
0.849198
1.14917
0.964484
1.03008
0.984135
0.833027
1.08314
0.977334
1.02392
1.00148
0.850332
1.05533
0.959247
1.12881
1.00461
0.83426
1.03262
0.905912
0.88257
0.97487
0.90564
1.04951
1.02346
1.09989
0.971611
0.967629
1.02922
1.10868
1.21169
1.00961
1.02272
0.960582
1.14432
1.17953
0.9683
1.08485
1.10419
0.898394
1.03879
0.956563
0.924186
1.05458
0.946227
1.22101
0.888125
1.17214
1.10919
0.985358
1.03112
0.965766
0.942401
1.10407
1.01819
0.950283
0.881491
1.00159
1.12533
0.978704
1.02806
1.14353
0.88398
0.988488
0.90773
0.944437
0.989709
1.12505
1.06581
0.928574
1.0199
1.11872
0.970313
0.851043
0.955482
1.03011
0.842022
1.11647
1.08359
1.01754
0.960822
0.944006
1.12667
1.01015
1.01489
1.0771
0.946444
1.17445
1.09447
1.03175
1.0121
0.970469
1.05686
0.98685
1.05449
1.03589
0.964735
1.06775
1.0324
0.97537
0.891514
1.02116
0.964908
1.09117
0.996513
0.916399
1.27012
0.963895
0.833299
1.0295
0.986865
0.986406
0.833426
1.20798
1.01685
0.942882
1.11574
0.889157
0.98549
0.952104
1.11899
0.904247
1.02818
0.907
0.952715
0.957086
0.935367
0.976204
0.866256
1.0861
1.11701
0.889489
0.936803
0.870552
1.02448
1.04609
0.887943
0.858652
0.850199
0.891198
1.11796
0.928482
1.1291
1.01095
1.04878
1.04054
0.999783
0.994527
0.828825
1.01726
1.00722
0.975401
0.888108
0.934448
0.915636
1.00777
1.03058
0.961711
0.899294
1.00653
0.983978
1.05652
0.978267
0.885876
1.0164
0.967847
0.942203
1.26811
0.870258
0.841137
0.945334
0.992136
0.931393
1.1229
0.883097
0.986444
1.06821
1.00665
1.02234
0.935338
1.00343
1.14436
1.19392
1.07102
0.842783
0.954136
0.949988
0.859413
0.985242
0.93245
1.08526
1.00138
0.991738
1.08686
1.29621
1.18799
1.04908
0.956838
1.02521
0.821606
1.10754
0.942416
1.081
1.08647
1.03839
1.07605
0.949479
0.969072
1.0692
0.981364
0.960022
1.0844
1.01698
1.05113
1.17107
0.958049
0.986692
0.916552
1.26119
0.899222
1.02707
0.792716
1.28395
0.946963
0.952073
1.04241
1.14462
1.0721
1.09743
1.11069
1.29972
1.0421
1.06898
0.89671
0.997057
0.838824
0.97933
0.980021
0.974988
0.981263
0.943914
1.0374
0.833883
0.973605
0.767365
0.94743
1.14776
1.11773
1.06087
1.12395
1.05514
1.08938
0.860239
1.06465
1.00338
0.937362
1.06481
0.878019
0.983326
1.14289
1.24758
1.142
1.16966
1.09687
0.85891
1.0122
1.11274
1.09742
0.89897
1.1608
0.866107
0.92849
0.864208
0.777873
0.944246
1.13292
1.03746
0.936244
1.0216
1.23663
1.08743
0.976233
1.03261
0.896144
1.0455
0.870537
1.06917
1.06887
0.971148
0.910392
1.17867
1.01214
1.01022
1.06971
0.995718
