1.48849
0.658003
0.724468
1.59181
1.27094
1.22065
0.785623
1.41752
1.09649
0.537053
0.837855
0.972288
0.768603
1.17413
0.978973
1.90409
1.30144
1.03986
1.5609
0.80644
1.01097
1.63413
1.44908
0.995335
0.95217
1.00863
1.19975
1.15252
0.622358
1.0578
0.904281
1.45361
0.78783
1.17205
0.995687
1.15807
0.963988
1.05204
0.867031
1.1254
0.948398
0.848297
1.09716
1.13838
1.04076
0.553075
0.994194
0.595151
0.853642
0.966314
0.939294
0.849041
0.580202
0.914534
0.962736
1.24691
1.01487
1.65823
0.980414
1.04429
0.674852
1.54606
0.735521
0.784484
0.837378
0.782356
0.37843
1.05582
0.916799
0.957909
0.872229
1.02068
0.943095
1.29451
1.26708
0.757997
0.461941
0.749468
0.9715
0.71164
0.980833
1.04309
0.85833
1.61956
1.34969
0.794062
0.745279
0.883859
0.732207
0.583832
0.515154
1.55426
1.31551
0.940035
0.793071
1.31276
0.60229
1.41356
0.907927
0.982201
0.726489
1.24746
0.767874
0.971551
0.669364
0.787991
0.908983
1.03047
0.837527
0.649525
0.59857
0.980767
0.731995
1.27562
1.03521
1.208
0.77029
0.883501
0.767509
1.20321
1.45893
1.0958
0.915394
0.827361
0.881734
0.968398
0.731897
1.22512
0.905641
0.898522
0.481534
0.941295
1.07687
0.663256
0.511245
1.15486
0.804105
0.816324
0.670776
0.626694
0.749449
1.19142
1.59604
1.30193
0.986374
0.603318
0.612525
1.0208
0.92685
1.14028
0.744244
1.29395
0.963788
1.26339
0.957963
0.720113
0.896434
0.902973
1.50842
1.60729
1.18656
1.44842
1.19379
1.52221
0.754588
0.642258
0.822467
1.29461
0.658736
1.12091
1.03296
0.998679
0.75177
1.04334
1.33083
1.13756
0.479761
2.00398
1.6039
1.12347
1.16524
0.843221
0.594174
0.715858
1.15913
1.38559
0.738002
0.637929
0.722495
0.893575
0.760936
1.1236
0.89714
0.742407
1.30525
0.687097
0.739852
0.648974
1.41075
1.12735
0.789096
0.615923
0.899355
1.00772
1.60214
1.47665
1.40684
1.29726
0.641775
1.1236
0.553132
0.909667
1.0485
0.905989
0.78402
1.05041
1.69743
0.882906
0.680167
0.836142
0.719048
0.984069
0.971746
1.70282
1.127
1.23183
1.16412
0.924878
0.824336
0.843569
0.875823
1.63924
0.719306
1.29261
0.353569
0.5901
0.869122
1.44523
1.32477
1.32183
1.05561
0.6699
0.618136
0.671591
0.944304
1.07586
0.643968
0.784699
1.0892
0.996725
0.723039
1.20687
1.18458
0.724491
1.18575
0.328313
1.38516
0.698241
1.26125
0.799269
0.674731
1.55148
0.746398
0.840291
1.01515
0.639797
1.11341
1.39741
1.52212
0.83766
1.191
1.89631
1.00416
1.51639
0.893413
0.895477
1.21602
0.704794
1.30756
1.44752
1.47106
0.601448
1.17237
0.747881
0.516476
1.09364
1.48923
1.01309
1.04618
0.87406
1.32561
0.711596
1.01695
1.22364
0.813099
0.947769
0.652092
0.859386
0.834231
1.12014
0.695328
0.92334
0.485282
1.34732
0.997487
1.6604
0.533321
0.903111
1.00689
1.04085
0.922302
0.562708
0.80063
0.669462
0.632105
0.823197
1.19633
1.00545
0.735116
1.26976
0.969026
0.909872
1.01046
1.43931
1.62761
1.06371
0.861437
1.03856
0.62304
1.08632
0.823549
0.63707
0.749059
0.917947
0.633713
1.07623
0.837455
1.21614
1.07484
1.05249
1.33408
0.563881
1.19553
0.66704
0.852869
0.897011
1.28285
0.703459
1.01694
1.12269
1.21153
1.51334
1.81044
0.735203
0.391042
1.01358
1.09532
0.726271
0.472087
0.860329
1.32272
0.689115
1.02124
1.12309
1.63042
0.911201
0.688897
1.03569
1.28451
0.924961
0.965006
0.977589
1.19479
1.0246
1.21527
0.936847
0.7881
0.610824
1.26996
0.539876
0.927606
1.0348
1.03468
0.832818
0.864589
1.33799
1.3076
0.472805
0.428898
0.85168
0.849024
1.38292
1.27716
1.0389
0.823415
1.78972
0.910409
1.05381
0.819975
1.12472
0.982811
0.672189
0.899328
0.994386
0.659442
0.784943
0.844899
2.01941
1.12837
1.83017
1.13301
0.710987
1.6977
0.563595
1.24414
0.909604
1.07473
1.258
0.813633
0.851124
0.855281
0.94467
1.33721
0.592773
0.635895
0.857187
1.45185
1.61488
1.21076
0.705041
0.920647
1.41829
0.248929
1.22903
0.798963
0.814028
0.646858
1.12405
1.25168
1.2186
1.52845
0.783978
0.708109
1.46176
0.758534
0.645331
0.907798
1.11813
0.756933
1.33554
1.15477
1.02286
1.07576
1.70202
0.450994
0.897603
1.17248
1.31156
1.25593
1.41702
1.23158
0.41863
0.847694
0.952446
1.3782
0.853536
1.19427
1.63619
1.2608
0.77028
0.742294
0.685915
1.08441
0.78033
1.52224
0.852291
0.66247
0.722399
0.729689
0.98199
1.05178
1.237
1.02233
0.911164
1.48172
0.921856
0.999951
1.4227
0.330542
1.16428
1.01543
1.46392
1.40492
0.831347
1.34153
1.01859
1.36027
0.561554
1.04708
0.609825
0.63052
0.550022
1.24825
0.642573
1.72977
1.21303
1.62862
0.622084
0.443127
0.867105
0.722465
1.03057
1.08559
0.743494
1.48134
2.19198
1.67732
1.26101
1.25943
0.767621
0.368681
1.14898
1.03695
0.95615
0.787035
1.18106
0.484635
0.835448
0.650942
0.815812
0.73297
1.48784
0.635489
1.44358
0.643212
0.998011
1.10216
0.735205
0.9706
1.05075
0.510314
0.78353
0.46841
0.80344
0.757538
0.751703
0.620116
1.53214
0.718452
1.59281
1.21349
1.3242
1.05768
1.00472
1.00598
0.482876
0.884367
1.3889
1.12333
0.786816
0.771474
0.941981
1.12078
0.937943
0.780388
0.803908
0.481678
1.34581
1.15388
0.719227
1.72614
0.79454
0.583854
1.12358
0.642661
1.38961
0.906066
0.847451
0.39978
0.654015
1.20226
0.613906
0.583302
0.790224
0.784141
1.23128
0.931266
1.18149
0.828196
1.2046
0.687114
0.559376
0.816352
0.851417
1.27587
1.50065
0.824655
0.461025
1.12594
0.643718
0.79913
0.880829
1.21759
0.788183
1.4353
0.901613
0.866824
0.375873
0.646635
1.09142
1.33238
1.05909
1.14009
1.22732
0.941585
0.84879
1.17908
0.875565
0.663782
0.487987
0.873913
1.10439
0.473345
1.05793
0.486199
0.846512
0.841771
0.837129
1.37411
1.2063
0.972461
0.420041
1.29326
1.29764
0.53129
0.926322
0.981249
0.962762
0.626144
1.05436
0.583704
0.926391
1.00473
1.36317
1.55643
0.793199
0.781171
1.33535
0.698104
1.17083
0.97311
1.24725
1.1436
1.22831
1.27889
0.926629
0.894814
1.15581
1.35996
0.832087
0.978601
0.650561
0.890561
1.04739
0.791193
1.17131
1.06728
0.79814
0.910448
1.49297
1.03462
0.868885
0.871592
1.07639
0.524198
0.901551
1.0702
0.666468
1.00312
1.90944
0.67537
1.90594
0.661593
0.942933
0.671848
1.28675
1.67221
1.95173
0.921241
0.879245
0.931904
0.977407
1.07561
1.06759
1.42462
0.957591
0.407285
0.609136
0.772952
0.897051
1.00621
0.522855
0.520846
0.497972
0.992433
1.21426
1.15674
1.21894
0.563775
0.887449
1.63603
1.38583
0.985189
1.33997
0.61881
1.14677
1.12567
0.85557
1.02896
0.390493
0.692403
1.1824
0.892704
0.962885
0.897158
0.753222
0.976441
1.01032
0.769855
2.04206
1.50165
1.2972
0.701637
1.30448
0.929021
1.32402
0.745945
0.865572
1.3482
1.13155
1.07871
0.76408
1.53279
1.23498
1.09945
1.148
1.00079
0.754132
1.00725
0.958922
0.884057
1.25012
0.621222
0.707485
0.754062
0.766448
0.986079
1.00205
0.62874
0.964946
0.661657
0.854895
1.42506
0.726453
1.11924
0.980093
1.41491
0.914638
1.38361
1.07366
0.61088
1.29388
1.29279
1.21585
1.03277
0.986285
0.575429
1.04477
1.37966
0.980351
1.16349
0.883959
0.528094
1.62308
1.22554
1.55037
1.35072
0.861879
1.53744
1.40618
1.41421
1.242
1.05182
1.97752
0.743699
0.699101
1.16384
1.54951
0.77273
0.660125
0.916868
1.36337
0.961307
0.494995
1.43986
0.902864
0.398092
0.462485
0.905798
0.824422
1.05393
1.627
0.954586
0.877156
1.16238
0.653772
1.11869
0.391602
0.903241
0.470196
1.57375
0.657304
1.16375
0.818096
1.52544
0.803832
1.08646
1.2119
0.749526
0.927428
0.585043
1.04471
0.855035
0.981096
1.16121
0.882124
0.742496
0.891394
0.556115
0.616913
1.19745
0.891035
1.48359
0.457292
0.523842
1.11255
1.11456
1.82881
1.00046
1.2179
0.592723
1.53588
1.34863
1.00933
0.475898
1.08958
1.12395
1.58682
1.23346
0.771416
0.425774
1.14977
0.805727
1.0727
0.793769
0.762393
1.69911
1.6834
1.28523
1.02132
1.66736
0.756913
0.827841
0.470312
0.792298
1.48233
1.08936
1.01618
0.638685
1.19404
0.563584
0.859882
1.01352
1.46712
0.761316
0.616396
0.964606
0.8548
0.965961
1.09564
1.39643
0.815319
0.683667
1.48715
0.749247
1.21907
0.85755
0.931909
0.791362
1.73431
1.12539
1.13546
1.40289
0.991059
1.17333
1.12631
0.726381
0.988003
0.600384
0.888975
1.82355
1.06486
0.737084
1.12917
0.744217
0.985131
0.41419
0.814213
0.831986
0.915704
0.88825
1.0352
1.10911
1.39192
1.03467
0.772245
0.735811
1.08257
1.05044
1.00401
0.718932
1.1093
0.754273
0.903016
0.586202
0.761375
1.42591
0.768543
1.85678
0.877671
0.585627
0.664077
1.89808
1.19971
1.38959
1.05005
0.587944
1.03824
0.914588
0.65818
1.05148
1.50613
1.12094
1.07006
0.455605
1.19276
0.880095
1.11625
0.744668
0.975143
1.37987
1.36564
0.876379
0.894093
0.789964
0.704228
1.10026
0.563596
0.732947
1.04631
1.12982
0.939089
1.40611
0.898824
0.959319
1.81448
0.714478
1.05232
0.708064
1.01844
0.965322
0.967968
0.894928
1.14535
0.939895
0.983491
1.09018
0.833766
1.08972
1.07899
0.70649
0.996499
0.934054
0.829766
1.20691
1.46965
0.869586
1.74053
1.17644
0.484482
0.539905
1.21666
0.870261
1.12853
1.05618
0.799472
1.06044
1.292
1.56079
0.851685
0.790335
1.42324
0.653912
0.431632
0.759442
1.89054
0.787321
1.15944
1.26122
0.964948
0.891827
0.937516
1.29446
0.680947
1.30932
1.31551
1.27688
1.15247
1.08189
0.672284
1.0655
0.998248
1.21375
1.03668
1.28651
0.933068
1.68353
0.908567
1.4049
1.27421
1.16172
0.90822
0.700551
0.958652
1.57695
1.14963
0.801879
1.11697
1.05277
1.10597
0.890079
0.673184
0.774121
0.785286
0.873374
1.84515
1.20668
0.619238
1.23746
1.03984
0.474241
0.880396
0.702077
1.15383
0.718457
0.767134
1.13897
0.844072
0.836811
0.816425
1.73344
1.36289
1.62638
0.507033
1.39184
1.22733
0.717607
0.900002
1.19464
1.07537
1.54346
1.12423
0.622672
1.80943
0.697235
0.717945
1.64505
1.11866
0.773542
0.920436
0.939139
0.595792
1.01598
0.927322
1.79238
1.26162
1.39711
0.51032
1.14716
0.640444
0.972963
1.06993
1.36262
0.803753
0.453683
0.734955
0.895531
0.988673
1.43372
0.7189
0.861278
0.807671
0.789375
1.09572
1.39784
0.928723
1.11434
0.959365
1.37248
1.19625
0.702132
0.936971
0.828252
1.20099
1.5546
0.956186
0.506
0.646492
1.51984
1.33952
1.19079
0.814238
1.61679
0.901893
1.12974
1.11919
0.629305
0.813162
0.966074
0.843547
0.745842
0.806615
0.898502
0.766127
0.870212
0.466048
1.1512
1.09353
1.11233
0.971513
1.64166
1.15931
0.576521
1.03457
1.20111
1.41772
0.678452
1.09299
0.988431
1.27356
0.68357
1.36167
1.11286
1.38673
0.721782
1.1692
1.25564
1.33878
1.22268
1.28402
0.576394
1.59245
0.74673
0.964566
0.670961
0.874118
0.882146
1.4004
1.22057
1.05027
0.848817
0.516744
0.838326
1.54262
1.48603
1.05346
0.700579
0.988053
0.742876
1.35738
1.05005
1.40967
0.776802
0.703282
0.996377
1.47763
0.850291
0.892175
0.864846
1.33581
0.780912
0.637836
0.436559
0.537542
0.582949
0.814326
1.18789
1.32499
0.686985
0.484121
0.685616
1.91386
0.844952
1.12356
1.22097
1.45395
0.957981
0.581887
1.12733
0.721343
1.23009
0.851318
0.963075
1.76384
0.582254
0.844255
1.19688
1.60887
1.59369
0.56815
1.02116
1.33092
0.637261
0.480925
0.596637
0.740012
0.883703
1.12911
1.21403
1.07291
1.85673
0.704563
1.21923
0.775128
1.15697
1.17473
1.65485
0.809665
0.919614
1.87216
0.751867
0.847294
0.965216
0.975141
1.02562
1.31629
1.16952
1.78761
0.997823
0.663759
1.22881
0.829907
1.03429
0.843753
0.962043
0.911675
0.919443
1.22124
1.76222
0.680654
0.952592
0.976468
0.814735
1.21249
1.53819
0.995596
0.850149
1.32415
0.908623
0.600232
1.32659
1.09775
0.900082
0.735006
1.15422
1.62107
0.501896
0.930598
0.750605
0.541571
1.09853
0.755306
1.041
1.01504
0.97606
1.05275
1.29923
1.1051
1.38797
1.17824
1.09729
1.03585
0.936324
1.16851
0.803072
0.453164
0.708191
0.87314
0.631802
0.750964
1.14965
0.534309
1.06689
0.767646
0.728226
1.21193
1.31422
0.997032
0.866981
0.689693
0.691409
0.774628
0.993408
0.702366
0.588056
1.3158
0.799927
0.902528
1.62947
0.682314
0.939811
1.06655
1.06204
0.731693
1.05904
1.04179
1.96199
0.850269
0.745289
0.849049
0.540626
0.801809
0.854541
1.74904
1.07672
0.953281
0.74377
0.881622
0.996327
0.678948
0.931877
0.886386
1.52896
0.885508
0.532722
0.948273
0.979167
1.35883
1.17825
0.919781
1.31607
0.736347
1.05568
0.705446
1.37154
0.720388
0.997412
0.92079
0.944441
1.02304
1.5438
1.37794
1.04026
0.795375
1.19717
1.53638
0.980928
0.494418
0.702255
1.15624
0.776098
0.830992
0.969045
0.973892
1.57912
1.04445
2.56887
0.489087
1.53711
0.772808
1.6097
0.581651
0.791749
0.9589
1.3209
1.98851
0.490391
0.888924
0.930704
0.7686
1.2056
1.20636
1.14538
0.797719
0.750038
1.21696
1.52011
0.958985
1.32184
1.47361
0.718515
1.1163
1.00009
1.15892
1.32555
1.15355
1.39283
0.953525
1.09081
0.622806
0.721916
1.00235
0.828187
1.43527
1.05704
1.29967
0.974139
1.08287
1.22287
0.831538
1.26801
1.20223
1.05306
1.49907
0.583767
1.07319
0.844956
0.83735
0.903254
0.8603
0.992984
0.650215
1.19455
1.02902
0.99974
0.888715
0.982369
0.99943
0.976746
0.705382
1.95423
1.03149
0.508363
1.29883
0.716658
0.924994
0.876356
0.979334
0.703672
1.17672
0.892819
1.29043
0.888201
1.29856
0.515091
0.810369
0.69296
0.937315
0.868003
0.930953
1.14395
1.04949
0.577345
0.458563
1.19739
0.916657
1.23579
0.765144
1.2272
1.16075
0.890088
1.07841
0.890341
0.733963
1.17542
0.862946
0.554751
1.34805
1.64483
1.3208
0.932091
1.2065
1.30706
0.954692
0.816469
0.909213
0.814545
1.39545
1.2555
1.40831
0.602152
1.54076
0.525599
0.882744
1.09371
1.16663
0.726793
0.799564
0.976344
1.13627
1.00141
0.957383
0.879675
0.847645
0.838666
0.91346
0.654375
0.713883
0.916978
1.23097
1.14277
0.974994
1.0351
0.785922
0.919171
1.04422
1.31994
0.78065
0.546668
0.773679
0.696939
0.547958
0.687131
1.01769
0.541344
0.550566
1.51348
0.978185
0.999745
0.819472
0.516444
1.186
1.19091
1.05901
1.34449
0.375556
0.697824
0.847268
1.07183
1.48122
0.474541
0.76763
0.982981
1.19798
0.842085
0.940738
1.16924
0.888761
0.61355
1.293
0.82752
1.0266
1.25428
1.53688
1.5788
0.832379
1.05391
1.15381
1.45341
1.04857
1.46416
0.845813
0.67595
1.00763
1.22269
1.59706
0.720337
1.06725
1.16103
1.21063
0.958992
1.08718
0.768277
0.885694
1.21871
0.789858
0.883365
0.874115
1.26891
0.657406
1.49139
1.26964
0.905822
0.914346
0.807511
0.773155
0.612106
0.72706
1.40987
1.55785
0.88396
1.30192
1.27774
0.857009
0.74032
0.865868
1.2383
1.3732
0.739996
0.879428
0.962571
1.2729
1.09909
0.662161
1.9809
0.892726
0.434193
0.696704
0.58353
0.803394
1.18684
0.878942
1.00025
1.34496
0.54109
0.661829
1.14763
0.799793
0.938946
0.903049
1.20871
0.475094
1.05535
1.01483
0.652698
0.811083
0.777816
0.899504
1.38223
0.850826
0.969578
1.45467
0.634376
0.895323
1.37014
1.52486
0.784791
0.978887
1.26056
0.755654
1.08001
0.782945
1.2491
1.45981
0.477585
0.774022
1.16544
0.572601
0.615369
1.0793
0.771942
1.0251
0.776224
1.58138
1.51729
1.04304
0.80167
0.641384
1.18224
0.930411
1.21565
1.21513
0.84276
1.11204
1.08901
1.00294
1.0819
0.880254
1.36342
0.793718
1.69004
1.2898
1.36178
1.7597
0.733037
1.28035
1.57471
0.679391
0.352858
1.15587
1.16621
0.428537
0.501726
1.03861
0.816365
0.256126
0.557665
1.18798
1.06013
1.6188
0.654842
2.06538
1.33238
0.759721
1.62621
1.39873
0.688526
1.23328
1.49783
0.914566
0.750146
1.42059
0.897589
1.28088
0.932682
0.762838
0.398455
0.591291
0.815177
0.455479
0.74668
0.692549
1.01953
0.724588
1.04095
1.22307
1.533
1.14313
0.985745
1.01002
0.571455
1.04743
1.77188
1.00991
0.920172
1.06418
0.839411
1.23793
0.946903
1.95702
1.97946
0.991489
0.857508
0.987364
0.739174
0.869903
1.12019
0.813635
0.86181
1.37618
1.43566
0.561183
0.939108
1.30175
0.655093
0.774059
1.00225
0.945812
0.975461
1.19567
1.19053
0.870394
0.827507
1.57819
1.06045
0.961507
0.622738
0.813953
1.26305
1.16782
0.606464
1.09204
1.21594
0.608267
0.767755
1.65922
1.00869
0.956034
0.891563
0.991719
0.757543
1.47304
1.41194
0.559953
1.54546
0.985992
1.22236
0.913258
1.43789
0.970556
0.721454
1.42859
0.706066
0.734354
0.771167
0.895688
0.66561
0.988071
0.880845
0.861701
0.577158
0.923464
0.640404
1.2702
0.901101
1.43223
0.92238
0.993601
1.28604
0.626749
0.728385
0.983099
0.596686
0.701608
1.50621
0.892709
0.697526
0.63823
0.851191
0.962636
1.21698
0.788641
1.39809
0.744087
0.875712
0.888561
1.05765
0.926589
2.12522
0.869926
0.246129
1.02204
1.35758
0.84421
1.44351
0.641013
1.65135
0.82781
0.915353
1.08514
0.672662
1.03649
1.11399
0.721855
0.792202
0.88535
0.951631
0.885795
1.65004
1.01829
1.22774
0.829071
0.599527
1.07907
1.11806
0.98962
1.55405
0.881046
0.701497
1.6867
1.18444
0.829321
0.676287
0.930614
0.815915
0.94834
0.665055
0.679967
1.23351
2.08534
0.640738
1.12997
0.998611
1.00737
0.628138
0.834746
0.561589
1.0665
0.750496
1.05693
1.14169
1.8401
0.545285
0.942706
1.36008
1.05035
0.879753
0.757662
0.587379
1.01185
1.03371
1.19209
0.679786
1.04495
0.836128
1.12885
0.90296
0.872386
2.36325
0.923869
0.896075
1.20998
1.22568
0.771382
0.97491
0.586839
0.883648
1.52082
0.924307
1.42954
1.26008
1.11353
1.34323
1.45625
0.796381
0.927801
1.4527
1.16942
1.37408
0.613784
0.618284
0.605552
1.11406
1.17335
0.893476
1.14419
1.15974
0.890782
0.971215
0.421137
1.22444
0.833118
1.22084
0.819772
0.998867
0.780755
0.875164
1.20454
0.994297
1.68196
0.935988
0.517117
1.11821
1.19216
1.11064
0.658808
0.68459
0.95907
1.20485
0.83189
0.813366
1.08926
1.14638
1.53839
0.975085
0.683478
1.86221
0.661425
0.811143
1.25204
0.910814
0.745314
0.325057
0.409093
1.18961
0.765534
1.33499
0.730064
0.868195
1.05992
0.892173
1.02842
0.812569
1.19057
1.055
0.879237
0.925833
1.30513
0.741496
0.949056
0.820258
1.36484
0.926376
0.677783
0.768371
0.678288
0.406835
1.20255
0.66912
1.22135
1.21432
0.678404
0.698094
0.953894
0.813126
0.739841
1.48266
0.864275
0.791247
0.760343
1.09774
0.745816
1.12641
1.1256
0.629366
0.978825
1.18965
0.80114
0.980881
1.15018
1.31745
0.682054
1.50164
0.738547
1.12102
0.822142
0.613228
1.09558
1.4386
0.451777
1.10228
0.560237
1.29387
0.670874
1.27612
1.70528
1.11865
0.813582
0.766555
0.656954
0.821187
1.52677
1.23839
0.607418
0.792343
1.36205
0.584956
1.1651
1.00155
1.00349
0.707111
0.954631
0.723836
0.981691
0.935462
1.0777
0.710219
0.983707
1.34499
0.785506
0.69193
0.438257
0.90354
0.711357
0.924639
1.32582
1.11826
0.605077
1.39605
1.65896
1.10347
0.907992
1.22495
0.57472
0.764618
1.04418
0.744959
0.782833
1.18816
1.11973
0.856471
0.526038
0.980813
1.03558
1.2034
0.889453
0.488523
0.86255
0.647197
0.976707
0.911373
1.2015
1.00962
1.21064
1.63388
0.967845
1.5436
0.792445
1.28534
1.18326
0.9372
1.56046
1.17909
0.99562
0.754897
0.960507
1.11183
1.19416
1.00176
1.14757
0.459862
0.853543
0.873713
0.93472
1.15733
1.11832
1.10631
0.877736
0.694673
1.44413
0.888404
0.857834
1.25333
0.974021
1.12278
0.879194
0.613688
0.827959
0.578501
1.23288
0.923523
1.40659
0.714235
1.04774
0.803816
1.27057
1.11128
0.816716
0.850719
1.17596
1.22295
0.825086
1.69302
0.690596
0.561329
1.5144
1.33108
0.713615
1.01365
1.16818
1.21895
2.30719
1.73326
1.23532
1.18511
1.07481
0.595038
1.22801
1.55614
0.812541
0.521919
0.909241
1.14578
0.815951
0.767869
0.929833
0.805382
0.7272
1.2328
1.04627
0.81495
0.523082
0.610911
0.766562
0.682368
0.726338
0.639274
0.775773
0.681611
1.64805
1.04534
0.952856
1.36361
0.830013
1.27856
1.24382
0.500027
1.18566
1.08739
0.671805
1.13316
1.67649
0.69067
1.32096
1.20073
0.930774
0.901556
0.964906
0.689158
0.985185
1.02728
0.942412
1.12708
0.736784
0.703419
1.5955
0.503287
1.04304
0.448051
1.18118
0.690373
0.720386
0.625059
0.858621
1.45381
0.999146
1.07567
0.824451
0.983752
1.30107
1.32886
0.789134
0.924118
1.18173
0.67677
0.987633
0.569702
1.02651
1.55815
0.992908
0.876297
0.931247
0.652423
0.715121
0.899037
1.09384
1.07731
0.90842
1.44119
1.12613
1.14771
1.19476
1.01708
1.10068
0.85623
0.704741
0.705562
1.11539
1.02636
0.44977
1.01575
1.31779
0.661632
0.92939
0.534156
1.47454
1.08643
0.828186
1.40012
1.20701
1.44851
0.649517
0.718983
0.459034
1.3415
0.869182
0.860543
0.918991
0.880108
0.942748
1.11773
0.69538
1.60373
0.581173
0.638354
1.22489
1.57076
0.339348
1.39653
0.854698
1.08574
0.666779
0.748317
1.80922
1.29878
0.958837
1.08075
0.932926
0.637044
1.4513
0.811035
1.39773
0.992625
1.73128
1.0956
0.696819
0.844731
0.943469
0.974824
0.284214
0.814938
1.27442
0.92473
0.534221
0.855387
0.439629
0.90032
0.879963
1.16076
0.618435
1.5234
0.640577
0.796197
0.482388
0.792267
1.19502
0.696753
0.548743
1.26731
1.37248
0.948474
1.20149
1.06239
0.639355
1.14272
1.11294
1.20539
0.741678
1.2823
0.816637
1.17288
1.06714
1.12609
1.34644
1.53582
0.388157
1.92534
0.91897
1.07941
1.42919
0.875832
0.923143
0.835165
0.775338
1.27207
0.955872
1.23287
1.61478
0.636742
1.22042
1.24073
1.48003
0.614242
0.869352
0.800624
0.528947
1.19361
0.878924
1.20358
1.19465
0.977983
1.2559
0.778872
1.24528
1.65876
0.91855
0.625065
0.842315
1.48106
0.752607
1.15211
0.954348
1.23456
0.676931
1.24045
0.65865
0.980095
0.497208
1.67201
0.947032
0.86851
0.596454
1.48185
0.963407
1.1609
0.953711
1.43768
1.25977
0.893317
0.962529
0.735096
0.64415
0.958755
1.55222
0.864543
1.12461
1.48117
0.673048
0.923406
0.866434
0.883178
1.30846
1.28259
1.167
0.434194
1.33243
0.852119
0.911057
0.783509
1.09698
1.64187
1.17861
0.858515
1.26069
1.01253
0.70282
0.804568
0.418922
0.840652
0.853941
0.983274
0.879645
0.744715
1.35101
0.473343
0.709959
0.806308
0.826799
1.47266
1.3111
1.147
1.02429
0.870007
1.36715
0.764364
0.807664
1.9105
0.965058
0.85306
0.519722
1.50469
0.642308
1.2392
0.914355
0.696612
1.08143
0.622805
0.984659
1.36918
0.770423
0.925369
1.03463
1.44157
0.861484
1.07056
1.06647
1.21751
1.617
0.629149
0.538428
0.74211
1.26106
0.64494
1.1752
1.76442
1.52436
1.04034
0.939759
0.67953
1.3337
1.14841
0.44809
1.13792
0.658435
1.21557
1.20411
0.831084
0.889448
0.736891
0.819027
1.0196
0.396526
0.657247
1.2845
1.63699
1.00366
1.67487
1.5843
0.998642
0.908908
0.758611
2.39651
0.472815
1.02606
0.963082
1.15834
0.744804
1.11847
0.547131
0.723097
1.49348
0.771156
0.959796
1.29092
0.431334
1.13561
1.07009
0.793585
1.26456
0.702589
0.883669
1.54392
1.17159
1.1148
1.53693
0.808224
0.63948
0.967208
1.0733
1.12947
0.573346
0.955125
0.817345
1.06799
0.947397
0.603477
0.658206
0.626715
1.14647
1.30237
0.716729
0.468173
0.548715
1.03333
0.927057
0.752875
0.586976
0.755756
0.720762
0.841976
0.86265
1.4676
0.898531
0.862833
1.4133
0.791532
0.504453
0.723764
0.918825
1.14773
1.58461
0.961348
1.35701
1.19026
1.4543
0.690009
0.73076
0.690361
0.660427
1.1061
0.8911
1.59623
0.780118
0.92542
0.497284
0.503913
0.706878
0.950582
0.617757
1.05055
0.873272
0.733681
0.923387
0.482801
1.21636
1.02266
0.699444
0.986955
0.734159
1.38056
1.47544
1.77406
1.17253
1.4655
1.04647
1.08336
0.957525
1.67198
0.844331
0.541954
0.431497
1.10371
0.526734
0.69556
0.5918
0.956375
1.06167
0.576881
0.964416
0.821274
0.908869
1.13299
1.22304
0.848854
0.801318
0.62754
1.29619
0.825377
0.725565
0.574662
0.72727
0.890173
1.05581
0.824795
0.902055
0.95289
1.26648
0.929814
0.70617
1.21197
0.926543
0.772901
1.75669
0.857473
1.01979
0.572991
0.917543
0.5298
0.929479
0.967839
0.627143
1.00471
0.799598
1.56574
1.31985
1.06689
0.814361
1.34563
0.852514
1.22226
0.787275
1.20752
0.792329
0.82457
0.694385
1.03249
1.07885
0.262248
0.816258
1.56086
0.883154
0.559161
1.51172
0.703412
1.41055
1.30702
0.871021
0.752947
2.06755
0.902881
1.19788
0.916377
0.908692
1.11382
1.63201
1.09756
0.823504
0.671416
1.05001
1.13415
0.670149
1.61159
0.81601
0.881255
0.843462
0.744328
1.55391
0.906635
0.611821
0.960126
0.785926
0.932385
1.1995
1.03722
0.860907
1.35734
0.942175
1.87573
0.969347
1.07068
1.50481
1.0045
1.02596
0.928434
0.72963
0.929989
0.729204
0.90643
0.802486
0.864845
1.16304
0.83678
1.46102
0.525263
0.341913
1.12058
0.95563
2.03205
1.35798
0.923265
1.30186
0.505137
1.16348
1.32176
0.861284
1.20848
1.14921
1.07955
1.09407
0.729705
1.64375
1.05552
0.589182
0.876254
0.866595
1.18276
0.868577
0.721419
1.23675
0.694928
0.83423
1.15373
0.912556
0.816856
0.975329
1.09774
0.880579
1.00664
0.583924
1.82562
1.00032
1.15819
0.875046
0.891343
1.02762
1.29812
0.766154
1.11793
1.17534
1.48573
1.5695
0.580961
1.25662
1.27736
1.24984
0.62214
1.09881
1.28723
0.892068
0.695588
0.69014
1.00422
0.913335
1.02203
1.17432
1.14565
0.657879
0.733587
0.451506
0.572149
0.802782
0.601687
0.477511
0.978294
1.26804
0.612457
0.878179
0.965339
0.965331
1.10781
0.539299
0.504483
0.567873
1.37654
0.912257
0.617465
1.1725
0.710642
1.07547
0.732803
0.806208
0.985896
0.751825
0.868985
0.448373
0.906824
1.27549
0.708934
1.42129
1.50402
0.770175
1.34431
0.611521
0.808682
1.08214
0.884992
1.36679
0.769356
0.62589
0.985381
0.716815
1.21917
1.00916
0.824055
1.23216
0.465983
0.922011
0.764043
1.05419
1.41784
0.520675
1.17328
1.18539
1.53522
0.970551
0.492025
0.994426
1.16614
1.38106
1.35603
0.935261
0.576197
1.06317
1.51411
1.02073
0.745931
0.470097
0.849727
1.31338
1.61494
1.05384
0.73915
1.38606
0.884734
0.819682
0.909818
1.82825
1.38987
0.743026
0.849064
1.39134
0.807345
0.782853
1.39862
0.923826
1.39279
1.4457
0.811991
0.891444
0.962087
1.34264
1.00233
0.842967
0.941161
0.84113
0.616628
0.764409
0.60866
0.965567
1.02851
0.657355
1.13649
0.865671
1.58038
0.854197
0.75593
0.484983
1.14059
0.579997
0.357677
0.875272
1.03406
0.969707
1.10973
0.935883
2.39357
0.792673
1.0929
1.99506
0.899152
0.866453
1.28029
0.50155
0.698711
1.64012
1.37978
1.0417
0.460379
1.1931
1.37564
0.889032
1.03906
0.781404
0.986389
0.660851
1.74474
0.713441
0.658746
1.09588
0.956312
1.54313
0.792303
1.33562
0.635858
1.86332
1.65101
0.681241
0.546407
0.917309
0.812515
0.943502
1.27475
0.871498
0.975922
1.89947
0.845881
1.1023
1.21113
0.695227
0.589276
1.41066
1.50245
0.715547
1.09328
0.886278
1.80403
0.730007
0.662452
1.20624
0.951787
0.893533
0.444205
0.865682
1.35385
1.02
1.16219
0.603712
0.874199
1.51814
1.04048
0.772684
1.59682
0.671496
1.88804
0.780471
1.01563
0.818681
0.687123
1.30729
1.27415
1.05387
0.7547
0.728009
0.982911
0.890916
0.971816
1.32079
1.51667
0.765598
0.669258
1.05525
0.919146
1.08574
0.998112
0.862753
0.652803
1.36737
0.844747
0.355382
1.33665
1.01592
0.953183
1.1119
0.735217
0.94746
1.02163
0.587603
1.52406
1.34232
1.20492
0.482986
0.845444
1.24451
0.835717
0.560556
0.964987
0.990835
1.25323
0.745125
0.809634
2.05756
0.778683
0.706611
1.37315
0.941221
0.659843
0.980538
0.724053
1.07508
0.689625
0.646143
1.26367
1.09657
0.981449
1.21864
0.948406
0.917757
0.822326
0.615194
0.564921
0.840695
1.03955
1.01741
0.645426
1.10024
1.11154
0.692216
1.2091
1.03104
0.940115
0.870219
1.49198
1.32721
1.06035
0.669055
0.734599
0.751085
1.00656
0.886915
1.15424
1.02238
0.983816
0.850176
1.28313
0.968014
0.951953
1.07377
0.548451
0.927117
0.898284
0.965376
0.882196
0.79226
1.34746
0.958611
1.06945
0.68033
0.788
1.01991
0.554966
0.771759
1.56642
0.820316
1.14445
0.886027
1.89385
0.880877
0.890278
1.17612
0.916384
0.862311
1.10829
1.13954
1.70582
1.2675
0.75976
1.55427
0.941553
1.23415
0.868115
1.62503
0.857207
1.49103
0.797125
0.916128
0.605883
0.407625
1.53993
1.10286
0.667544
1.17084
0.875473
0.619585
0.990287
0.943992
1.412
1.15987
0.956102
1.25884
0.926117
0.431229
0.878857
1.14695
0.643812
0.951007
0.700335
0.87157
1.01515
0.984235
1.36522
0.818975
0.996035
0.546068
0.545993
1.17137
1.08271
0.781364
0.965271
0.872879
1.28482
1.09764
0.76049
1.48768
1.3841
0.58014
0.789536
0.947823
0.864111
0.876426
0.636021
2.0058
0.382327
0.962775
0.782732
0.792786
0.841195
1.04987
0.87905
0.811265
1.6007
0.880215
0.969205
1.22535
0.745128
0.921234
0.960687
0.880978
1.16018
0.851086
0.944981
0.934429
1.29353
0.965568
0.967726
1.56497
0.70913
0.984037
0.904886
1.0695
0.859556
1.41784
1.08925
1.11555
0.830299
1.11015
1.28568
1.27669
1.51558
1.04028
0.927232
0.855253
1.32641
1.12335
0.792263
0.594146
1.36765
0.859374
0.935741
1.29695
0.66764
1.39666
1.08054
0.861257
0.954727
1.00039
0.98819
0.861195
0.973226
1.19146
1.11872
0.738595
0.653885
1.02269
1.21763
1.09572
0.655007
1.27078
1.04664
0.768404
1.30168
0.734612
1.75324
1.82456
1.04796
1.53974
1.45845
0.840057
0.828536
0.936331
0.715122
0.891736
0.77797
1.14109
1.33128
0.964812
1.65706
0.704253
0.964615
0.644675
0.709363
1.02649
1.78903
1.37562
0.722593
0.547144
1.71226
1.02157
0.836322
1.29636
1.14038
0.729794
0.540199
1.36996
1.25967
1.07944
0.475149
0.901453
0.32578
1.07854
0.940375
1.00193
0.705866
1.06645
1.03814
1.2647
1.32604
1.20973
1.09156
0.956357
0.879723
0.745345
0.739252
0.589139
1.87065
0.965813
0.980498
0.886169
2.00323
1.20509
0.656458
1.32843
0.753362
1.43392
0.635931
1.61905
0.711146
0.679862
1.01778
1.063
1.21381
1.15556
0.896452
0.656056
0.795124
1.33032
0.667859
1.02419
0.598605
0.855412
1.5823
0.808815
1.00543
0.792141
0.770247
0.89147
0.741299
0.883993
1.40047
0.619001
0.664834
0.858697
1.19241
0.745877
0.707594
0.838655
0.969303
1.11333
1.32343
0.977326
1.1959
0.486689
1.4069
0.904039
0.72289
1.10999
1.01727
0.905785
0.530307
0.722512
1.28345
1.02798
1.42987
1.04544
1.28521
1.24925
1.40044
1.65618
0.605478
0.684883
0.917131
0.742228
1.17583
1.0962
1.00366
1.80933
0.51704
0.667884
0.768231
0.884348
0.910189
0.9094
1.01435
1.2975
0.602092
1.20506
0.762334
0.500429
1.34107
0.792023
1.485
0.389706
0.64492
0.906124
0.738342
0.543867
1.0637
1.0062
0.588356
0.992392
0.497644
1.142
1.23758
1.00161
1.19746
0.651388
1.38216
0.569172
0.680799
1.50706
1.34494
0.975872
0.528487
0.886651
1.88173
1.11549
1.01233
0.858612
0.620741
0.715904
0.720341
0.82878
0.576488
1.04797
0.747935
1.10468
0.897922
2.25311
1.03867
0.540575
1.109
1.14466
1.19864
1.58078
1.23051
0.759563
1.20979
0.674985
0.680476
1.03906
1.06786
0.957251
1.05075
1.52436
0.972553
0.693743
1.08121
0.550181
1.52114
1.66164
0.53648
0.725406
1.05698
0.463226
0.928211
0.671856
1.13369
1.09865
0.562788
1.41324
0.944276
0.965438
1.00315
0.684304
1.17938
1.15694
1.35924
1.19349
1.92395
0.958308
1.19195
0.943286
0.709115
1.67298
0.972014
0.591687
1.10481
1.37758
0.493818
1.26989
0.809923
1.15622
1.2445
1.2825
0.933142
0.940916
1.03399
0.737856
1.22085
0.868731
0.724305
0.758618
0.702402
0.827516
1.04765
1.43322
0.940399
1.29099
1.05708
1.24313
1.51426
1.49563
0.664192
1.28773
1.45696
0.718701
1.08413
0.967307
0.687478
0.894216
0.373364
0.819466
1.19079
1.00689
1.12306
0.963816
0.711996
0.40022
1.18558
0.729116
1.39847
0.613552
1.24203
0.526786
0.738571
1.14789
1.00837
0.993816
0.867123
0.705647
1.30335
1.28104
0.506789
1.08223
1.67643
0.932009
0.846888
0.780665
1.14591
1.14319
1.32895
1.71309
0.708535
1.17164
1.12269
0.983579
1.68755
1.50467
0.757051
0.827371
1.62425
0.694052
1.28913
1.19949
1.46397
1.12628
0.683685
0.768801
1.23081
1.06048
1.11167
0.794413
0.902685
1.28017
0.823439
0.73958
0.917427
1.34921
1.13031
0.677048
1.25186
1.00927
1.12997
1.11353
0.99706
0.89185
0.69889
1.29048
0.963074
0.524446
0.782195
1.71137
1.07587
1.15178
0.828057
1.19052
0.977854
0.708513
0.874739
0.573812
0.630862
0.98376
0.805831
0.972609
1.02357
0.920322
0.715744
1.3195
0.646651
0.503764
1.38521
1.08387
1.22637
0.784478
0.802858
1.26514
1.22545
1.37195
1.42822
1.04597
0.735261
0.726
0.510928
1.42804
1.23117
1.35722
1.03282
0.758526
0.831748
1.55327
0.518151
1.18263
1.52291
1.23543
0.804563
1.18578
1.37281
0.674511
1.01199
1.08372
1.03865
0.875147
0.600202
0.849398
0.699933
1.02926
0.875793
1.02331
0.883663
1.52897
1.35751
1.23835
1.25952
0.959202
1.26372
0.990302
0.762014
1.24813
0.723209
0.718738
0.399858
1.52326
0.562567
1.04358
0.986738
0.773191
0.676949
1.05685
0.702968
1.10966
0.86682
0.641397
0.837954
1.19033
0.581469
0.659382
0.657859
1.48647
1.05457
1.28739
0.900918
0.870779
0.721038
1.28483
1.78216
0.985806
0.536115
0.828725
1.77242
1.8261
0.89124
0.9484
1.1501
0.800542
0.773588
0.557444
1.0783
0.863073
1.1524
1.02427
0.744653
1.23521
0.808964
0.797922
0.959744
0.883568
0.736152
1.04602
0.996137
1.0147
0.671806
1.12153
1.0232
0.783751
1.36877
0.743284
0.627642
0.827267
0.993917
1.19475
0.744649
0.87694
0.85591
1.37915
1.40877
0.832664
1.72877
0.545538
0.911509
1.40037
1.12635
0.955825
1.27676
1.29986
0.540527
1.22484
0.798998
0.847648
1.01514
1.73818
0.832749
0.778712
1.6182
0.77371
0.572927
1.46331
0.671792
0.743406
1.01393
0.96331
0.465432
1.99288
0.465803
0.955519
0.764669
0.710607
0.863279
1.1645
1.54505
0.729478
1.14153
0.642572
0.91821
1.69156
0.700259
0.629385
0.711013
1.42755
0.902131
0.93224
0.798964
1.01629
0.994913
1.01973
1.1178
0.497044
1.07744
1.04037
1.17603
0.764582
1.30087
0.466627
0.804509
0.82238
1.41699
0.754424
0.888307
1.01012
1.28131
1.4771
0.74777
0.731802
1.20983
0.915948
0.768998
0.673263
1.54092
0.750521
1.72915
0.735392
1.66409
0.870695
0.92305
0.733938
1.17857
0.943175
0.93535
0.754387
1.09656
0.975101
0.686565
1.317
0.945498
1.66627
0.840296
1.04919
1.11466
0.64084
1.03339
0.540343
1.09764
1.48077
1.09588
1.11208
1.00051
0.783043
1.19125
1.03737
1.41155
0.88996
1.24092
1.02544
1.01862
0.613322
1.27206
0.751299
1.16108
1.36915
0.843854
1.039
0.908257
0.901498
0.829256
0.855099
1.01455
1.35787
0.852202
1.10189
0.545691
0.843436
1.31643
0.732847
1.19666
1.63231
1.32105
0.514396
1.63345
0.915051
0.849423
0.791712
1.44679
1.03375
1.33772
0.843402
1.38874
1.43865
1.10686
0.782744
0.524469
1.16031
0.74999
0.889124
0.768316
0.916783
0.885397
1.07472
0.745647
0.777062
1.12182
0.729973
0.682853
1.46564
1.17913
0.59782
0.990886
1.46212
0.752967
1.31597
0.68991
0.926408
1.13425
0.723865
1.28577
1.42021
0.998861
0.730808
0.567387
0.93875
1.98165
1.04989
1.01898
0.813449
0.845461
1.44607
1.17458
0.923199
0.760702
1.58318
1.03281
0.990919
0.859784
0.55328
0.80433
0.628139
0.907243
0.97518
0.947088
1.25841
2.04147
1.28118
1.12709
0.899102
0.719091
0.92864
1.12871
0.732643
0.939495
0.599637
1.09247
0.80759
1.41143
0.59028
0.763323
1.20433
1.04617
0.631977
0.996358
1.34471
0.685136
0.920705
0.664412
0.491436
0.970544
0.436603
1.17804
0.883519
1.95727
1.56159
0.87241
0.978589
1.25294
0.887167
1.04252
1.00029
0.978787
0.682112
0.964628
1.48119
1.50619
0.909359
0.823243
0.534319
1.6855
0.985671
0.899668
1.03314
1.30099
0.684737
1.44002
1.31177
0.589654
0.578961
1.10136
0.931236
0.76511
1.15882
0.992382
1.09244
0.86996
0.822083
1.41392
1.14635
1.22168
0.818161
1.3401
0.987799
1.46812
1.2667
1.02427
1.0246
0.943473
0.480657
1.30418
0.670466
1.03639
1.13802
1.15079
1.57024
1.14061
0.708979
1.06845
0.580272
0.879766
0.976944
0.857548
0.735823
0.784681
0.844323
1.06573
1.23853
1.0385
1.33151
1.32089
0.693508
1.15561
1.03638
0.902184
1.30803
0.693816
0.967506
1.74676
1.55524
2.28015
1.47375
0.71561
1.27995
1.12023
1.21426
0.752232
0.940624
1.08712
1.07245
0.737066
1.02308
0.7857
1.2654
0.659417
0.823871
0.560549
0.575909
1.01753
1.19569
1.242
0.572449
1.05637
0.95183
0.884062
0.896856
0.783106
0.595388
0.640499
1.05474
0.874163
1.02322
1.28501
0.602437
1.00941
1.54276
1.12555
0.979188
1.31992
0.978396
0.921514
0.745857
1.0872
0.921465
0.76475
1.40234
0.733198
0.76071
1.37604
0.810463
0.867174
0.629504
0.642036
1.00409
0.934821
1.12175
1.21917
0.934652
1.38243
1.16133
0.704756
0.693721
0.693171
0.765173
1.67044
1.55577
1.22934
0.552023
0.711461
1.47911
0.466226
0.818279
1.01336
0.656022
0.745512
0.772442
1.11829
0.876516
1.23158
1.23262
0.833194
1.13646
0.522223
1.10791
0.796376
0.400198
0.604037
0.418416
0.675648
0.697545
0.447877
0.95079
0.789414
0.840725
1.1225
0.856044
0.989186
1.34568
2.07919
0.536563
0.529684
1.47877
0.540131
0.781606
1.07761
0.903763
1.38887
0.497688
1.29361
1.20863
2.25329
0.478779
0.881168
1.14239
0.605606
0.895639
0.652442
1.21331
0.720186
1.18835
0.822064
1.02104
0.749991
0.726433
0.615714
0.796964
0.831416
0.668233
1.23638
1.22152
0.845738
0.517654
1.03205
0.469947
1.24796
0.915616
1.73241
1.09878
1.11197
1.40718
1.73683
1.07876
1.15212
1.13908
1.88583
1.2576
0.940802
1.21963
0.752608
1.27981
0.740539
0.773828
1.11716
0.758452
0.531227
0.818981
0.871186
0.723647
1.33066
0.734838
0.541857
0.878806
0.62191
1.00973
1.62641
2.07577
0.6866
0.959613
1.0538
1.36395
1.03129
0.98517
1.66329
0.758983
1.75854
1.54846
0.978291
0.456055
1.07773
1.1246
1.17943
1.09117
1.26689
0.390024
1.12045
0.817445
1.0882
0.751203
0.454744
1.15213
0.852202
1.69452
1.42704
1.17546
0.754642
1.33051
1.11849
0.743516
0.592959
1.019
0.905327
1.15009
0.889741
0.894725
0.66424
0.818363
0.59797
0.822348
1.14517
0.935585
1.22032
0.811637
1.03517
1.0889
0.844044
0.958375
1.44254
0.816767
0.388962
0.980714
0.918585
1.24076
1.5497
1.0761
1.03127
0.868805
1.16569
1.22153
1.19172
0.655415
0.900042
0.877412
0.825191
1.4191
0.642998
1.09633
1.09475
0.723699
0.806963
0.996947
1.10346
1.06101
0.76277
1.4618
0.985018
1.10636
0.911256
0.809885
0.664194
0.560454
1.18249
1.19806
1.95532
0.878766
0.917801
0.751923
0.973279
1.0114
2.01829
0.670406
0.610141
1.40148
0.972579
0.992464
0.938991
1.15237
1.697
1.29416
0.817555
1.28119
0.990817
1.39837
0.682038
0.917817
0.954824
0.507183
1.08336
0.423754
0.411241
1.01972
0.979857
0.8101
1.13487
0.928083
0.83429
1.32574
1.03218
1.22222
1.01888
1.35503
1.16493
1.4904
1.57236
1.21502
0.891962
0.64927
1.11116
1.33181
1.03164
0.345713
0.78467
0.834078
1.92825
1.96154
1.43688
1.12378
0.997334
1.37666
1.38229
1.03551
0.902044
1.37741
1.04411
0.797885
0.943748
1.18559
0.941908
0.590224
0.944218
1.04097
0.986516
0.830363
1.16667
0.872304
0.850132
1.23903
0.7363
1.1217
1.10826
1.36469
1.0733
0.725646
0.698332
0.797482
0.627821
1.79951
0.873912
0.996205
0.943686
0.591804
1.07669
1.15723
1.02869
1.65194
0.590495
1.09953
2.0824
0.956409
0.696796
1.89224
0.608994
1.18216
0.945693
1.00741
1.20156
0.582066
0.957054
1.35999
0.654264
0.508385
0.777095
0.72407
0.637067
0.506195
1.2612
1.07241
1.49601
1.99136
0.724192
0.613453
0.925709
0.801229
0.833194
1.24702
1.17807
0.789462
0.623519
0.923239
1.19196
0.899391
0.745628
1.44506
1.00307
0.753108
1.17917
0.745546
1.02742
0.56201
1.03731
1.33399
0.575584
0.947199
0.878613
0.749594
1.26296
0.839748
1.29999
1.22828
1.16732
0.773307
0.577979
0.891536
0.670857
1.05931
0.816199
1.15259
0.895079
1.18874
0.35082
0.500173
1.12091
1.04165
0.529489
1.40978
0.386127
1.32146
0.957136
1.45685
1.21916
1.42049
0.772648
0.583755
0.832441
0.553069
0.68551
0.550725
0.815924
1.30415
1.176
1.09714
1.47305
0.605035
0.462793
0.970813
1.89898
0.779042
1.80463
0.731719
1.16079
0.759739
1.05505
0.783087
0.98857
1.91421
0.625628
1.48309
0.882545
0.716038
1.04349
0.976217
1.23156
0.680756
1.06844
0.671411
0.882428
1.08184
0.704319
0.716175
0.486857
1.1009
0.849159
0.756079
0.74765
1.26829
0.715302
1.29517
0.321837
0.5715
0.900311
0.849022
1.11407
1.0577
0.775423
0.727537
0.601542
1.04971
0.75742
1.88254
0.953909
1.24117
0.548807
1.01478
0.971738
1.00282
0.670787
1.14123
1.06247
0.740888
0.647783
0.904265
1.60531
1.18421
1.11845
1.18008
0.501813
1.00312
1.04189
1.71191
1.00717
0.980423
0.797765
1.02658
0.525586
1.02617
1.10457
0.86013
1.00398
0.832024
0.704864
1.16809
1.34656
1.10237
0.510097
0.82479
0.562855
1.27807
1.53505
0.276862
1.08272
0.472721
1.11825
0.872932
1.24656
0.743477
1.01707
0.576656
1.07219
1.17623
0.600014
0.538445
0.957087
0.698615
0.524605
1.2426
1.62144
2.03747
1.2059
1.12935
0.747333
0.930303
0.666707
0.66344
0.728569
1.13503
0.699199
0.835495
1.08227
0.634909
0.879196
0.985171
1.42332
1.38204
0.946815
1.32782
0.727318
0.774454
1.07301
2.19171
0.921165
1.12693
0.749416
0.956626
0.509887
1.35728
0.536547
0.935673
0.755464
1.03051
0.453966
0.516862
0.919793
1.11329
1.06949
0.928254
1.13246
0.573258
0.968265
0.717819
1.00425
1.59171
1.15212
0.989821
0.562457
0.90878
0.861226
0.937748
1.16342
1.32284
1.28452
1.38532
0.915059
1.14499
0.464391
0.866248
1.23788
1.24768
0.907309
0.698013
0.849163
0.753013
1.65598
0.650748
0.950142
1.02513
0.749175
1.01635
0.931171
1.25215
0.710199
1.22641
0.746676
0.851307
0.680005
0.897347
1.4529
0.799857
0.610898
1.03701
1.56274
0.995441
1.11251
0.744382
1.4348
0.831589
0.741384
1.04868
1.85286
1.07797
0.567137
1.18109
1.25822
1.22949
0.995695
0.648187
1.01721
0.939727
0.6791
0.933842
0.919856
1.58829
0.886909
0.698926
1.12283
0.815026
1.06824
1.86482
0.709603
0.540823
1.14904
0.507947
0.583632
1.0172
0.543534
0.868365
1.4613
1.33857
1.03462
1.18702
0.658905
0.729053
1.29051
0.47885
0.942137
1.16832
1.46406
1.37027
1.26789
1.33821
0.766922
0.751324
0.864659
0.499024
0.967461
0.738993
1.72976
0.819143
1.02832
0.951169
0.912298
1.68416
0.967187
0.848799
0.982758
1.00016
0.886385
0.867987
1.09446
0.584412
1.20967
1.17912
1.11396
0.881521
0.955309
0.943186
0.644141
0.860509
0.783873
1.189
1.02076
0.683071
0.864809
1.10478
0.660591
0.767581
0.930345
0.897659
0.963866
1.11717
0.554225
0.486039
1.0017
0.592405
1.93288
1.1148
1.3252
0.481728
1.5304
0.669073
1.01528
1.21723
0.828221
1.1551
1.24846
0.792899
1.08076
1.2208
1.22488
0.932624
0.877018
0.948251
1.21615
0.992223
1.5733
1.10691
0.959828
1.23718
1.05723
0.890856
0.787831
0.835092
0.784787
0.950392
1.58706
1.38591
0.910556
1.24716
1.10606
1.45622
2.18001
0.477817
1.14547
1.24695
0.363043
0.593531
0.903201
1.06408
1.00269
0.714887
0.691071
1.79971
0.596409
1.15115
0.774401
1.49351
1.43656
1.00573
0.87109
1.46655
1.045
0.878473
0.953369
0.715713
0.626168
1.41516
0.915583
1.54295
0.446844
0.945499
1.43307
1.11994
1.15372
0.746986
1.32461
0.656387
0.556933
0.945762
1.37696
0.983411
1.22234
1.2735
1.02049
0.861919
1.04608
1.05782
0.95397
0.847477
1.559
0.795176
0.505091
0.961525
0.939984
1.35084
1.19288
1.37726
1.10657
1.22581
1.00341
1.42245
1.04689
0.857024
0.874988
0.94123
0.497177
0.929268
1.13585
0.983514
0.871381
1.25527
0.591509
1.07982
0.814324
1.1095
0.890604
0.914026
0.554432
0.813247
0.475079
0.539005
0.748831
0.567031
1.03888
0.862381
1.16862
1.25852
0.744635
0.890105
1.82133
0.958122
1.60208
1.24307
0.732119
0.928913
0.694488
1.08451
0.78276
1.05376
1.19851
0.905238
0.78234
1.00375
0.556711
0.936121
0.67609
0.795189
1.04917
1.22425
1.79231
0.594884
0.900542
0.700089
1.05904
1.1769
0.79153
1.22196
0.91216
1.62545
0.67967
0.965325
0.726252
1.36545
1.0183
0.493071
1.06444
1.02262
0.818854
0.843498
1.10639
0.848112
1.17509
1.21756
1.15493
0.894836
0.958249
0.664783
0.870392
1.10493
1.03057
1.20563
1.06744
0.864743
1.37802
1.0517
1.31124
1.17828
1.04174
0.392628
0.478284
1.53702
0.615303
0.814265
1.05424
0.889557
1.24213
1.12365
1.19195
0.662108
1.28343
0.470282
0.81521
1.57572
0.92002
0.733347
0.902988
0.879708
0.89476
0.626291
0.817369
0.763953
1.07163
0.747001
0.821124
1.44877
1.35289
0.590538
0.83484
0.718079
0.975851
0.832125
0.92782
0.790963
1.07835
0.61567
0.55609
0.82079
1.0389
1.11151
1.08947
1.59089
0.959831
0.792358
1.30511
0.647239
0.826977
0.686453
0.781496
1.12704
1.36038
0.600855
1.90102
1.47963
1.23193
1.50477
1.68595
1.00517
1.10335
1.03296
0.929575
1.25326
0.643529
0.781262
0.806623
1.45086
0.642079
0.842591
1.72819
1.31233
0.613067
0.560609
1.38245
1.3397
0.658558
0.867832
1.39799
1.22002
1.04362
0.959487
1.12852
0.447522
0.987507
0.756289
1.09497
0.704703
0.850161
0.953215
0.568199
0.470905
1.67506
1.55635
1.05246
0.965232
1.08004
0.897002
0.967585
0.810342
0.678544
0.863496
1.1899
1.26398
1.28148
1.21184
1.05997
0.563686
1.45356
0.803844
1.18201
1.28438
0.981757
1.08843
1.03607
0.552906
1.09639
0.892775
1.32638
1.30608
1.06656
1.05032
0.872294
0.829616
0.965549
0.910618
1.06562
0.45734
1.07679
1.03047
1.08159
1.55036
1.16238
1.19393
0.920767
0.873601
0.986188
0.61006
1.01413
0.924668
0.99639
1.43303
1.4365
1.20692
1.20647
0.750696
1.15993
0.971679
0.893457
1.8951
1.15466
1.40116
0.72475
1.33163
0.82318
1.25357
0.602399
0.848397
1.18655
0.688435
1.21849
1.60437
0.871969
0.638118
1.02266
0.732176
1.62491
1.13234
1.1695
0.959725
1.76326
1.19436
1.06322
1.04457
1.02317
1.20455
0.778228
0.715269
0.93485
1.1628
1.16936
0.81306
0.875421
0.850327
1.15205
1.24515
0.801773
1.69315
0.81473
1.23254
1.71596
1.11536
0.879565
1.15021
0.650204
1.06975
0.74631
1.02245
0.632217
0.90749
1.07293
1.30862
0.630511
0.771895
1.3078
0.955472
1.40913
0.745739
1.00849
0.919971
0.818007
1.22217
0.93941
1.01541
1.44355
1.2633
0.75966
0.820281
1.02095
1.75148
0.866575
0.620484
0.770687
0.590074
0.950681
1.1758
1.02492
1.68836
0.69438
0.609893
0.617818
1.55115
0.671651
0.792388
1.09903
1.00622
1.1546
0.608069
1.12212
0.935804
0.920932
1.08207
0.635267
0.87318
0.825063
1.70998
1.05077
0.638572
0.826671
0.754452
0.908377
0.926019
0.40159
0.953934
0.788612
0.772786
1.14256
0.991751
0.633421
1.19197
0.736503
1.1355
0.311663
1.52021
1.12437
0.904751
0.875892
0.710275
0.731217
1.14248
0.777411
1.28683
1.03077
0.800085
0.930387
0.995977
0.926467
1.45194
1.33667
1.05094
0.580591
1.19856
1.50724
1.09608
0.86248
1.32216
1.29138
1.08158
0.667218
1.8531
1.22182
0.878368
0.418623
0.885004
0.754843
1.49114
0.817428
1.09537
0.925903
0.695105
0.602445
0.912272
0.814387
1.09298
1.3066
0.551887
1.05586
0.955942
1.50065
1.12642
1.04674
0.75653
0.977936
0.67572
1.02488
1.20704
0.984274
0.845278
1.06752
1.52739
0.571435
0.710921
1.41542
0.955541
2.00244
0.597324
0.911127
1.03264
1.0702
1.09943
1.08694
1.011
0.401695
1.62205
0.907321
1.06389
0.526556
1.06722
0.980685
1.05566
0.849775
0.611567
1.046
0.936132
1.49089
1.48099
0.947526
0.756798
0.575223
0.984425
1.24019
0.97426
1.08177
1.03964
1.75651
1.04036
0.597151
0.450384
0.921562
0.714416
0.854636
0.883935
1.15715
0.570488
0.711622
1.1965
1.18854
1.06625
0.757473
0.654376
0.960851
0.639938
1.52855
1.23387
0.730108
1.32265
1.06581
0.783918
0.68672
0.955992
0.750118
0.900846
0.749287
0.827598
1.15477
1.26109
0.758075
1.28141
0.879251
1.03
1.40494
1.05904
1.44495
0.79592
1.67633
1.52282
1.0146
0.972297
0.945716
1.06649
1.16067
0.446689
0.843248
0.938232
0.658972
0.608041
0.340789
0.883982
1.18938
1.2491
0.9502
0.767738
1.00291
1.12765
1.10198
0.875176
1.21955
1.37362
0.933571
1.3821
0.4629
1.04843
0.800777
1.75302
0.480181
1.08702
0.761934
0.865545
1.09996
1.07314
1.92466
1.13902
0.706344
1.34855
1.62913
1.03009
0.345948
1.37038
0.584637
1.13476
1.00623
1.22886
1.6573
1.347
0.325819
0.864302
1.26836
0.913781
1.49
0.707457
1.14233
0.766926
1.24256
0.777071
0.504851
0.906493
0.840379
1.15916
0.431455
1.19498
0.741322
0.916897
0.550323
1.17048
1.38306
0.94759
0.877737
0.769004
1.72854
0.787495
0.801082
0.682899
0.81883
0.909851
1.16568
1.37494
0.921979
0.761191
0.744311
0.800582
0.911581
1.07165
0.554477
1.21159
0.995423
1.7026
1.25745
0.759877
0.813385
1.46026
1.6673
0.855657
0.941718
0.61641
0.761513
1.07284
0.899173
0.591453
0.825236
0.959035
1.35643
1.30959
0.701401
0.610531
0.748395
1.02008
1.19112
0.892492
1.13203
1.50718
0.810923
0.774882
0.969715
0.959248
0.776648
1.67951
0.934862
1.01974
1.24193
1.21183
1.0858
1.49343
1.13426
0.783215
0.959141
0.957113
0.978225
0.983884
1.14268
1.02373
1.1209
1.10663
0.809238
1.18592
1.22151
0.922619
0.889633
1.69036
1.69208
0.574008
0.853839
0.568565
1.8812
1.14401
0.788853
0.932855
0.984409
1.13287
0.97275
0.936719
1.23999
1.17954
1.18838
0.774215
1.31136
0.885878
1.02074
1.17574
0.643826
1.18237
0.774883
1.0707
0.805133
0.806403
0.973065
0.802998
0.444533
1.06317
0.742411
1.21679
0.411402
1.21861
1.59716
1.56274
1.21106
1.02439
1.50227
2.06447
1.29155
1.21621
0.784673
1.05817
0.982134
0.873358
1.75071
0.699615
1.11812
0.808776
0.89155
0.947381
0.89546
0.829962
1.00082
0.985402
1.24812
1.04539
0.604082
0.888078
0.710105
0.897951
1.31314
0.96153
0.914852
1.02262
0.721738
0.476076
1.34644
1.15856
0.5573
0.958656
1.25292
1.05492
1.29282
1.01938
0.599956
1.14683
0.637977
0.878873
1.45389
0.938217
1.75742
1.23858
0.525756
1.44833
0.931317
0.781343
0.765997
0.873708
1.74033
1.22827
0.886255
1.02075
1.36841
1.14246
0.868739
0.676035
0.913502
2.15596
0.714573
0.782343
0.876652
1.38278
0.8091
0.796494
1.1798
0.664118
0.421317
1.86686
0.74162
0.983534
0.767845
1.09939
1.32766
0.796123
1.66918
0.809655
1.00587
1.43228
0.954732
0.549969
1.07192
0.599717
0.381219
0.737727
1.22102
1.30364
1.03903
0.791676
1.37875
0.711877
0.669138
0.93611
0.261828
0.707991
0.836775
1.71936
0.800781
1.20771
1.03832
0.9635
0.964208
0.966005
0.705
1.11042
0.764262
1.13843
0.819363
0.392314
1.04312
1.09357
0.952095
1.38942
0.967156
0.68299
1.03994
0.261604
1.21784
0.83894
1.03026
0.958137
1.2532
0.911869
1.06258
0.564673
0.849376
0.766145
1.07684
0.979065
1.40254
0.677974
1.05871
0.74294
1.11143
0.819593
1.02614
0.65436
0.665069
0.766068
0.250683
0.815002
0.606374
0.830759
0.976709
0.850247
1.54409
0.846597
0.833538
0.971951
1.18179
0.848527
0.746352
0.779847
0.688527
1.05171
0.412912
1.22545
0.939666
0.942941
1.27063
0.781313
0.913795
0.91607
1.01277
0.420178
1.33979
0.848248
0.634608
0.499385
1.26571
0.781293
1.19577
1.2825
0.799992
0.969812
0.640497
0.788881
0.844972
0.58912
1.21797
0.753622
0.530956
0.408116
0.970663
0.732376
1.21243
0.779715
0.934778
1.37076
1.16719
1.12809
1.6491
0.831457
0.868261
1.40426
0.912446
0.639832
0.736618
1.07821
1.29059
0.613908
0.531892
0.914189
1.55314
1.32784
1.27982
0.944768
0.469726
1.76972
0.607563
0.856128
1.82057
0.81276
1.03226
1.01023
0.869847
0.905103
0.819858
0.955432
0.768411
1.01665
0.944305
0.532738
0.771088
1.15213
1.293
1.12678
1.1398
1.19342
0.779884
0.803186
0.792959
0.902398
1.07551
0.98421
1.00436
0.697429
0.750721
0.905774
0.975987
0.845414
0.946513
1.46467
0.967578
0.986111
0.816853
1.37815
1.30688
1.44743
0.55824
1.27625
1.29774
0.853932
0.95478
1.00094
0.893469
1.23359
1.34795
0.627937
0.79854
0.970942
0.815109
0.846131
1.0482
1.49884
1.0483
0.937199
1.18956
1.23548
0.574414
1.17414
1.11632
0.92773
0.903615
1.25199
1.07205
0.787219
0.951678
1.17964
1.19914
1.47756
1.39998
0.69191
1.12537
0.767842
0.795414
0.775544
1.30242
0.783065
1.2944
0.712936
0.970944
0.785417
1.29248
1.65827
0.609922
0.708687
0.815465
0.65839
0.98862
1.61421
0.972531
0.72701
1.15456
1.09244
1.01255
0.507583
1.60397
0.979261
1.25096
1.10676
0.718553
0.851601
0.854013
1.26509
0.798764
1.1172
0.766071
0.797699
0.946808
1.11168
0.801161
0.834804
1.12742
0.791808
0.746373
0.766583
1.70562
0.884078
0.445307
1.40938
1.599
0.706103
1.40086
1.10244
0.57142
0.564763
0.886693
1.33167
0.915392
0.912247
1.24051
0.809163
2.13435
1.09722
0.739285
1.08406
0.696323
1.6423
1.76303
0.618106
1.18618
1.00213
0.739307
0.903438
0.842889
1.06948
0.588331
1.11542
1.28556
1.11562
0.912935
0.975406
0.446384
1.48437
0.487729
0.994677
1.01142
0.942199
0.749871
1.04413
0.782121
1.14799
1.01032
0.860019
1.37849
1.07517
1.47273
1.28098
0.963314
0.540564
1.59718
1.7509
0.808565
0.780158
0.864368
0.935206
0.943696
0.467855
1.01975
0.873643
0.855261
0.942963
1.52272
1.27212
1.44818
0.771693
0.839107
1.12461
0.813846
0.771193
1.17658
1.17878
1.13004
0.48078
0.786654
1.00323
0.974938
1.56259
1.2427
1.2068
0.976341
0.572381
0.385481
1.05965
0.894465
1.1211
1.19627
1.22427
0.515934
0.726295
0.786383
0.916415
0.877707
1.08383
0.765253
0.741431
1.20546
1.13274
0.865018
1.24256
0.913528
0.626952
0.716858
0.964792
1.00158
0.695464
0.97553
0.909972
1.24271
0.565972
0.615833
0.985391
1.24133
1.21342
1.60254
1.16801
1.31679
0.774541
1.4154
0.666572
0.763317
0.90161
0.996801
1.14475
1.05875
0.665259
0.731185
0.626993
0.724597
1.02938
0.987142
1.1029
0.899277
0.670255
1.56451
1.19836
0.723107
1.4847
0.610882
1.39798
1.56544
1.67307
0.951822
1.01498
0.81455
1.11462
1.01122
0.732802
0.873226
0.78297
1.50073
1.17591
1.65579
1.42032
0.850404
0.451156
1.04826
0.939915
0.761271
0.846246
0.96933
0.768462
0.874443
0.855401
1.67491
0.906381
0.717355
0.587933
0.481618
0.970272
1.28275
0.718701
1.543
0.455935
1.29253
1.24657
1.33068
0.685277
1.58949
0.639803
1.12316
1.01064
0.736003
1.25301
1.68878
0.570882
1.00422
1.38212
0.801124
0.633505
0.937191
0.73648
0.729616
1.08068
0.952529
1.63142
1.79638
0.957503
0.890419
0.897096
1.31541
0.691134
1.03124
0.600027
0.959016
0.79715
0.831537
1.3952
0.898343
0.854645
1.01078
0.73118
1.12716
1.26318
0.793579
0.781484
0.892011
1.09593
0.859913
0.895857
0.848035
0.207975
1.02643
0.812351
1.10998
1.009
1.43644
0.760349
1.13224
0.884416
0.537306
0.562122
1.05992
0.972266
0.960412
1.05123
1.52025
1.14683
1.12852
0.81247
1.84585
0.982199
1.04685
1.60558
0.915822
0.578029
0.814066
0.655004
0.524995
1.33644
1.23292
0.817084
0.673359
1.14346
0.650183
1.65994
0.755504
0.948323
1.11721
0.775733
1.21972
0.741974
1.18767
0.810086
1.14375
0.938222
1.06082
0.64104
1.02724
0.730423
1.04078
2.22716
0.647303
0.751364
0.887499
0.923805
0.988688
0.708745
0.658622
1.22237
0.70075
0.794113
1.15598
0.39249
1.13986
0.735633
1.33603
0.849326
1.34385
0.97181
0.550537
1.28966
0.762554
0.307875
1.03897
0.771664
0.557759
0.621618
1.03638
1.41258
0.705894
0.968213
1.44352
0.994415
1.00823
1.45896
1.48956
0.729137
0.56841
1.53755
1.31294
1.02507
1.54928
0.729677
0.760157
0.710936
0.702341
1.03535
1.12057
1.3796
1.78049
1.80666
0.542708
1.00816
0.892189
1.55114
0.724482
0.964538
1.10625
1.68402
1.32425
0.458424
0.826034
1.25672
1.31875
1.77126
0.902995
1.66874
0.976709
0.615252
1.19158
0.924753
1.02484
0.810039
1.1777
1.01732
0.955772
0.867596
1.19341
0.731489
0.391486
1.38204
0.957302
0.883747
0.715136
1.06139
0.655952
0.741458
2.00006
0.429066
1.10488
1.1321
1.81116
1.13871
0.574433
1.59144
1.03616
0.733647
0.664863
1.65285
0.955795
0.769225
1.11011
1.08266
0.71722
1.1136
0.502178
1.02514
1.04773
0.881659
0.565405
1.02365
1.52399
1.1242
0.671794
0.894126
0.91572
1.212
1.13841
0.773537
1.4891
1.39633
1.17413
1.003
1.12361
1.28336
0.790815
1.62528
0.537337
1.64054
1.26639
1.40512
1.03334
0.786559
1.20731
1.00233
0.623908
0.601303
0.977676
0.940908
0.910864
0.813042
1.38795
0.590494
0.478898
1.16635
1.14728
1.15389
0.71405
1.09052
0.85077
0.495702
1.15422
0.860793
1.40675
1.42949
1.42417
1.57037
0.728729
1.414
1.23378
1.12373
1.00223
0.9856
0.774564
1.23808
1.21066
1.10351
0.981609
1.08341
1.18084
1.0317
0.90807
1.15219
1.26518
0.86485
0.903624
1.57926
0.710372
0.396496
1.66297
0.733214
1.04002
1.28133
0.703494
0.528258
0.892595
0.92522
0.669807
0.654666
1.02453
0.809451
1.42294
1.16991
0.591162
0.775517
0.896277
1.20557
0.673159
0.690249
1.18067
0.825813
0.815471
0.92754
0.850259
1.08518
0.546443
0.332594
0.586472
0.579636
1.07147
1.2487
0.539769
0.689487
0.738901
0.649907
0.635617
0.767038
1.34892
1.23385
1.42485
0.847125
1.66979
0.777571
0.845466
1.30521
0.895998
0.948335
0.939051
1.36905
0.721134
0.97263
1.25713
0.702918
1.15033
1.86377
0.588519
1.11878
1.70482
2.05763
1.16441
0.995507
0.720198
1.48001
1.37783
0.869291
0.77812
1.05971
1.0534
1.08891
1.10601
0.926954
1.20721
0.668254
1.60297
1.16863
0.948742
1.305
0.688267
0.649074
0.562772
0.943139
1.44253
0.862983
1.37059
2.36367
1.06833
1.57287
1.09822
1.25914
0.620005
0.705773
0.738857
1.04374
1.14717
0.622922
1.35688
0.873508
1.08102
0.50892
1.18523
0.675829
1.11831
0.739463
1.02267
1.13136
0.972639
0.806078
0.818163
0.834203
1.28546
1.20496
1.06626
1.24216
0.551847
0.81012
1.31894
0.51804
1.00524
1.36139
1.03475
0.895183
1.05467
0.64985
0.84888
0.5625
0.804288
0.673641
0.809518
0.388712
1.03982
0.855101
0.738443
0.564058
1.00178
1.08588
0.870604
0.604341
1.01352
0.809182
0.265959
1.06415
1.20494
1.00878
0.757009
1.19727
1.74959
1.3375
1.59123
0.751827
0.738862
0.997926
0.675763
1.20472
0.864399
1.06043
0.881272
0.81348
1.06939
1.5025
0.852884
0.908517
1.00744
0.765783
0.692242
0.814158
1.23259
0.757819
1.75335
1.34386
1.16047
0.741577
0.895367
1.17298
0.932424
0.371499
1.25754
1.45009
1.40369
0.839583
0.731773
0.466112
0.85445
1.67802
0.711759
0.572791
1.07119
1.20251
0.682825
1.1568
0.933719
0.731237
0.792481
1.1791
0.836193
1.0351
0.639183
0.656202
0.947192
1.06661
1.00453
1.21339
1.42097
0.403061
1.70652
1.2909
1.15798
0.844712
0.527383
1.77693
0.514963
0.77039
0.727211
0.726585
0.625317
0.802937
1.0166
0.949786
0.678009
1.17559
1.17621
1.25635
1.18737
0.538385
0.844654
0.806195
1.08626
0.842712
0.990946
1.62648
0.888925
1.68674
1.24519
1.09719
0.783351
1.08969
0.682028
1.13833
1.69769
1.25673
1.05733
0.983965
1.22398
1.17507
1.38887
0.562729
0.819135
1.14285
1.73126
1.19328
0.475843
1.03968
1.01762
0.553932
0.509532
1.13168
0.713985
1.40324
1.23335
0.503559
0.842085
1.08188
1.43043
0.960484
1.51239
1.25193
1.72383
0.940182
0.805583
1.72859
0.659088
1.30624
0.919008
1.43225
0.995277
1.24066
0.62634
0.913014
0.58274
0.611676
1.26648
1.06138
0.885173
0.773925
1.23562
0.762631
0.804325
1.37827
0.846248
1.16771
1.24786
0.967871
1.12714
1.14947
0.98746
1.03764
1.2841
0.764735
0.797853
0.689936
0.996215
1.42178
0.945378
0.820502
0.959171
0.684491
1.04475
1.11783
0.559523
0.586074
0.960835
0.713324
0.73387
0.653862
0.647159
1.11393
0.682323
1.54673
1.1096
0.78696
1.04496
0.887567
0.473464
1.18564
1.36773
1.17343
0.894124
1.05879
1.20009
1.76204
0.954591
0.950873
0.855999
1.35701
1.48163
1.75027
1.04023
0.991639
0.383684
1.25486
1.24962
0.523953
0.981474
1.10156
0.751914
1.10836
0.87657
0.861196
0.894679
1.2194
0.859402
1.00483
0.881284
1.19517
0.635307
1.26585
0.602105
1.33757
1.76736
1.07183
0.894519
0.80518
1.23713
0.971029
1.09308
0.732324
1.06917
0.768843
0.855034
1.22272
0.8537
1.39962
1.26641
1.69124
0.717185
0.840206
1.1216
1.42089
0.512704
1.0723
1.03293
0.61052
1.05923
0.90983
0.832021
1.16793
1.14511
1.0208
0.836357
1.09512
0.995221
1.17386
1.00997
1.06823
1.17083
1.5654
0.652316
0.525337
1.4247
0.781713
1.14211
1.12388
0.787446
0.574756
1.1725
0.800274
1.39384
0.675036
0.950989
1.1411
1.13065
1.08408
0.845244
1.40849
0.830024
0.731928
0.561193
0.528299
0.964114
1.52444
0.623842
1.29723
1.89528
1.05364
0.780485
1.77081
1.08245
0.861157
0.736113
0.982374
1.27668
0.978302
0.602342
0.725758
1.03114
0.712317
1.15999
0.891
1.21391
1.14045
1.37916
0.940943
1.02041
1.26606
0.910094
1.22424
0.837695
1.57479
1.25409
0.770412
0.653176
1.4895
1.42783
1.2587
0.567342
1.15014
0.865847
1.06788
0.846332
0.744386
1.354
0.93069
0.544602
1.45984
1.18394
1.14986
0.942353
0.815683
1.30651
1.25234
0.800648
0.650805
0.477166
0.935439
0.897661
1.31238
1.01553
0.447227
1.53162
1.53198
0.875457
0.939871
1.37437
0.961717
1.01418
0.610981
0.960706
1.41036
1.31195
0.960763
1.6247
0.965952
0.936045
0.509761
2.21874
1.04534
0.938608
1.39432
1.07212
1.17205
1.29922
1.75388
1.24653
0.597088
0.488012
1.33049
0.753205
0.778426
0.898049
1.19979
0.8535
0.54639
1.02952
0.481719
1.22987
0.824856
0.937281
0.743156
1.08259
1.42652
0.782628
0.559193
0.638449
1.04205
0.658093
0.68323
1.1887
1.24979
0.708067
1.6902
1.25734
0.883407
1.03809
0.700368
0.955519
0.883923
1.32499
0.53304
0.794398
0.622353
0.827448
0.898692
0.790091
1.85336
0.741664
1.36656
1.26939
1.25879
0.856183
1.4127
1.23362
0.722516
0.982134
1.21557
0.705319
0.906946
0.875158
0.786153
0.518154
0.936127
0.842185
0.959696
0.99136
0.321321
1.08765
0.578848
0.51581
0.56695
1.68254
1.02425
1.00753
1.32329
0.658395
1.17391
0.764768
0.779106
1.1695
0.632561
0.967499
0.798348
0.500497
1.33456
0.896625
1.98887
0.836605
1.06647
1.22716
0.916564
0.568196
1.35104
0.938425
0.877051
0.720561
1.28755
1.76417
1.22903
0.851474
1.41082
1.37651
1.16824
0.65676
1.73096
1.17227
1.1073
0.659057
1.77448
1.27206
2.08495
1.32225
0.851068
0.50705
0.782449
0.701887
0.702419
1.52998
0.91392
1.25893
0.588268
1.06957
1.49478
1.10673
1.443
1.16455
0.4948
0.69728
1.04141
1.23688
0.732854
0.621973
1.1442
0.573052
1.35511
1.0854
0.52463
0.503394
1.17245
1.425
0.980846
0.977992
0.744152
1.55499
0.862023
1.27953
0.984594
0.859373
0.914459
0.7113
1.24036
0.734188
1.0893
0.594497
0.824934
1.16379
0.713771
0.923867
0.823534
0.61983
0.820589
1.36282
1.39656
1.04384
0.716432
1.17974
0.50823
1.25862
1.23549
1.09399
1.30009
1.04539
0.7509
0.983558
0.807084
1.28804
0.860104
1.40977
0.70243
0.735977
0.904988
1.15866
1.84871
1.60602
0.863218
0.511722
0.54221
0.953002
0.86262
1.47434
0.978335
1.06388
1.44174
1.04098
1.0278
1.15557
0.956256
1.0026
0.483539
1.00424
1.17121
0.792002
0.681232
1.1405
0.689281
1.29234
0.697097
0.924883
1.05189
0.477349
0.517968
1.04043
0.871956
1.53169
0.546675
0.976937
0.459096
0.485276
0.683362
1.06032
0.496116
0.816885
0.934774
1.2591
0.92606
0.86194
1.38736
1.19834
1.04584
0.606599
0.869109
0.621125
0.985197
0.62114
1.27767
0.840935
1.3008
0.775804
0.94586
1.31869
1.62259
0.616574
0.755828
0.601502
1.00445
1.1898
0.756793
0.770005
1.10566
1.16733
0.298205
1.22665
1.54931
1.45721
1.24374
0.948358
0.628355
0.792399
1.00285
1.03179
1.41383
0.848172
0.498943
0.829239
1.29683
0.762352
0.883307
0.977416
0.779155
1.36756
1.21249
0.742056
0.731043
0.871325
0.631425
1.24231
1.4207
1.67953
1.69394
1.40683
0.66445
0.980762
1.37084
1.75565
0.774326
1.495
0.631836
1.10102
1.05224
0.753008
0.968489
2.10104
1.75952
0.983452
1.35103
1.13677
1.14192
0.935252
0.80715
0.642452
0.646256
1.26905
0.745537
0.738632
0.566126
1.21019
0.846426
0.762857
1.12669
0.796344
0.842518
0.830659
0.673187
1.14243
0.78477
1.89593
0.996423
0.827463
0.41828
0.782318
0.695292
0.454924
1.61093
0.258821
0.836375
0.602255
1.19425
1.3211
0.722885
1.11699
1.02439
0.682913
0.978807
0.660039
1.4195
1.23169
1.09526
1.06628
0.931179
0.648389
1.3004
0.92533
0.683046
0.906051
0.63484
0.489995
0.878255
0.776446
0.707876
0.900561
0.658952
1.17618
1.31206
0.796672
1.0706
0.742743
1.03208
0.83704
0.824057
0.65034
0.680552
1.89516
1.24503
1.24232
1.16342
1.15525
0.670989
0.562443
0.683895
1.07316
0.563033
1.03789
1.58826
1.14256
1.64059
0.823253
0.874618
0.931931
0.71784
0.933016
0.917407
0.797291
1.04245
0.878028
1.27161
1.27413
1.24255
1.47276
1.08062
1.12611
0.771046
1.03906
0.590424
0.377336
0.972619
0.848263
0.881301
0.820651
1.28933
0.694679
0.882627
1.00434
0.887939
1.15467
0.823518
1.9423
1.03321
0.75123
0.78214
1.16199
1.43964
1.09233
0.972633
1.29118
1.27634
0.807561
0.659116
0.671319
0.51589
0.886509
1.16373
1.86943
0.836458
0.787291
0.892399
0.743043
1.5332
1.53708
0.882284
1.97482
1.26862
0.912499
1.3524
0.823722
0.893398
0.885682
0.460941
1.02992
0.6802
2.16656
0.795823
0.673016
0.89154
1.07828
1.09473
1.39344
0.869138
0.526604
1.20127
0.761524
0.634364
0.609812
1.12177
1.16734
0.812106
0.639816
1.4624
0.765473
1.33398
0.645404
0.922008
1.33735
0.981232
0.915947
0.880861
0.362277
0.890763
1.10976
0.841559
1.0828
0.709434
1.17511
1.05012
0.911983
0.940297
1.49181
0.754564
1.27376
0.876387
1.10793
0.756078
0.973781
0.959144
1.25778
1.13217
0.921626
0.865861
1.20573
0.82931
0.95365
0.876055
0.829328
0.661397
1.12409
1.15996
0.645185
0.800061
1.2532
0.960256
1.06196
0.999156
1.19061
0.603653
0.268651
0.683175
1.3505
0.603314
1.16954
0.906296
0.858633
0.639196
0.813501
0.572591
1.22813
1.38494
0.862227
0.822891
0.736883
1.30455
0.375354
0.492184
0.521914
0.893763
0.670897
0.262024
1.54626
1.21064
0.996088
0.707592
0.664833
1.29918
1.05532
1.13918
1.23938
1.26831
1.04912
0.795905
1.90359
0.986091
1.14325
1.28375
0.727214
1.56177
1.10409
0.577483
0.705732
0.760775
1.09235
1.03376
0.76977
1.13182
1.06359
0.981275
0.833597
1.66678
1.23772
0.578329
1.36586
0.875678
1.153
0.684219
0.795234
0.987053
0.666874
0.506371
0.777732
1.42322
0.625221
0.976619
0.703175
1.27923
0.738262
1.00424
1.83535
1.29857
0.846685
0.950884
1.00971
0.72795
1.12633
1.13783
0.634148
1.17974
0.786695
0.682852
0.941857
1.143
0.720585
1.22866
0.947961
0.717149
0.856242
0.856767
1.03817
0.944867
1.00501
1.18469
0.762287
0.949362
1.08091
1.24533
1.34544
1.12473
0.931888
0.892624
0.898478
1.39545
0.408065
0.614128
1.16282
0.952381
0.909329
0.99729
1.33421
1.81907
0.852636
0.87282
1.226
0.643332
1.16563
1.31774
0.579678
1.13934
0.930924
0.791288
1.31934
1.55611
0.854163
1.20888
1.06198
0.862529
0.804739
0.566277
0.866987
1.17991
1.16619
1.19234
0.928345
0.898011
0.890083
1.03437
0.973055
1.41511
0.755757
1.47758
0.645655
1.07509
0.629675
0.783089
0.8576
0.930509
0.98079
1.01624
0.910556
1.4693
1.01889
0.913512
0.707687
0.668334
1.38835
0.566572
1.90549
0.75419
1.14865
1.02173
1.41155
1.23634
1.23386
0.781107
0.676747
0.96189
0.962532
1.25415
1.32199
0.792737
0.906102
1.08817
0.737807
1.09923
1.51979
0.668048
1.19698
1.02987
0.659449
0.401992
1.23503
0.853928
0.722514
0.831913
0.937748
1.09103
1.65982
0.36086
1.12224
0.935682
0.819295
0.819974
0.819419
1.3172
0.67339
1.30961
1.07064
1.07704
1.13088
0.518817
1.17481
1.3448
0.679134
0.96476
0.789394
0.649561
1.42332
0.532806
1.48517
0.643818
0.855389
1.0137
0.938659
1.39864
0.732336
1.56111
0.932528
1.13179
1.75699
1.01935
0.744504
0.737363
0.572938
0.601044
1.38622
0.710676
1.03921
0.626901
0.978757
1.17161
1.17968
0.942256
1.11593
1.3366
1.18582
0.907858
1.45781
0.526122
0.713882
1.4941
0.953063
1.51069
0.564611
0.644086
1.23827
0.613011
1.33947
1.43284
0.891141
1.08145
0.871166
0.457267
0.746191
0.587533
0.809115
0.654762
0.588397
0.407699
0.911103
1.60965
0.822491
0.985352
1.00133
1.12127
0.573802
1.13929
0.981623
1.04963
0.8382
0.555068
0.85659
1.2734
0.811098
0.680382
0.665786
0.65661
0.903355
1.0287
0.961629
0.950991
1.37881
0.686804
0.480126
1.37366
0.544868
0.470106
1.00025
1.26948
0.649934
1.03415
0.651462
1.0831
0.803165
1.53775
2.33585
0.936519
0.419527
0.696068
0.960662
1.59804
1.17972
1.25491
1.18506
0.717515
1.46928
0.345442
0.878158
0.642315
0.619063
1.12779
1.31448
0.56213
0.905024
0.687677
0.799949
1.50445
0.600562
0.340212
1.18095
1.03426
0.732005
1.34234
0.855989
1.49966
1.3836
1.34159
1.282
1.23127
1.2259
1.09285
1.76788
1.06226
0.757146
0.742439
0.916338
1.11485
0.581287
0.940252
1.05703
0.772752
0.745258
0.813919
1.30123
0.994321
1.16043
0.709962
1.65007
0.513889
0.372582
1.30389
0.890049
0.670421
0.732551
1.34092
0.676848
1.10053
1.02246
1.45598
1.37309
0.567612
1.30468
0.951806
0.874914
0.86683
0.521355
0.630051
1.39642
1.01673
0.977007
0.514169
1.22472
0.976342
1.02536
0.914083
0.641066
0.610218
1.44281
0.72804
1.09024
0.655505
1.0246
0.776774
1.4611
1.23846
0.66023
0.816668
0.809107
1.31226
1.08795
1.39953
1.50517
1.14358
0.646761
1.15054
0.702128
1.11928
2.27881
0.620741
0.90347
0.97801
0.842765
1.08353
1.13971
1.38457
1.1514
0.806084
0.984529
1.37011
0.920498
1.82656
1.49592
1.30639
0.693979
0.642677
1.07144
0.874112
1.10676
1.15483
1.00186
0.967325
0.934734
1.31085
1.75485
1.04231
0.807505
1.05923
0.697565
1.03784
1.32177
0.865373
0.878387
0.776815
0.978513
1.10384
0.866162
1.0076
1.03554
1.50745
0.809065
1.02671
0.629483
1.34546
1.38987
0.669646
0.774665
1.39967
0.887702
0.905807
1.03092
1.50393
1.27858
0.703065
0.91674
1.09458
0.841472
0.987342
0.43921
1.03889
0.668771
1.34433
0.863182
1.24872
0.680964
0.663659
0.930904
1.15615
0.857566
0.515238
1.46971
1.30641
0.807117
0.758278
0.604596
1.50113
0.338178
1.03689
0.973641
1.7316
1.13186
0.842173
1.16871
1.10548
0.789
1.16064
0.797489
1.41168
0.521608
0.731672
0.720477
1.02394
0.68376
1.12236
1.57654
0.519674
0.696388
0.944846
1.10113
0.76307
0.839925
1.46458
0.988362
0.937171
1.28324
0.730717
1.02524
1.08827
0.953436
1.52991
1.20723
1.30919
1.20853
0.603477
0.682136
1.03491
1.31902
1.35945
0.683347
1.00295
0.989163
1.08
1.03417
1.34297
1.10196
0.848739
0.626749
0.891866
0.626163
1.0848
0.950356
1.29996
1.21872
1.01423
1.29757
1.05619
0.65553
0.826902
1.47672
0.702013
0.922604
1.22185
1.58206
0.672966
0.819257
0.910825
1.13954
1.11912
1.09944
0.571986
1.14059
0.95062
0.69623
0.58354
0.700644
0.688824
1.08698
1.10269
1.55297
0.808333
1.20505
1.26279
1.72647
0.62572
1.78748
0.583685
0.606219
0.854431
0.831278
1.26356
0.659343
1.82008
0.993388
0.967294
0.868382
1.87905
0.790985
0.449235
1.02835
1.2297
1.11981
0.633523
0.628334
0.850029
0.899791
1.10777
0.925628
0.909746
1.38177
0.849442
0.511194
0.930023
0.932394
1.17057
1.18723
0.613835
1.2389
0.610864
1.2312
0.984192
1.50474
0.760785
0.82374
1.11197
1.09173
1.04301
1.00214
1.20879
0.864165
0.893701
0.689122
0.889307
0.7833
0.567862
0.908654
1.61855
0.829433
1.01377
1.43072
0.540213
1.37304
0.717739
1.03053
0.318676
0.941022
0.840059
0.60763
0.469847
0.689385
1.01537
1.21845
1.13756
1.21149
0.581651
0.669053
0.912014
1.9011
0.531153
0.748261
0.906989
0.786076
1.42921
1.07096
1.38032
1.16952
1.07667
0.836372
1.06145
1.37048
1.43624
1.11741
1.17681
0.943358
1.16178
1.43976
0.97703
1.18295
0.876999
0.917804
0.901854
1.24948
0.770846
1.07198
0.966738
0.799274
1.06145
1.23759
0.894322
1.04097
0.50748
1.76051
1.48638
1.09395
1.6599
0.787335
1.11938
0.503366
1.69848
0.792235
0.955335
2.179
1.10284
1.3409
0.840148
0.663726
0.868027
0.779502
1.16833
1.33081
0.535539
0.854345
1.25997
1.75557
0.789439
0.744583
0.865623
1.11856
1.19168
0.862761
0.919155
1.11566
1.132
0.739811
1.14513
0.775776
0.857178
1.18213
0.865254
0.842396
0.766174
0.96699
1.10939
0.679765
0.967525
0.608814
0.645617
0.874107
1.06918
1.10644
1.00262
1.25483
0.931626
0.627206
0.854376
1.13174
0.745078
0.855211
0.753701
1.19589
0.743658
1.07857
0.992145
0.823448
1.03285
1.05199
0.931061
1.14648
1.12942
1.90726
0.564451
0.927395
1.09334
0.767668
0.608969
1.28676
0.64191
1.00921
1.18312
0.690079
1.0077
0.699438
0.953268
1.04159
0.847137
0.865316
0.704921
0.94175
0.484116
1.11994
1.02955
1.1959
0.992791
1.74121
1.53114
1.23106
0.785075
0.927646
0.495815
0.752525
0.754256
1.49268
0.790495
1.62142
0.78745
0.904166
1.0625
1.22191
1.92359
0.75229
0.791814
1.11289
0.954502
0.867607
0.865792
0.995758
0.976378
1.17311
0.917478
0.999943
0.770286
1.14172
0.873599
0.793623
1.54372
2.3485
0.776414
1.51457
0.711285
1.10343
0.802302
0.722034
0.60282
1.30075
0.97086
1.33536
1.60259
1.32485
1.31292
0.965613
1.01827
1.20538
1.14397
0.574429
1.02707
0.746145
0.759384
0.663251
1.20124
1.43184
0.713731
1.12594
0.760039
0.558139
1.14643
0.607443
1.44114
1.24424
1.57094
1.1873
0.883093
0.77473
1.48085
1.32489
0.851158
0.781755
1.72387
1.02051
0.909349
0.709707
1.00505
1.0957
0.924892
0.280031
1.1574
0.617516
0.934127
0.57374
0.937877
1.22734
0.793993
1.11527
1.41314
1.27687
0.752159
1.01165
0.975029
1.24523
0.841304
1.16668
0.878955
1.11598
1.19368
0.767535
0.922185
0.7485
0.666561
0.928291
1.29326
0.668948
0.914359
1.19501
1.12871
0.835127
1.32971
1.11215
0.839286
0.810538
1.02175
0.841817
1.02956
1.68522
1.2197
1.3813
1.43155
1.78889
1.28914
1.2956
1.0363
1.14918
0.839849
1.03421
0.668493
0.913341
0.68999
1.11927
1.09918
0.898276
1.08246
0.742466
0.711495
0.867396
1.35123
0.775568
1.04022
0.871201
1.35755
0.822575
1.50278
0.975655
0.980608
1.05408
1.36223
0.951794
0.739161
0.625571
1.12117
1.50851
2.29028
0.842958
0.896709
0.64974
0.956197
1.24833
1.09465
1.35994
0.61673
1.36537
1.36495
1.28629
0.396514
1.30487
1.02485
0.981371
0.846622
0.344624
1.07618
0.938006
1.25696
0.786945
1.13498
0.65339
0.392471
0.62704
1.86485
1.34291
1.06061
0.780488
1.12873
1.1016
1.24569
1.09642
0.566718
0.458584
0.930992
0.561039
0.674899
1.31802
1.32196
0.884637
1.12711
1.45432
0.821783
0.871159
0.912984
0.825532
1.01604
0.786664
0.681148
0.706036
1.27323
0.822452
1.13635
1.75821
1.65822
0.766264
0.763758
0.923424
1.67168
0.978729
0.66622
0.945335
0.711498
0.603307
1.2255
0.872601
0.935684
0.325909
1.13415
0.688994
1.25788
1.23236
1.20043
1.43154
1.24858
2.06016
0.901247
1.26653
0.55285
0.934149
0.78319
1.18426
0.739131
1.31296
1.04288
0.722944
2.25583
1.38518
0.672937
0.981206
1.54808
0.846765
1.25101
0.881739
1.35123
0.944417
0.431484
0.947763
0.51855
0.646907
1.88499
0.907863
1.02725
0.893075
1.32184
1.24704
1.36276
0.876018
1.03206
0.755979
1.03061
1.4638
0.84514
0.665515
1.4289
1.13268
0.481073
1.27432
1.13465
0.956508
0.860556
0.989857
0.536111
0.975972
0.510089
1.87663
0.599053
0.787854
1.15975
0.839971
1.10696
1.06576
1.0435
0.836823
0.963868
0.798945
1.19301
0.75172
1.12904
1.46312
1.02789
1.20679
1.05657
0.49944
1.44384
0.831571
0.84994
1.22104
0.616187
1.05113
0.337385
0.825814
0.801759
0.965918
0.504348
0.573759
1.35506
0.908375
1.37629
1.3317
0.780181
1.13356
0.836494
1.16002
0.808879
0.916028
0.641334
0.714042
1.19681
0.902959
0.640212
1.18759
0.80652
0.839943
0.938427
0.500421
0.780502
1.07785
1.05557
0.981013
1.24119
1.06621
1.12492
1.59167
1.38155
0.892143
1.08488
0.501363
0.592893
0.871833
0.85265
0.836883
0.886298
0.796439
0.692368
0.630334
0.968987
0.667253
1.79371
1.11772
0.543041
1.06773
1.07888
1.16385
1.0904
1.38178
0.752695
1.20328
1.07348
0.520398
1.28273
0.719601
0.78624
0.862288
0.811413
0.946287
0.928881
0.889816
0.673894
1.15727
0.842242
1.73842
1.17037
1.25123
0.943152
0.93943
1.07078
0.923715
1.08034
1.35182
1.37138
0.830188
0.965071
0.747613
0.992362
1.10486
1.13027
1.09741
1.43054
1.44767
1.04401
1.18164
1.06558
1.01716
0.931344
0.626093
1.30671
0.859909
0.896628
1.41655
1.12968
0.591581
0.875489
1.05011
0.927988
1.60294
0.87396
1.38669
1.0147
0.880185
0.751779
0.802399
0.485584
1.0748
1.14013
0.916816
1.72468
1.17826
0.784083
1.09275
1.36331
1.53218
1.18714
0.57043
1.27302
1.20665
0.463978
0.466633
1.18361
0.718177
0.604556
0.83341
1.15681
1.13183
0.976734
0.926237
0.628992
1.32535
1.44992
1.09997
1.49339
1.24117
1.26378
0.778881
1.05033
0.920769
1.74698
0.461759
1.18989
1.21712
1.3163
1.07597
0.967241
0.814879
0.997665
0.338708
0.670687
0.923883
1.19586
0.640044
0.845538
0.721509
1.08321
0.829574
0.925207
0.767314
0.951136
0.940893
0.701079
1.05497
0.83743
1.12489
1.05787
1.33839
0.909369
0.483956
1.31705
0.657978
0.761273
1.64505
1.24682
0.930753
0.962808
0.819907
1.76224
1.43388
1.40761
1.29253
1.34606
0.983427
1.05036
1.51158
1.15146
1.10545
1.15253
0.857483
1.18535
1.86217
0.749284
0.745756
0.735974
1.04014
0.714576
1.00684
0.911108
1.05103
0.682822
1.3239
0.504189
0.603393
0.506764
1.11403
0.662165
0.784771
1.00977
1.51202
1.47615
0.720352
1.52507
0.693336
0.97769
1.17066
0.993396
1.49311
0.904929
1.50287
0.953621
1.25273
0.938806
0.85148
0.938078
0.687618
1.04306
0.945485
0.79422
0.629112
1.41191
0.700798
0.894304
0.566583
1.27006
1.07424
0.625375
1.59529
0.899484
0.931856
1.50064
0.704697
0.932197
0.698993
1.10939
0.756573
1.40106
0.527738
1.16647
1.18067
0.491661
0.646564
1.42967
1.00106
0.925194
0.777006
0.871539
0.319946
1.62851
0.730618
0.925748
1.38366
0.906078
0.745105
1.16847
0.635572
0.943683
0.805108
0.454074
1.16582
1.30426
1.42344
1.10978
0.813731
1.13311
1.01508
0.8668
0.84106
1.05176
1.00788
1.15007
1.47838
0.880001
1.45085
0.977696
1.16577
1.31137
1.24862
0.820134
0.754831
0.693949
1.12398
1.33598
1.11722
0.809728
0.81873
1.02907
0.585904
1.07341
0.777143
0.989836
1.00561
0.812491
0.931733
0.672554
1.33311
0.607698
1.20038
1.26983
1.16728
1.16152
1.53931
0.652896
0.970723
1.19042
0.750985
0.955446
1.40162
0.450408
1.21327
1.29471
1.40127
0.762167
0.678177
1.12189
1.10542
1.03002
0.892118
0.713317
1.1198
0.543468
0.646913
0.408097
0.702407
1.0935
0.503416
0.726385
0.418009
1.22765
0.954718
0.670018
0.969594
0.552959
1.1181
0.990682
1.26862
0.997284
0.706705
1.12078
1.01941
0.884024
0.906092
0.839409
1.7008
0.597668
1.0887
0.87572
1.10354
0.468605
1.09926
0.842008
0.613003
1.05461
1.07893
0.750716
0.366108
1.19005
1.2018
0.919801
1.00669
0.508302
0.748574
0.632268
0.60084
0.965674
1.05047
1.06485
1.21392
0.739278
0.620596
0.871503
1.22345
0.948344
0.411731
0.645271
1.10696
1.03816
0.802877
1.90121
0.608703
0.954681
1.57711
0.722265
1.04173
1.0927
1.32585
0.970655
0.954393
1.00767
1.00928
1.17673
1.18543
1.08105
1.62143
1.04072
1.53229
0.763653
1.53311
0.990635
0.822535
0.906214
0.812848
1.5955
1.32599
0.94875
0.965066
1.20235
0.721182
1.22598
1.12887
0.882681
0.760956
1.21169
0.989092
0.91787
1.0649
1.55487
1.06867
1.56608
1.16764
1.07705
1.13445
1.88349
0.589156
0.88771
0.891118
0.945403
1.06806
1.48663
1.07951
1.18007
1.13982
1.20681
0.866943
1.45216
0.74477
0.963046
0.724907
1.09813
1.21613
0.606631
0.951868
1.02907
0.622297
1.69302
0.877545
0.94504
1.25395
0.58849
0.626127
1.13076
0.777116
1.02816
1.39221
0.451573
0.720149
1.17519
1.09703
1.59161
1.17275
0.930877
1.1403
1.75178
1.14157
1.7127
0.612593
0.522374
0.801269
0.766827
0.903345
1.3547
0.703609
1.0834
0.994903
1.05528
0.743755
1.20274
0.935504
1.39922
0.834453
1.49899
0.793234
1.03249
1.74304
1.19175
0.993068
0.830827
0.941483
1.15621
0.657005
1.30338
0.908864
0.961645
1.04472
1.30039
1.08258
1.58703
0.90123
0.857725
1.13687
0.682994
0.749012
0.760993
1.17885
0.699408
1.16725
0.69714
0.738642
0.803338
0.745461
0.725844
0.71123
1.06882
1.31319
0.829793
1.13366
0.587877
1.04598
1.33426
0.567853
0.963005
1.37787
0.644519
0.874567
1.35263
1.05714
1.31259
0.896127
1.07701
1.25515
0.515571
0.875252
0.590495
0.918924
1.19995
1.33359
0.811783
1.25011
1.40696
1.1646
0.947403
0.726586
0.907811
1.49497
1.02425
1.77534
0.701323
1.82187
1.01166
1.49526
0.944482
1.14061
0.77018
1.1517
0.790949
0.787416
1.22322
0.632733
1.06659
1.04231
1.19126
1.45215
0.935272
0.439313
1.35794
0.756438
0.591748
0.988308
0.653119
1.06297
0.802718
1.50764
1.05828
0.896236
0.908951
1.25074
0.827977
0.539755
1.31491
1.74805
1.38861
0.798849
0.527311
0.737963
0.872376
1.20299
0.923624
1.11813
0.576721
1.11493
0.785352
1.20345
0.802637
1.1515
0.906336
1.46647
1.1379
1.17246
0.840977
1.16532
0.820874
1.29374
1.7785
0.871779
0.818671
0.936768
1.18908
1.14023
1.04309
1.31475
0.963992
0.924384
0.765191
1.09638
0.799425
0.794542
0.955787
0.74776
0.944246
0.579458
1.09702
0.942744
0.951266
0.972299
1.08667
1.31009
1.03547
0.937865
1.03965
0.546731
0.765923
1.59379
1.22636
1.4548
1.35262
0.637373
0.89735
0.943918
1.32523
0.928652
1.01613
1.30745
0.832917
0.739537
1.26263
0.630879
0.929562
1.47713
1.20719
1.26899
1.80075
1.11872
0.875181
1.02255
0.52725
0.843362
0.472031
1.07107
0.95894
0.772288
0.775312
1.24044
1.00156
1.23291
1.0632
0.890021
1.61663
1.28292
0.976996
1.53497
0.779232
0.769501
1.77105
0.580548
1.3731
1.08229
0.941554
0.583771
0.459276
0.785173
0.972238
1.32332
1.00748
1.107
1.4396
0.879579
1.22258
1.50257
0.430832
0.846899
1.26795
1.24663
0.390914
0.509805
1.03852
0.710712
0.895866
0.711828
0.872645
0.89667
1.55553
1.0703
0.946747
0.977654
0.583354
1.41142
0.748848
0.878105
1.08678
1.15161
0.584804
1.1648
1.01827
1.36878
0.491334
1.18693
1.04963
0.818126
0.506082
0.569568
1.18689
1.10295
0.968386
1.67415
0.980488
0.897217
1.05054
0.885363
0.705762
0.709713
2.201
1.04929
1.52312
0.943708
0.719457
0.898957
1.06243
0.927488
0.810333
0.930512
1.95046
0.640436
1.10847
1.17095
0.838176
1.17244
0.444883
1.42561
0.619299
0.777667
0.837344
0.776085
1.23186
1.35468
1.34947
0.789798
0.93245
1.66886
1.10298
1.01922
0.778239
0.889875
0.993647
0.808727
0.793858
1.26023
1.07835
0.764606
0.838182
1.30143
0.804056
0.873038
0.613074
1.60484
1.00176
0.621575
1.12503
0.990068
2.1314
0.541817
0.749019
0.775869
1.1042
0.981664
0.800191
0.867358
1.33279
0.645413
1.18688
0.756059
1.36652
0.605853
1.46764
0.78052
1.04839
0.951877
1.06049
1.08488
0.698952
0.861848
0.923815
0.79754
1.1355
0.83119
0.39772
1.20651
1.18906
0.869851
0.821
0.642121
0.910416
0.957087
0.92188
0.701032
1.05366
0.561542
1.77515
0.816085
1.22046
0.555564
1.20566
1.25761
1.1157
0.610254
1.08548
0.655596
1.1844
1.31361
0.987775
1.08253
0.681561
1.31053
1.21012
1.48282
1.18014
0.620701
1.02439
1.0682
0.870853
0.804338
1.13081
1.15946
1.07102
0.821279
0.848081
0.735808
1.33881
0.67299
1.09548
1.43215
0.601651
0.653195
0.998774
1.58078
0.760502
0.682696
1.23646
0.51941
1.07451
1.16119
0.876818
0.664669
0.958712
0.827861
0.553898
0.772422
1.13848
0.80569
0.720562
0.994264
1.11677
0.585236
1.60788
1.4671
1.23385
1.04507
0.770877
0.681076
0.993295
1.77681
0.595854
0.73336
1.99587
0.944424
1.0207
1.13522
0.5902
1.27837
0.924974
0.854071
1.18544
0.692828
0.66433
1.10236
0.567963
2.08985
0.915865
1.18139
0.846679
0.924402
0.769871
1.03039
1.03895
0.918973
0.775176
0.903687
0.729603
1.45862
0.43301
0.604788
0.809657
1.55527
0.755144
0.551743
0.890462
0.736162
0.650022
0.542144
1.93255
0.514244
1.40415
0.842928
0.667483
1.01892
1.01487
1.04184
0.861422
1.16408
1.83617
1.08854
0.697557
0.696712
1.03764
0.855442
1.00189
0.836683
0.774819
1.47124
0.759713
1.51084
0.613602
0.916146
1.67097
0.772957
1.10899
1.51424
0.624217
2.00804
0.633789
0.347377
0.897585
0.732875
1.05653
1.00486
1.12779
1.00092
1.61814
1.2614
0.664666
0.957239
0.82219
1.11713
1.29424
1.09192
0.860003
0.699776
0.992752
0.824962
1.19489
1.35985
0.768714
0.658613
1.1306
0.435394
0.881593
0.953908
0.677
1.10037
1.10365
1.17882
1.29291
0.661171
1.24874
1.21985
1.23417
0.950233
1.441
1.11231
0.661453
0.812299
0.986029
0.71644
0.710833
0.993952
1.10041
0.847736
1.54827
0.857944
0.758121
1.01993
1.31182
1.01891
1.2126
1.16854
0.515852
0.895994
0.885593
1.13108
0.528028
1.15028
0.741023
1.3657
0.948604
0.816385
0.727089
0.812943
1.4006
1.12404
0.948702
0.75558
1.26512
0.774243
1.53654
1.35692
1.29838
1.41928
0.676231
1.75933
0.722851
1.3481
0.926256
0.81537
0.565556
1.01947
0.827033
1.03089
0.939627
1.62268
1.24365
0.728884
1.47315
0.862227
1.5471
0.868797
1.38897
1.25965
1.91277
2.12234
1.68487
1.13047
1.04523
0.659419
1.30559
1.47088
0.883432
1.12905
0.585428
1.33625
0.764211
1.02691
0.925054
0.842323
1.05771
0.999024
0.71297
0.761157
0.985294
0.834224
0.835079
1.14067
0.899201
1.16183
0.675612
1.25646
1.03635
1.43734
0.975243
0.910009
0.887755
1.43926
0.657192
1.39616
0.728333
0.900958
1.37944
1.11652
0.64094
0.693584
1.03959
1.09762
0.668797
0.91797
0.364482
1.46329
0.746206
1.13294
2.38811
1.78339
1.3197
0.733603
0.658354
0.594989
1.44777
1.67332
0.682254
0.666888
1.42628
1.58473
1.00719
1.79398
1.01242
1.58163
1.04842
0.609133
0.580752
0.584862
1.25988
1.56303
0.947515
0.580694
1.62263
0.87211
0.748467
0.859351
0.791091
1.1376
1.48006
1.0793
0.71609
1.22899
1.09512
0.781947
0.72617
0.501183
0.910876
0.68445
1.08626
0.792958
1.65586
0.988159
1.11853
0.734301
0.909273
1.21518
1.12121
0.971653
0.979548
0.957552
0.844037
0.693611
1.05677
0.632611
1.08568
0.807746
0.73423
1.06866
1.27891
0.924152
1.44979
0.700522
0.684525
0.959381
1.27529
0.724071
1.38684
1.23789
0.725653
0.91463
1.74874
0.805183
1.00747
0.522332
0.869183
0.675246
0.79309
0.935149
0.888548
0.921296
0.80521
1.63001
1.44196
0.669669
0.922996
1.27475
0.612657
0.80867
0.986462
1.26093
1.10184
0.795824
0.786842
1.18428
0.874964
0.724986
0.817309
0.908452
1.5852
0.899021
0.645453
1.01821
1.10315
0.876977
1.00125
1.05222
1.0793
1.07308
1.40929
0.892846
0.88275
0.858901
1.01581
0.733096
0.758809
1.07722
0.593814
0.505066
0.498608
1.11844
0.88714
1.05558
0.984146
1.04539
1.33429
0.781424
1.00506
1.07346
1.00651
1.14277
1.53551
1.40502
0.452376
0.596897
0.819948
1.33914
1.70341
0.968502
1.04433
0.747249
0.829231
1.1483
1.12201
0.852608
1.2433
1.02242
1.41322
1.10594
0.642774
1.44878
0.678501
0.436993
1.03935
0.859705
1.00606
0.831518
1.2043
0.850552
1.09667
1.65347
0.986266
1.13777
1.07474
0.523356
0.842556
1.09688
1.32801
0.898842
1.02035
1.1719
0.692956
0.906078
0.743169
0.937285
0.771403
1.44135
1.09043
0.883614
0.991285
1.15082
0.664387
0.891069
1.65565
1.2656
0.758485
0.857877
1.16262
0.947778
0.947261
0.665483
1.0949
1.41441
1.19065
0.973866
0.565843
1.44772
1.02888
0.647423
1.2463
0.803642
0.742172
1.13562
0.884216
0.712872
0.976496
1.47136
0.408621
0.827234
0.737961
0.681341
0.576255
1.50139
0.939569
0.53865
1.68979
1.71747
0.624893
1.02944
0.801051
1.2557
0.980676
0.974897
0.616856
1.1225
0.825197
0.997112
0.60745
0.699546
0.826257
0.855861
0.848745
1.25046
0.794111
0.731612
0.922175
0.882919
0.96893
1.26048
0.649088
1.3322
1.0019
0.679074
1.38615
1.27495
1.15869
1.46782
1.32472
1.06796
0.594046
1.08382
0.861521
1.0292
1.18181
0.996134
1.21679
0.878984
0.454636
1.02593
1.01558
0.780169
0.773435
0.733805
1.04616
0.922719
1.14402
0.556558
0.953899
1.25877
0.827632
1.10008
1.57461
0.865201
0.588682
0.692001
1.03825
0.947915
0.756702
0.933847
0.620908
0.680657
0.503129
1.14182
1.04017
0.933924
1.45515
0.937612
0.917643
1.64723
0.930698
0.945638
0.842329
1.30089
0.921216
0.844352
1.11487
0.985496
0.926729
1.80244
0.806912
1.28258
0.910558
0.85521
0.685438
1.20616
0.998727
1.03747
0.676457
0.765595
1.66379
1.56898
1.83794
1.06584
1.17749
1.23194
1.19549
1.3307
1.36024
0.805685
0.972968
1.08292
0.816712
1.20143
0.701448
1.11945
1.17595
1.21686
0.75901
1.8202
0.696461
1.32149
1.10921
0.682749
1.01458
1.1519
0.862287
1.24203
1.34286
0.958756
1.35269
0.923729
0.899906
1.16857
0.543338
0.811451
2.02274
1.26088
0.748333
0.492205
0.916907
1.29121
1.09917
1.42144
0.637115
1.15509
1.14786
1.39191
1.18329
1.44961
1.12752
1.26921
1.50291
0.935489
0.579121
1.78451
0.602509
1.40206
0.868703
1.27668
0.817597
1.17782
1.11451
0.987105
1.34188
1.13425
1.01772
0.867777
0.778187
1.19101
0.544301
0.706849
1.7564
1.52324
0.666163
0.570738
0.999936
0.662387
0.681778
0.58473
1.03774
0.516979
1.09812
0.493247
1.03583
1.24201
0.707081
1.37977
0.846593
0.89622
0.931429
1.60077
1.05061
1.73951
1.07735
1.46967
0.727661
0.881863
0.965499
1.18726
1.0514
0.61443
0.766972
0.789072
0.874404
0.512857
1.17838
0.774777
0.472836
0.688861
1.08685
0.992646
0.887653
1.17468
1.50654
0.691182
0.909503
1.11851
0.687301
0.786316
1.43784
0.878872
1.25274
0.984621
1.17141
0.866124
1.07882
0.903069
1.20697
0.933175
0.848629
0.523195
0.612143
0.643729
1.12274
1.39161
1.50949
0.531809
0.915439
1.44683
0.971799
1.32589
0.891994
1.04779
0.810843
1.05763
0.778836
0.811884
1.2563
1.2275
0.88953
1.18595
0.764761
0.692775
1.16116
1.16756
0.801426
1.39337
0.916853
1.7747
1.09739
1.09066
0.483942
0.828727
0.737918
1.07901
1.47588
0.838383
0.889599
0.613615
1.87977
0.720894
1.39682
0.978533
1.21666
0.905318
1.24451
1.02515
1.33941
1.08125
0.720445
1.16294
1.23697
1.22618
0.948035
1.01086
1.10855
0.957102
0.940862
0.922842
1.74542
0.760855
0.756616
1.21647
1.29324
1.14379
1.14526
0.844726
0.467538
1.17687
0.610437
0.947001
0.954949
0.82181
0.645676
0.927961
0.651686
0.431287
0.587715
0.719411
0.775888
1.01674
0.691355
1.00942
0.574039
0.934584
1.05554
0.968758
1.32027
1.18892
1.44344
0.689006
0.781297
0.688502
0.491424
1.16415
1.35331
0.892553
0.641415
1.08208
0.913776
0.877513
0.505403
0.989893
1.32447
0.9179
1.0719
1.22668
0.839321
0.526697
0.653884
0.870404
1.46353
0.802341
0.804741
0.699754
1.31986
0.532839
0.879468
0.793403
1.53406
1.78625
0.794642
0.84246
0.807701
1.46149
1.08552
1.01843
0.575735
0.873326
1.11065
0.988793
0.79235
1.40225
1.06261
1.23438
0.870135
0.656151
0.965834
1.27352
0.839627
0.857226
1.05149
1.83806
0.69557
0.889115
1.34782
0.851072
0.655359
1.19534
1.06269
1.18417
0.571503
0.592645
1.15688
1.09695
1.45958
0.906713
0.730447
1.00529
1.37553
0.987639
1.31892
0.85233
1.07553
0.905989
1.38785
1.19231
1.36509
0.754006
0.999126
0.700867
1.03279
1.76844
