0.840025
0.404797
0.409065
0.524333
0.507282
0.471282
0.319525
0.203302
0.1751
0.899605
0.538
0.506394
0.463259
0.304442
0.37738
0.285186
0.205208
0.775829
0.567015
0.14606
0.769436
0.914656
0.311658
0.446337
0.760498
0.418316
0.688982
0.50994
0.434523
0.433188
0.163863
0.519487
0.519526
0.089826
0.290614
0.67845
0.861289
0.710997
0.342279
0.748713
0.421057
0.131866
0.649117
0.455619
0.631775
0.395911
0.346334
0.514255
0.475031
0.289303
0.524107
0.167518
0.371367
0.250771
0.440915
0.638145
0.582081
0.643128
0.504158
0.283682
0.801095
0.69691
0.140002
0.505023
0.470966
0.63575
0.467378
0.595914
0.587548
0.0673596
0.359013
0.232513
0.863307
0.1732
0.515357
0.188825
0.599764
0.554138
0.595216
0.625535
0.474978
0.288607
0.239894
0.436509
0.182484
0.334011
0.495599
0.648923
0.463558
0.351329
0.681849
0.75971
0.555132
0.857091
0.171562
0.65274
0.431192
0.306121
0.841519
0.37786
0.445906
0.282659
0.619812
0.584637
0.592253
0.426697
0.599898
0.790372
0.570352
0.546569
0.608832
0.923666
0.715172
0.568077
0.410203
0.721548
0.0637929
0.544626
0.390309
0.569884
0.447809
0.402089
0.619033
0.763493
0.476993
0.416308
0.0948741
0.424161
0.635752
0.620397
0.77655
0.451394
0.444425
0.413193
0.671557
0.392537
0.742902
0.589437
0.795043
0.505555
0.634528
0.336495
0.230311
0.549517
0.483738
0.441627
0.315256
0.474546
0.59131
0.52805
0.646986
0.194679
0.276614
0.587237
0.639859
0.513861
0.576696
0.399153
0.290138
0.536962
0.627492
0.631285
0.593427
0.534442
0.522976
0.481615
0.729026
0.241026
0.553453
0.679839
0.668309
0.455446
0.204739
0.4854
0.282196
0.0700305
0.655391
0.520094
0.815766
0.795651
0.739657
0.347239
0.766013
0.859242
0.449244
0.658613
0.24174
0.337842
0.527514
0.754584
0.302516
0.55481
0.56515
0.202084
0.566642
0.100586
0.236831
0.629274
0.545979
0.552118
0.423897
0.564995
0.208526
0.85174
0.448481
0.555299
0.687542
0.56806
0.500037
0.488576
0.849028
0.398094
0.565656
0.135024
0.0973044
0.281632
0.781054
0.355403
0.841444
0.385508
0.599567
0.758263
0.463228
0.477208
0.531947
0.78403
0.420318
0.343918
0.440259
0.768564
0.786258
0.424878
0.474605
0.488025
0.571927
0.711598
0.221898
0.511086
0.591008
0.232219
0.491362
0.383781
0.925017
0.573036
0.39192
0.246446
0.711402
0.401878
0.462082
0.43149
0.521192
0.344818
0.0934163
0.414902
0.510643
0.829341
0.34418
0.193638
0.824304
0.143876
0.470117
0.235263
0.394879
0.475262
0.104927
0.59541
0.328243
0.572488
0.503367
0.122879
0.479946
0.446725
0.615425
0.371369
0.622478
0.654404
0.490451
0.411105
0.270568
0.721824
0.115636
0.682795
0.274749
0.156463
0.773658
0.360606
0.711374
0.251919
0.359822
0.890049
0.390266
0.53009
0.829448
0.440878
0.469124
0.675959
0.55178
0.964345
0.706797
0.707035
0.327101
0.368356
0.305503
0.88124
0.679256
0.0232955
0.585021
0.483743
0.26623
0.385502
0.39988
0.144968
0.356894
0.474619
0.75352
0.72871
0.802519
0.265219
0.481373
0.591018
0.287107
0.752369
0.667782
0.147227
0.37107
0.524989
0.129637
0.69624
0.448248
0.130076
0.842598
0.337859
0.216737
0.33511
0.10371
0.580716
0.619448
0.595156
0.517216
0.375052
0.440812
0.605385
0.558322
0.316311
0.351492
0.76899
0.51264
0.152243
0.173445
0.234663
0.507023
0.487926
0.493131
0.357018
0.640436
0.219834
0.481173
0.507595
0.891518
0.741796
0.882172
0.613247
0.522433
0.352418
0.618931
0.122983
0.616575
0.555238
0.310746
0.803529
0.680685
0.579635
0.735919
0.838086
0.90988
0.462198
0.374124
0.652005
0.757072
0.415009
0.1447
0.713287
0.36623
0.468988
0.812444
0.75507
0.22191
0.517179
0.262912
0.441454
0.535414
0.394587
0.454743
0.447243
0.430962
0.51786
0.336954
0.746413
0.413178
0.869872
0.374649
0.603319
0.390196
0.250939
0.557037
0.334875
0.694638
0.730162
0.367128
0.361173
0.587697
0.617063
0.672959
0.386207
0.149523
0.535448
0.355639
0.749597
0.252082
0.318101
0.72
0.0644278
0.478615
0.452681
0.339098
0.705535
0.396812
0.695857
0.464282
0.536782
0.510766
0.734501
0.487999
0.465103
0.509757
0.409403
0.677005
0.483294
0.599866
0.528769
0.499088
0.812761
0.247411
0.685408
0.3469
0.581654
0.581141
0.753291
0.317953
0.173015
0.493116
0.875848
0.440302
0.451827
0.646148
0.270101
0.338914
0.529021
0.638671
0.557455
0.318192
0.544753
0.495846
0.593674
0.691573
0.152472
0.44871
0.407295
0.419612
0.459507
0.631119
0.367459
0.723421
0.129136
0.367217
0.0888413
0.320798
0.67331
0.640131
0.343092
0.287856
0.664426
0.625555
0.382922
0.279429
0.668755
0.341869
0.596667
0.446999
0.153372
0.51138
0.297914
0.373357
0.442617
0.145277
0.21645
0.698682
0.499374
0.657826
0.393563
0.843191
0.880641
0.483329
0.196395
0.836976
0.666108
0.21232
0.552799
0.748119
0.482662
0.681438
0.269855
0.555645
0.446962
0.744419
0.435925
0.544333
0.422449
0.619558
0.417843
0.903889
0.436375
0.75203
0.351554
0.195436
0.426639
0.547366
0.786239
0.70376
0.687461
0.625395
0.278673
0.42421
0.457131
0.411898
0.7463
0.0386237
0.540277
0.428216
0.774197
0.715116
0.181336
0.557004
0.332856
0.42204
0.605128
0.355294
0.5004
0.676898
0.214627
0.654012
0.794575
0.756438
0.385278
0.72605
0.1066
0.37467
0.619396
0.722961
0.490649
0.69096
0.52343
0.873324
0.699458
0.740867
0.145064
0.603791
0.368305
0.487852
0.156373
0.286795
0.136276
0.674418
0.693448
0.736857
0.255494
0.506777
0.362149
0.370429
0.375678
0.437535
0.49383
0.61214
0.703139
0.916417
0.68413
0.673309
0.620022
0.459479
0.472126
0.746544
0.611325
0.742747
0.716366
0.453228
0.483955
0.156686
0.298521
0.548634
0.373793
0.36336
0.734603
0.432424
0.423449
0.378629
0.597945
0.430206
0.775125
0.557199
0.35731
0.604829
0.659717
0.588777
0.307765
0.524056
0.374985
0.219101
0.721129
0.454201
0.832381
0.390047
0.667069
0.367326
0.613799
0.848494
0.65509
0.442524
0.616257
0.504108
0.82192
0.909803
0.374241
0.421651
0.337992
0.628051
0.0361365
0.313918
0.530946
0.206537
0.232914
0.756855
0.423301
0.27235
0.213951
0.578872
0.45565
0.654172
0.636579
0.481871
0.615965
0.295746
0.282673
0.931926
0.519813
0.630341
0.237327
0.713073
0.685499
0.440528
0.701348
0.268084
0.822366
0.395519
0.621064
0.555626
0.899728
0.50129
0.705619
0.633615
0.588091
0.116704
0.663673
0.534088
0.36356
0.481787
0.62813
0.725376
0.140557
0.372293
0.249245
0.0627987
0.247161
0.537679
0.323172
0.109623
0.881635
0.497535
0.584739
0.565447
0.387909
0.564543
0.429954
0.769673
0.261985
0.129944
0.345459
0.353181
0.750507
0.290521
0.708876
0.0918013
0.726881
0.814024
0.385708
0.370633
0.22962
0.732975
0.685165
0.398746
0.121758
0.52471
0.749014
0.419247
0.279419
0.878545
0.334273
0.140195
0.541847
0.468869
0.212279
0.467271
0.854402
0.445957
0.543384
0.349631
0.610277
0.524272
0.598249
0.655795
0.645874
0.590978
0.58343
0.476909
0.669024
0.675371
0.590662
0.610209
0.598449
0.91288
0.325972
0.705936
0.367064
0.805293
0.286463
0.666462
0.190964
0.621796
0.439338
0.366844
0.130136
0.203404
0.719449
0.621477
0.466169
0.726337
0.298372
0.552009
0.496455
0.647824
0.589727
0.617126
0.293568
0.600851
0.842192
0.54531
0.802776
0.422267
0.933358
0.267114
0.849794
0.791692
0.614316
0.173991
0.705174
0.626588
0.466562
0.136165
0.800888
0.421878
0.719538
0.69251
0.518915
0.1404
0.338854
0.680875
0.670853
0.553518
0.431923
0.807742
0.861787
0.0991419
0.529499
0.261607
0.380868
0.36737
0.688304
0.45491
0.585288
0.241981
0.121644
0.834815
0.943529
0.518917
0.701654
0.433637
0.478016
0.490907
0.688513
0.435148
0.29649
0.530332
0.928697
0.513466
0.225658
0.620405
0.526045
0.556741
0.75989
0.577704
0.126156
0.618246
0.611945
0.377082
0.466329
0.543039
0.101934
0.0329073
0.729984
0.198746
0.444948
0.908619
0.506234
0.0945463
0.696993
0.119477
0.791977
0.402879
0.19309
0.361423
0.485602
0.503866
0.260625
0.541883
0.208137
0.65291
0.815252
0.506354
0.549364
0.727415
0.64586
0.447556
0.47315
0.739014
0.269345
0.251907
0.62798
0.903182
0.685149
0.581065
0.695367
0.538576
0.683723
0.404216
0.670558
0.423902
0.562337
0.489797
0.606659
0.470593
0.175812
0.533264
0.365033
0.675033
0.699044
0.640534
0.801519
0.794558
0.302334
0.304661
0.579784
0.546893
0.639822
0.806286
0.439782
0.363202
0.125492
0.136384
0.261061
0.33035
0.420468
0.582772
0.647352
0.438474
0.379508
0.539837
0.520597
0.105429
0.403868
0.393902
0.349297
0.180118
0.221863
0.504607
0.647778
0.232215
0.56774
0.345663
0.769689
0.41624
0.553638
0.28631
0.280758
0.55342
0.228664
0.787756
0.332577
0.305232
0.393324
0.456875
0.470869
0.418007
0.686758
0.442377
0.698444
0.498426
0.288464
0.0766606
0.374733
0.63522
0.27539
0.45951
0.670552
0.412853
0.749523
0.347772
0.308422
0.468421
0.800291
0.758115
0.705522
0.723495
0.190339
0.607953
0.898059
0.278087
0.352445
0.512565
0.762548
0.18438
0.359553
0.52443
0.561234
0.923359
0.479143
0.643742
0.225598
0.387919
0.247364
0.347082
0.553593
0.531509
0.197553
0.674127
0.133
0.0718497
0.452023
0.080314
0.814999
0.744701
0.835202
0.306292
0.448765
0.58316
0.490397
0.432999
0.349626
0.553418
0.181739
0.084148
0.610041
0.608368
0.537013
0.405882
0.37436
0.825946
0.436348
0.496338
0.0850625
0.279539
0.575939
0.375803
0.469887
0.143264
0.435189
0.38114
0.175969
0.765404
0.449887
0.536119
0.968845
0.548735
0.643252
0.492254
0.300879
0.456967
0.790897
0.552714
0.315405
0.321973
0.394976
0.584866
0.48958
0.356966
0.817001
0.794944
0.630672
0.88624
0.36804
0.881335
0.327224
0.782563
0.479218
0.500922
0.718259
0.45878
0.774665
0.775907
0.0803874
0.490652
0.443271
0.236497
0.744434
0.553434
0.254835
0.137807
0.239885
0.335137
0.390398
0.507308
0.327195
0.444933
0.455791
0.572101
0.714708
0.565576
0.621623
0.383296
0.268657
0.204235
0.282176
0.497699
0.41145
0.876555
0.449873
0.495036
0.665125
0.414275
0.801217
0.401859
0.433625
0.817165
0.364314
0.761273
0.129229
0.675524
0.287306
0.130599
0.63521
0.669973
0.451274
0.207032
0.358493
0.510701
0.390362
0.574353
0.762831
0.408834
0.556134
0.731683
0.784712
0.278041
0.412344
0.608282
0.420934
0.344954
0.170565
0.186327
0.538521
0.702484
0.176303
0.646586
0.594337
0.570539
0.529476
0.119887
0.46352
0.134149
0.472323
0.170213
0.462524
0.809451
0.402056
0.553275
0.414332
0.643488
0.564758
0.587328
0.740065
0.784199
0.561285
0.64101
0.572981
0.562481
0.245109
0.785923
0.277537
0.708674
0.416285
0.579658
0.517943
0.581247
0.914939
0.737935
0.15731
0.515994
0.291884
0.62248
0.780268
0.509458
0.183191
0.514263
0.51859
0.430821
0.83978
0.559651
0.621133
0.811917
0.462282
0.570036
0.846078
0.495545
0.565667
0.0234321
0.765205
0.527682
0.547352
0.159532
0.956633
0.659695
0.456698
0.47767
0.324193
0.682111
0.163049
0.740102
0.918303
0.54196
0.693676
0.250995
0.644953
0.301203
0.462206
0.724483
0.636104
0.474192
0.432329
0.473097
0.316541
0.637605
0.460811
0.440882
0.338931
0.436761
0.63805
0.77345
0.570564
0.717667
0.89362
0.160193
0.701953
0.494657
0.958488
0.601871
0.309222
0.818918
0.474803
0.549725
0.338891
0.343681
0.618345
0.530266
0.495415
0.487331
0.548
0.412826
0.398543
0.576131
0.320774
0.394966
0.639275
0.703767
0.110147
0.573764
0.499926
0.775341
0.639735
0.639005
0.115517
0.808956
0.693464
0.767251
0.740427
0.0484543
0.387703
0.713732
0.545977
0.2964
0.589966
0.391982
0.511313
0.1068
0.443082
0.399113
0.481697
0.582577
0.402882
0.487555
0.355002
0.503258
0.521721
0.402121
0.618966
0.363803
0.409354
0.294159
0.598448
0.635977
0.376889
0.0925706
0.783653
0.669149
0.218789
0.75441
0.49703
0.627827
0.412093
0.23578
0.418237
0.218775
0.711238
0.81668
0.123311
0.690956
0.191118
0.581436
0.30589
0.19706
0.740184
0.399336
0.235044
0.0858347
0.329655
0.668028
0.766006
0.549894
0.584104
0.375227
0.856806
0.284154
0.752894
0.702246
0.555527
0.415529
0.631191
0.435822
0.809623
0.444958
0.803461
0.372695
0.710464
0.298338
0.781601
0.694349
0.922975
0.313378
0.184072
0.457309
0.561977
0.594874
0.551605
0.887334
0.663543
0.151362
0.219282
0.0838504
0.161389
0.581598
0.364022
0.533897
0.415083
0.809744
0.420691
0.502854
0.348509
0.473652
0.509306
0.412188
0.643801
0.551064
0.840002
0.732397
0.197646
0.664055
0.261658
0.71234
0.683588
0.73248
0.694291
0.434074
0.575676
0.252684
0.634552
0.225306
0.375522
0.458172
0.747872
0.379543
0.546554
0.474439
0.260028
0.426961
0.795974
0.310599
0.43512
0.367028
0.856626
0.635941
0.376149
0.816844
0.80773
0.769993
0.208649
0.947147
0.235135
0.670158
0.406983
0.370914
0.66847
0.431451
0.597196
0.317433
0.744284
0.41832
0.619488
0.467694
0.431004
0.129024
0.457605
0.744943
0.413231
0.248506
0.341683
0.647173
0.869633
0.576146
0.405267
0.376313
0.890406
0.62028
0.226464
0.56186
0.166999
0.631812
0.407414
0.294636
0.348499
0.70474
0.545458
0.479339
0.595818
0.301853
0.523624
0.682544
0.376519
0.669367
0.497271
0.195718
0.429853
0.584695
0.277914
0.45087
0.593284
0.237041
0.514529
0.219339
0.318514
0.770978
0.646807
0.692254
0.216721
0.128605
0.554063
0.584133
0.359457
0.306408
0.647738
0.31908
0.323359
0.498344
0.354622
0.651982
0.603556
0.827211
0.512173
0.745113
0.532369
0.471764
0.646501
0.263472
0.726615
0.477576
0.427828
0.470211
0.348552
0.39504
0.797438
0.59641
0.602217
0.618451
0.834347
0.42749
0.398632
0.905505
0.879169
0.591477
0.510061
0.537074
0.756824
0.452315
0.795235
0.432562
0.639014
0.304403
0.214172
0.766608
0.161545
0.732489
0.362929
0.238395
0.860863
0.544018
0.145367
0.125265
0.318318
0.599022
0.460698
0.607839
0.599949
0.155578
0.422333
0.584276
0.653771
0.516853
0.635232
0.296806
0.275764
0.308722
0.445716
0.57411
0.579994
0.634889
0.339392
0.848626
0.107513
0.649449
0.299567
0.838283
0.782891
0.254756
0.45025
0.88768
0.876472
0.175476
0.694555
0.44416
0.454637
0.0776192
0.32105
0.499712
0.499619
0.194369
0.687284
0.560114
0.454582
0.588456
0.601488
0.808174
0.398929
0.223804
0.410122
0.608413
0.38302
0.437158
0.56068
0.856001
0.650686
0.693348
0.0458973
0.403216
0.552154
0.675831
0.647179
0.402176
0.399211
0.307122
0.281844
0.383055
0.338665
0.711669
0.520441
0.742466
0.519362
0.426737
0.477168
0.547167
0.902248
0.834789
0.788091
0.663702
0.512191
0.833861
0.778617
0.20507
0.754478
0.680377
0.183381
0.640982
0.618131
0.731802
0.918415
0.14873
0.66241
0.484551
0.417207
0.387163
0.132084
0.345478
0.928955
0.85673
0.371258
0.493289
0.939061
0.364031
0.404793
0.479156
0.508606
0.839776
0.130542
0.883812
0.34129
0.864508
0.514863
0.891325
0.27302
0.736954
0.508085
0.557794
0.64105
0.275284
0.595818
0.346082
0.626318
0.772081
0.476219
0.165772
0.174308
0.629243
0.802552
0.20041
0.986516
0.679548
0.254582
0.722133
0.336293
0.557057
0.401574
0.886717
0.59958
0.709009
0.893891
0.17005
0.902746
0.247325
0.469392
0.150017
0.676474
0.818316
0.585047
0.255746
0.66636
0.524639
0.683435
0.399121
0.587586
0.664052
0.677959
0.571462
0.622785
0.154931
0.189881
0.531217
0.348898
0.499048
0.394466
0.126494
0.440562
0.487504
0.532756
0.0892174
0.634282
0.586261
0.719717
0.805686
0.449366
0.5431
0.628697
0.61124
0.548293
0.738381
0.456399
0.574753
0.380947
0.157387
0.271733
0.031607
0.393833
0.592545
0.426179
0.791793
0.597116
0.289251
0.152483
0.49273
0.669066
0.729538
0.802739
0.48439
0.539174
0.603242
0.376125
0.927259
0.527956
0.746844
0.560777
0.451656
0.633157
0.43558
0.463519
0.269873
0.438802
0.394938
0.525351
0.550607
0.385253
0.753072
0.819866
0.158078
0.775143
0.38618
0.505936
0.526236
0.401792
0.714327
0.155262
0.4814
0.573417
0.485688
0.499579
0.744663
0.568166
0.442638
0.84154
0.63834
0.69174
0.493581
0.447516
0.688739
0.62106
0.619915
0.689762
0.360465
0.604182
0.72794
0.529633
0.575472
0.348366
0.511034
0.632738
0.463015
0.564919
0.117883
0.481142
0.454654
0.651167
0.527978
0.796956
0.381397
0.376627
0.516128
0.415852
0.648071
0.702143
0.443152
0.448285
0.852948
0.497511
0.840402
0.640401
0.388656
0.934799
0.861245
0.795835
0.603329
0.721316
0.653088
0.443836
0.0189721
0.0978711
0.559004
0.638346
0.396935
0.664724
0.288484
0.346909
0.608397
0.609298
0.302314
0.337483
0.8107
0.796496
0.137036
0.29546
0.84838
0.444127
0.249934
0.602406
0.590655
0.74273
0.695934
0.78227
0.585159
0.790726
0.553294
0.569999
0.450634
0.602628
0.495436
0.381757
0.849291
0.209688
0.761697
0.665124
0.172489
0.509127
0.510308
0.181889
0.741394
0.0297908
0.642325
0.725283
0.867193
0.668785
0.665735
0.597682
0.533462
0.715397
0.524414
0.374059
0.25621
0.615283
0.547097
0.550676
0.345128
0.43966
0.776969
0.627708
0.332502
0.410932
0.422976
0.498743
0.75426
0.597916
0.529406
0.219283
0.760549
0.530545
0.69077
0.800618
0.201249
0.49564
0.244481
0.624661
0.874757
0.66207
0.854286
0.399518
0.546383
0.445336
0.752896
0.274851
0.635634
0.65833
0.1427
0.810228
0.139663
0.506735
0.858949
0.438956
0.403098
0.874272
0.380237
0.394034
0.262455
0.104681
0.626595
0.262161
0.386306
0.624087
0.715967
0.405866
0.300332
0.259079
0.455317
0.443131
0.629366
0.492576
0.323083
0.298034
0.506502
0.661273
0.555154
0.0351835
0.392312
0.73514
0.67703
0.764938
0.715179
0.831242
0.430278
0.355615
0.786726
0.500768
0.521874
0.513108
0.364291
0.589976
0.480495
0.487563
0.525365
0.612398
0.634276
0.740972
0.686876
0.0814162
0.330038
0.358765
0.645177
0.639028
0.494444
0.312706
0.430562
0.578324
0.493022
0.8816
0.563089
0.493945
0.473448
0.610561
0.464499
0.806471
0.484964
0.638787
0.323924
0.793458
0.146269
0.550023
0.633114
0.521506
0.489696
0.599105
0.399834
0.710503
0.339943
0.742193
0.716067
0.572886
0.691101
0.347527
0.40063
0.557488
0.526208
0.78776
0.353785
0.689243
0.378994
0.314126
0.554363
0.332774
0.167986
0.686942
0.297947
0.21956
0.938567
0.486139
0.817552
0.465144
0.629115
0.849761
0.846293
0.564531
0.33274
0.587558
0.974422
0.49065
0.756679
0.691047
0.82114
0.532489
0.686819
0.710626
0.584535
0.396206
0.245325
0.294522
0.450964
0.354259
0.584811
0.383615
0.138177
0.364304
0.392932
0.630358
0.514442
0.591331
0.686798
0.559255
0.778895
0.653232
0.357019
0.810575
0.60632
0.67171
0.276717
0.508192
0.452532
0.347155
0.521255
0.366657
0.384475
0.287834
0.349947
0.601853
0.342169
0.710458
0.581456
0.533755
0.657559
0.390923
0.850058
0.469089
0.948316
0.880702
0.460435
0.525862
0.672596
0.516142
0.164107
0.510972
0.173747
0.634579
0.66109
0.786328
0.461897
0.172946
0.485855
0.25812
0.272351
0.461244
0.667091
0.198094
0.608684
0.534984
0.656281
0.55493
0.52137
0.677394
0.500558
0.738009
0.290789
0.66395
0.590758
0.555087
0.476395
0.818466
0.546091
0.559628
0.461799
0.501726
0.402282
0.51273
0.168512
0.0403374
0.250536
0.48884
0.529032
0.865228
0.33012
0.853641
0.602951
0.2659
0.307856
0.416718
0.387713
0.678303
0.583249
0.51085
0.41863
0.810878
0.938484
0.0739592
0.170727
0.175064
0.207964
0.509005
0.567961
0.22327
0.372536
0.671293
0.573322
0.809033
0.58904
0.281911
0.876294
0.570795
0.646254
0.39023
0.612135
0.602476
0.693804
0.207585
0.840374
0.410702
0.821058
0.708529
0.177929
0.670293
0.668504
0.345222
0.525189
0.676333
0.234577
0.544755
0.741393
0.652841
0.396356
0.358442
0.918581
0.714811
0.393048
0.706301
0.571404
0.292079
0.626621
0.609188
0.102993
0.210223
0.614428
0.62526
0.325111
0.385385
0.784119
0.406654
0.603734
0.726671
0.531637
0.866503
0.369218
0.351442
0.568523
0.395615
0.27313
0.605587
0.565261
0.892358
0.691846
0.142556
0.452831
0.568541
0.0699361
0.451649
0.47513
0.568249
0.26435
0.737788
0.190383
0.385864
0.593396
0.441715
0.10012
0.393681
0.712449
0.451267
0.439796
0.48877
0.231305
0.691118
0.895561
0.442942
0.656075
0.290068
0.617192
0.488902
0.281468
0.911713
0.377633
0.499892
0.577283
0.596019
0.585098
0.319336
0.405917
0.59605
0.584114
0.371227
0.575621
0.705831
0.787393
0.631216
0.277273
0.462035
0.160865
0.362573
0.370323
0.863895
0.439673
0.720415
0.776617
0.392478
0.183422
0.401811
0.408703
0.12216
0.384408
0.468604
0.60225
0.603878
0.323063
0.293982
0.440127
0.461429
0.220273
0.283094
0.648716
0.278834
0.466745
0.592165
0.414933
0.368477
0.315025
0.0198425
0.51547
0.396461
0.900263
0.0686923
0.567681
0.60335
0.811292
0.873976
0.50455
0.495164
0.164021
0.27109
0.544103
0.891226
0.234669
0.222231
0.466645
0.602179
0.690782
0.6471
0.431124
0.773208
0.313473
0.401659
0.354924
0.564217
0.334784
0.723174
0.549345
0.350432
0.619548
0.409004
0.346002
0.513624
0.401576
0.320812
0.36734
0.65586
0.639491
0.50509
0.387426
0.204405
0.787972
0.29511
0.397165
0.388132
0.385668
0.208629
0.531039
0.452494
0.34148
0.279907
0.430435
0.741851
0.656406
0.663796
0.411619
0.41465
0.548595
0.423894
0.474355
0.568684
0.554727
0.365968
0.73015
0.440359
0.161318
0.602069
0.247079
0.603648
0.374998
0.729986
0.601106
0.731091
0.371289
0.0869018
0.591771
0.490949
0.466886
0.485323
0.623129
0.541322
0.640895
0.1636
0.668732
0.343768
0.685969
0.882534
0.532466
0.655673
0.30074
0.673833
0.784996
0.572348
0.540409
0.695353
0.298549
0.376541
0.522852
0.472305
0.220736
0.714771
0.143028
0.502829
0.521079
0.756615
0.278983
0.280537
0.411877
0.504795
0.578187
0.735861
0.488014
0.310629
0.39341
0.422252
0.84829
0.411128
0.792841
0.47251
0.753806
0.440746
0.799577
0.424712
0.546928
0.382507
0.121125
0.466469
0.597287
0.309935
0.60998
0.470411
0.459296
0.532969
0.55187
0.393065
0.718562
0.397721
0.608655
0.683475
0.672617
0.501681
0.848413
0.297155
0.534294
0.972689
0.775649
0.73516
0.76408
0.221702
0.130073
0.727314
0.430752
0.716105
0.452849
0.752812
0.667529
0.332058
0.524674
0.0406682
0.333998
0.731036
0.260543
0.516673
0.41199
0.467506
0.501488
0.362762
0.456587
0.671344
0.374088
0.428902
0.591392
0.160351
0.493975
0.686827
0.0801574
0.22493
0.770064
0.239183
0.424865
0.588706
0.421688
0.0968308
0.733279
0.685598
0.0512777
0.511313
0.266993
0.905556
0.220726
0.598681
0.123951
0.847916
0.460006
0.315114
0.427386
0.883013
0.492111
0.0439591
0.1861
0.459456
0.688844
0.628078
0.658961
0.606131
0.377447
0.630555
0.599481
0.464776
0.598536
0.431092
0.174294
0.450648
0.271268
0.464586
0.642327
0.275529
0.952162
0.48264
0.549423
0.579056
0.479411
0.667965
0.23615
0.801063
0.27506
0.255836
0.374485
0.689334
0.432825
0.516004
0.542052
0.473907
0.449854
0.52268
0.510542
0.250765
0.566163
0.589412
0.467918
0.504493
0.655962
0.56991
0.81199
0.461169
0.470554
0.425087
0.445882
0.599506
0.762966
0.530809
0.673923
0.159957
0.429913
0.150047
0.339425
0.87823
0.287211
0.817367
0.263812
0.931368
0.450171
0.5829
0.839494
0.721273
0.521015
0.637147
0.296899
0.132269
0.390806
0.287214
0.208998
0.286031
0.443855
0.0792551
0.714653
0.578886
0.308036
0.06117
0.735081
0.423282
0.524917
0.253767
0.625691
0.126847
0.619064
0.347866
0.748525
0.729275
0.026376
0.469004
0.86851
0.378912
0.696738
0.0506495
0.569668
0.467694
0.416783
0.931021
0.555439
0.754766
0.504006
0.237859
0.240213
0.595866
0.503934
0.449687
0.457147
0.657239
0.377547
0.22134
0.4003
0.129598
0.396597
0.135737
0.587116
0.469347
0.569939
0.493118
0.670213
0.581007
0.404474
0.573156
0.345438
0.116509
0.659751
0.504599
0.396107
0.203724
0.485765
0.451292
0.581307
0.428333
0.438931
0.772677
0.61912
0.27985
0.351718
0.14105
0.433594
0.534333
0.886858
0.797118
0.627247
0.183031
0.837538
0.699562
0.80887
0.527952
0.340448
0.273599
0.449357
0.452028
0.149023
0.287686
0.856257
0.633286
0.469675
0.586778
0.650721
0.609171
0.594314
0.484742
0.298475
0.608846
0.667881
0.567767
0.789426
0.458049
0.410121
0.484815
0.478472
0.622779
0.46627
0.500381
0.39306
0.59483
0.291813
0.159048
0.481003
0.833879
0.581932
0.36055
0.315031
0.367578
0.236732
0.46826
0.688532
0.412801
0.708798
0.773251
0.329896
0.51794
0.310124
0.710289
0.63084
0.737821
0.660885
0.671347
0.327088
0.239586
0.443046
0.586426
0.487704
0.499543
0.477211
0.640713
0.462397
0.887768
0.871633
0.571312
0.604032
0.448906
0.597753
0.936001
0.626599
0.574377
0.327094
0.570685
0.376821
0.522888
0.219833
0.651451
0.590587
0.88288
0.585821
0.35133
0.373319
0.582261
0.44429
0.531094
0.686405
0.437491
0.488977
0.227639
0.539757
0.495787
0.820825
0.402737
0.383532
0.56098
0.540939
0.489118
0.360042
0.305219
0.401892
0.720111
0.119815
0.755474
0.195982
0.553255
0.32377
0.705498
0.914508
0.697533
0.74641
0.740625
0.442559
0.328086
0.562935
0.574497
0.659358
0.521486
0.44611
0.783538
0.294572
0.768873
0.516728
0.286711
0.746571
0.623472
0.484447
0.554811
0.298997
0.613228
0.483775
0.545255
0.27754
0.498516
0.652918
0.745081
0.669242
0.779096
0.421204
0.466543
0.582157
0.0537113
0.763737
0.67644
0.653614
0.909944
0.849921
0.152032
0.620857
0.471153
0.555468
0.643093
0.248262
0.0515476
0.225447
0.481402
0.660813
0.569665
0.368927
0.715656
0.363989
0.44474
0.633723
0.861546
0.335692
0.149672
0.452719
0.743428
0.556285
0.418509
0.671227
0.665741
0.698322
0.805606
0.257789
0.289061
0.427974
0.367801
0.368805
0.597386
0.375658
0.690213
0.580363
0.729958
0.313838
0.30043
0.518563
0.212671
0.935414
0.215144
0.412653
0.260805
0.35661
0.437438
0.263225
0.336562
0.573743
0.672196
0.860701
0.0315984
0.583683
0.851313
0.307311
0.606461
0.733339
0.259585
0.48873
0.655545
0.593937
0.62641
0.60951
0.37794
0.761328
0.497618
0.449398
0.82121
0.964051
0.525976
0.415642
0.226903
0.716331
0.518155
0.759297
0.243289
0.48366
0.650128
0.491561
0.282553
0.434079
0.212214
0.57911
0.686376
0.32876
0.569188
0.415388
0.625562
0.460934
0.72011
0.357764
0.796107
0.282704
0.416722
0.288443
0.485779
0.46472
0.248502
0.199986
0.47205
0.614198
0.426678
0.22426
0.473894
0.23221
0.698711
0.816615
0.51672
0.721638
0.39899
0.475041
0.5814
0.862672
0.5907
0.417049
0.295088
0.653189
0.578022
0.55495
0.183242
0.266819
0.267079
0.403222
0.638967
0.611972
0.928227
0.219594
0.777535
0.580573
0.861518
0.724446
0.730644
0.555726
0.291404
0.161096
0.696704
0.102977
0.51593
0.752538
0.700138
0.500335
0.409915
0.278105
0.524448
0.367672
0.830824
0.536574
0.670451
0.636585
0.300251
0.380137
0.952879
0.457283
0.533171
0.29666
0.985195
0.869525
0.461304
0.685624
0.31423
0.6701
0.346187
0.51609
0.352968
0.389815
0.401744
0.473027
0.521491
0.648431
0.545385
0.491271
0.642853
0.886431
0.470854
0.24441
0.652359
0.578006
0.185293
0.698783
0.565411
0.510097
0.477205
0.760835
0.410876
0.567787
0.481186
0.338955
0.473552
0.196834
0.57956
0.308961
0.701125
0.319585
0.830239
0.415328
0.517651
0.460981
0.434355
0.0582181
0.547361
0.696844
0.456445
0.709385
0.389289
0.767083
0.584155
0.367929
0.59495
0.301964
0.163697
0.509914
0.387991
0.590002
0.571452
0.403766
0.426502
0.171556
0.181395
0.456392
0.545336
0.272645
0.762176
0.422898
0.427557
0.698977
0.586958
0.35575
0.540819
0.790664
0.363301
0.587223
0.43621
0.393545
0.289615
0.331906
0.643828
0.533526
0.618917
0.664045
0.91104
0.0858004
0.55985
0.667438
0.416131
0.211302
0.16914
0.473584
0.35174
0.188178
0.588878
0.196766
0.909224
0.496575
0.0562486
0.442678
0.706787
0.620481
0.562526
0.610228
0.590937
0.510822
0.3624
0.62407
0.502567
0.509524
0.733887
0.528416
0.235652
0.764659
0.463322
0.54064
0.428293
0.272321
0.479136
0.70615
0.512534
0.661312
0.382342
0.713969
0.611126
0.192189
0.320872
0.225468
0.506117
0.672708
0.229135
0.736597
0.815842
0.0971538
0.403365
0.537007
0.403657
0.297529
0.707566
0.247363
0.803439
0.750018
0.404078
0.709142
0.583592
0.410645
0.676988
0.169194
0.583061
0.559482
0.365851
0.244266
0.839509
0.61326
0.751398
0.56872
0.291599
0.721677
0.934111
0.321584
0.473983
0.693183
0.420799
0.497091
0.435358
0.401499
0.483481
0.325798
0.496659
0.804564
0.679152
0.671369
0.728153
0.563109
0.118176
0.521052
0.660965
0.476501
0.143308
0.855873
0.760226
0.558981
0.53055
0.229516
0.573817
0.559877
0.647263
0.802847
0.732338
0.0868661
0.202174
0.873986
0.6127
0.221794
0.796148
0.111832
0.489428
0.624057
0.931811
0.743872
0.384492
0.597006
0.464299
0.867117
0.588204
0.448315
0.674685
0.343947
0.960422
0.705696
0.721795
0.412629
0.63305
0.354851
0.177386
0.185237
0.621511
0.746989
0.173846
0.623668
0.61461
0.678717
0.392823
0.377429
0.848903
0.37758
0.197387
0.534825
0.48544
0.732002
0.659563
0.882155
0.793425
0.584831
0.559271
0.683486
0.207092
0.765186
0.629965
0.286555
0.45879
0.263737
0.400427
0.52829
0.50301
0.562055
0.431458
0.456467
0.332782
0.607118
0.570356
0.301902
0.551611
0.277518
0.545353
0.428638
0.700823
0.41842
0.296353
0.157494
0.353924
0.627734
0.387561
0.401319
0.376283
0.456501
0.671808
0.468307
0.510171
0.541898
0.575579
0.682626
0.581918
0.421772
0.947987
0.139655
0.639651
0.38508
0.36615
0.456038
0.716803
0.193066
0.613646
0.292759
0.678314
0.861479
0.747933
0.222412
0.243136
0.424625
0.246862
0.679784
0.288398
0.207474
0.673588
0.777882
0.427296
0.612561
0.623462
0.689448
0.614492
0.283843
0.415637
0.587027
0.669518
0.740176
0.566412
0.802587
0.62042
0.176529
0.0304826
0.910672
0.15657
0.611517
0.520555
0.357042
0.741308
0.415326
0.414948
0.547707
0.571802
0.482536
0.337055
0.481251
0.585204
0.419857
0.439733
0.550293
0.59694
0.599231
0.751944
0.555912
0.418643
0.782228
0.644138
0.271831
0.440009
0.252152
0.543132
0.063105
0.67052
0.495716
0.476447
0.607072
0.123751
0.456628
0.850254
0.682229
0.688645
0.738892
0.564346
0.783737
0.268911
0.868112
0.641739
0.492153
0.483361
0.324525
0.499731
0.565031
0.106782
0.542
0.313472
0.638933
0.6926
0.422664
0.622312
0.222414
0.455364
0.647316
0.403417
0.328484
0.502746
0.66726
0.786357
0.638017
0.393523
0.243619
0.406588
0.503579
0.259681
0.255716
0.0949776
0.396066
0.367527
0.730528
0.674732
0.564551
0.504403
0.650722
0.586307
0.222701
0.464324
0.579222
0.385105
0.493064
0.667563
0.493763
0.855968
0.633551
0.585948
0.4553
0.562718
0.738341
0.65733
0.339678
0.600188
0.648457
0.759422
0.342374
0.640422
0.725217
0.074923
0.321633
0.563945
0.9327
0.816531
0.775769
0.541206
0.343396
0.292223
0.855885
0.378523
0.72412
0.677845
0.795706
0.767096
0.777276
0.625805
0.49573
0.272837
0.405504
0.475369
0.729338
0.479014
0.0357336
0.841788
0.543979
0.642921
0.581606
0.248184
0.411027
0.55198
0.541231
0.72587
0.533366
0.463942
0.520183
0.445465
0.45022
0.590031
0.637624
0.45292
0.684245
0.529117
0.31642
0.471248
0.656313
0.885231
0.876049
0.490512
0.44896
0.499911
0.640121
0.505316
0.729866
0.305153
0.438253
0.770763
0.252258
0.75189
0.425033
0.334588
0.829563
0.0931957
0.556766
0.364858
0.537125
0.500599
0.859688
0.429377
0.624263
0.566119
0.291254
0.39464
0.225409
0.691853
0.539134
0.498899
0.439546
0.693173
0.520465
0.415631
0.202624
0.640795
0.636926
0.760403
0.608111
0.541197
0.509118
0.505864
0.93629
0.404121
0.456759
0.656299
0.633406
0.57005
0.909118
0.294903
0.337198
0.369826
0.223115
0.253661
0.775869
0.262768
0.554477
0.667419
0.472967
0.548856
0.470294
0.560476
0.67115
0.574809
0.409307
0.37571
0.243273
0.553041
0.389215
0.493017
0.589686
0.686765
0.528264
0.295518
0.626123
0.74368
0.991351
0.228716
0.947015
0.544917
0.388824
0.559547
0.604543
0.535158
0.94918
0.678905
0.674194
0.674005
0.45475
0.303032
0.383075
0.337966
0.472523
0.315808
0.557699
0.246588
0.330144
0.755742
0.503424
0.6255
0.580149
0.588159
0.158187
0.393378
0.363446
0.414804
0.46867
0.609012
0.626013
0.659813
0.917479
0.238911
0.0607638
0.0326984
0.485385
0.505096
0.439512
0.705733
0.563169
0.64693
0.667895
0.154828
0.433053
0.380074
0.439132
0.499722
0.420194
0.65987
0.780433
0.441014
0.170156
0.555662
0.578849
0.528286
0.738781
0.616802
0.841324
0.505306
0.786309
0.56029
0.486682
0.364981
0.64811
0.434223
0.385244
0.508478
0.409808
0.610454
0.654746
0.539648
0.845097
0.53406
0.389185
0.737582
0.679982
0.106468
0.0402068
0.636887
0.627654
0.403268
0.588608
0.906942
0.493706
0.626999
0.436487
0.358157
0.881804
0.269391
0.618559
0.414951
0.635469
0.406755
0.474121
0.281874
0.132033
0.376472
0.839099
0.291062
0.900347
0.2817
0.610617
0.555877
0.764247
0.345674
0.704444
0.0673359
0.31929
0.586178
0.46871
0.756654
0.530713
0.60499
0.535177
0.808922
0.59606
0.486312
0.382382
0.649679
0.446356
0.372431
0.552911
0.537853
0.365229
0.234061
0.510013
0.585253
0.185788
0.177044
0.036782
0.784526
0.380588
0.326302
0.37405
0.264214
0.590445
0.402152
0.461139
0.501239
0.243354
0.553319
0.68657
0.107904
0.895211
0.835187
0.47381
0.572171
0.279546
0.421072
0.820094
0.466745
0.783889
0.708487
0.574326
0.654161
0.675909
0.43162
0.283054
0.401829
0.382914
0.715437
0.351458
0.582689
0.483752
0.206069
0.559262
0.773865
0.30267
0.486325
0.639471
0.577398
0.100087
0.434433
0.670773
0.373888
0.835788
0.508291
0.452442
0.48157
0.335432
0.636763
0.823515
0.330082
0.921805
0.473741
0.556034
0.769898
0.177667
0.719942
0.495048
0.525106
0.48755
0.541606
0.536099
0.558955
0.3613
0.314499
0.323846
0.758289
0.772645
0.495816
0.723472
0.354714
0.351537
0.375837
0.659464
0.387075
0.749479
0.285364
0.334356
0.271509
0.352516
0.53423
0.632966
0.682095
0.247049
0.43034
0.685644
0.456807
0.449087
0.177983
0.606999
0.630228
0.388027
0.778305
0.844577
0.456162
0.491517
0.754118
0.864873
0.420045
0.448435
0.595382
0.572098
0.752732
0.832478
0.770961
0.898031
0.843993
0.749308
0.476439
0.919285
0.215732
0.52572
0.487017
0.651289
0.851706
0.689704
0.558739
0.336232
0.692194
0.0957806
0.770487
0.0852079
0.488817
0.530459
0.523431
0.152759
0.476419
0.48811
0.613825
0.41498
0.455633
0.538039
0.369259
0.790323
0.391481
0.309002
0.287698
0.385207
0.520071
0.597879
0.442863
0.564504
0.717176
0.464687
0.118716
0.439941
0.519205
0.406581
0.210042
0.437441
0.698773
0.308973
0.375328
0.147361
0.183822
0.35234
0.252369
0.579599
0.870954
0.408804
0.246241
0.238467
0.520341
0.19298
0.473509
0.600231
0.43132
0.537118
0.395743
0.61916
0.484488
0.640974
0.499644
0.30592
0.397821
0.50237
0.580309
0.715089
0.681088
0.464817
0.758352
0.346571
0.284507
0.424101
0.310859
0.50863
0.324361
0.716137
0.220334
0.108233
0.529958
0.563931
0.545043
0.62739
0.193085
0.191906
0.288358
0.712111
0.41278
0.321341
0.393937
0.343586
0.315011
0.741143
0.317792
0.479169
0.188529
0.503628
0.327509
0.843699
0.114902
0.525466
0.253107
0.719675
0.682456
0.479407
0.363248
0.627761
0.760563
0.842881
0.864717
0.707071
0.572426
0.325027
0.222317
0.397653
0.441254
0.624176
0.570543
0.695551
0.596407
0.573287
0.937614
0.293805
0.812844
0.211299
0.826663
0.340711
0.41889
0.173823
0.898107
0.339639
0.84409
0.0270932
0.571428
0.882649
0.390617
0.274531
0.813828
0.453169
0.798415
0.245766
0.707426
0.450894
0.436003
0.433424
0.585897
0.385106
0.585556
0.573459
0.105658
0.850533
0.302611
0.370269
0.565943
0.442852
0.717467
0.748312
0.116304
0.688921
0.907064
0.867406
0.689316
0.359762
0.602835
0.36937
0.570465
0.702331
0.511769
0.429105
0.46644
0.669035
0.414603
0.663737
0.257233
0.641943
0.466827
0.308845
0.316708
0.441633
0.26486
0.801328
0.360491
0.578522
0.751503
0.513887
0.72927
0.247576
0.421484
0.366603
0.339797
0.485181
0.549627
0.39652
0.235111
0.200007
0.300902
0.596666
0.739735
0.457591
0.593317
0.441348
0.174773
0.441395
0.471358
0.49509
0.412114
0.931019
0.509373
0.357998
0.746113
0.431249
0.401038
0.430849
0.635375
0.753566
0.402742
0.588626
0.816465
0.394725
0.685462
0.331738
0.615598
0.474981
0.411415
0.339587
0.483578
0.291491
0.488483
0.581645
0.35347
0.710426
0.467137
0.746656
0.369711
0.664238
0.431297
0.731058
0.361595
0.438571
0.496296
0.783168
0.633255
0.726197
0.163812
0.630179
0.216528
0.593385
0.295379
0.520444
0.182263
0.54705
0.85278
0.594019
0.42989
0.309004
0.315364
0.849902
0.574254
0.696603
0.821041
0.208855
0.622959
0.177053
0.589416
0.776201
0.586678
0.205597
0.572269
0.389412
0.489097
0.375792
0.538275
0.890811
0.442402
0.703034
0.435595
0.796159
0.528396
0.0304668
0.387701
0.135372
0.674609
0.58939
0.564469
0.722084
0.538918
0.664226
0.932357
0.464232
0.615471
0.605094
0.52415
0.558328
0.348894
0.599003
0.380499
0.515521
0.492976
0.653643
0.2022
0.448052
0.774277
0.665714
0.513858
0.400151
0.620286
0.238731
0.276338
0.237907
0.286
0.583161
0.897073
0.718105
0.162002
0.374772
0.474057
0.836492
0.871335
0.365008
0.371067
0.411405
0.961701
0.330177
0.858346
0.589167
0.573709
0.614218
0.564734
0.563114
0.415135
0.562779
0.373931
0.778598
0.195372
0.564299
0.159305
0.251768
0.373454
0.706765
0.888371
0.360411
0.647277
0.72677
0.639782
0.570594
0.560838
0.4705
0.462412
0.543324
0.43055
0.504189
0.767801
0.420904
0.490899
0.304616
0.583964
0.823143
0.733929
0.628138
0.510309
0.189034
0.866254
0.199736
0.600068
0.579989
0.631546
0.281536
0.65843
0.416198
0.445608
0.473211
0.581245
0.348124
0.365424
0.764649
0.370883
0.570642
0.362753
0.404253
0.35259
0.367773
0.697066
0.564179
0.376342
0.531464
0.881849
0.576823
0.425986
0.528291
0.81251
0.684801
0.569105
0.393482
0.573345
0.789663
0.567824
0.312073
0.265229
0.602531
0.732449
0.702523
0.894946
0.892839
0.236582
0.34856
0.441243
0.199292
0.624042
0.230498
0.661971
0.910174
0.12467
0.687741
0.530828
0.538055
0.657797
0.399661
0.891502
0.306947
0.538883
0.402499
0.491187
0.337933
0.916533
0.465402
0.504675
0.262223
0.353859
0.6292
0.484466
0.508605
0.729817
0.566963
0.371511
0.805204
0.772912
0.155881
0.775485
0.60343
0.551375
0.755449
0.182642
0.67497
0.130606
0.167428
0.573564
0.550653
0.870436
0.608512
0.132328
0.762974
0.471456
0.757105
0.302811
0.522045
0.391379
0.541074
0.397115
0.497686
0.639131
0.813821
0.785254
0.298383
0.716079
0.421476
0.394532
0.530745
0.610523
0.894498
0.821191
0.491126
0.263301
0.602416
0.306188
0.583999
0.809067
0.69093
0.151131
0.479663
0.159537
0.476062
0.349651
0.316817
0.631687
0.70049
0.2837
0.423522
0.335651
0.662707
0.783475
0.573025
0.423733
0.210075
0.673894
0.208892
0.56371
0.442346
0.629768
0.866871
0.636298
0.202661
0.736039
0.188863
0.168376
0.538544
0.598649
0.467369
0.400283
0.295831
0.675855
0.576722
0.647231
0.363981
0.199
0.440408
0.751575
0.32167
0.125978
0.351721
0.934418
0.837032
0.519859
0.508005
0.241738
0.657389
0.569327
0.536654
0.541959
0.378778
0.666852
0.584063
0.168565
0.416053
0.534686
0.706645
0.313144
0.199801
0.338024
0.846028
0.660884
0.606796
0.548881
0.588509
0.522347
0.48616
0.523448
0.701797
0.851986
0.373895
0.829921
0.610065
0.555657
0.5939
0.312998
0.511281
0.376048
0.424066
0.205483
0.258776
0.406692
0.861494
0.796635
0.421963
0.921937
0.251384
0.241111
0.609085
0.721976
0.649567
0.541614
0.17786
0.57875
0.269167
0.562509
0.377834
0.630251
0.7173
0.13096
0.261242
0.70749
0.458234
0.356299
0.367133
0.590096
0.544871
0.2476
0.22649
0.57323
0.640884
0.533623
0.654048
0.490238
0.711326
0.288528
0.0854668
0.472155
0.489986
0.540963
0.886502
0.736918
0.437231
0.49337
0.603779
0.58785
0.382555
0.302545
0.54474
0.562694
0.901509
0.571731
0.867303
0.811213
0.207179
0.278721
0.527756
0.291058
0.94181
0.313693
0.478346
0.758366
0.734685
0.624682
0.424036
0.291232
0.247806
0.667849
0.740822
0.720936
0.661405
0.433898
0.826014
0.357531
0.656783
0.271233
0.193822
0.283087
0.434433
0.550641
0.547589
0.747656
0.660896
0.915535
0.352937
0.339674
0.46823
0.435979
0.60411
0.614304
0.73548
0.433967
0.518731
0.249894
0.361973
0.571614
0.314174
0.564457
0.597765
0.493164
0.51172
0.860815
0.226996
0.385929
0.38263
0.580735
0.505406
0.274478
0.693241
0.635145
0.733732
0.686638
0.32416
0.539185
0.204162
0.529066
0.131591
0.61763
0.487495
0.584392
0.586813
0.557876
0.634135
0.49112
0.272792
0.47445
0.342504
0.391733
0.734858
0.41069
0.503925
0.633631
0.475386
0.339984
0.263516
0.481765
0.550346
0.240658
0.342076
0.75106
0.2686
0.705326
0.344434
0.590912
0.412742
0.307246
0.135195
0.853284
0.193294
0.582924
0.593277
0.550147
0.316014
0.501945
0.662118
0.355198
0.585033
0.181717
0.592883
0.429063
0.382543
0.866544
0.63349
0.546346
0.158678
0.827144
0.646718
0.577159
0.233239
0.348471
0.746149
0.324955
0.253866
0.360401
0.0191646
0.546716
0.573226
0.527562
0.261666
0.180756
0.100757
0.751323
0.379677
0.881646
0.852488
0.548647
0.718448
0.410944
0.465409
0.159263
0.560156
0.756674
0.360832
0.494313
0.386744
0.553683
0.534179
0.676341
0.234943
0.451247
0.616558
0.43224
0.575957
0.523507
0.396506
0.487449
0.632788
0.642526
0.908202
0.87146
0.40362
0.433
0.485458
0.681366
0.390179
0.501848
0.348733
0.361934
0.13542
0.585137
0.335418
0.947389
0.655404
0.579031
0.801573
0.471815
0.705642
0.620642
0.516289
0.391817
0.552719
0.458898
0.53782
0.876764
0.527405
0.804767
0.603575
0.708702
0.616
0.674382
0.484049
0.29571
0.70207
0.437833
0.543741
0.439205
0.301248
0.360614
0.420059
0.507417
0.237195
0.873938
0.774201
0.553969
0.687335
0.634337
0.485951
0.182237
0.382405
0.63219
0.457321
0.592847
0.474348
0.68305
0.357905
0.763422
0.692559
0.584841
0.687818
0.596389
0.388922
0.548234
0.452033
0.632374
0.427593
0.206707
0.532912
0.563451
0.605925
0.587049
0.515687
0.292204
0.898394
0.870235
0.264626
0.669299
0.795883
0.0968739
0.465584
0.303977
0.368111
0.670605
0.643593
0.978586
0.407505
0.0870613
0.332144
0.210017
0.618245
0.265235
0.613755
0.387581
0.294695
0.682284
0.669396
0.678649
0.78892
0.712062
0.267326
0.530016
0.797416
0.641848
0.789836
0.60475
0.602695
0.790983
0.439391
0.380935
0.385795
0.47935
0.683613
0.900488
0.581294
0.29282
0.291522
0.292915
0.476829
0.667049
0.481421
0.710615
0.364638
0.760191
0.743781
0.199032
0.533073
0.90933
0.320453
0.286706
0.741533
0.664662
0.614485
0.716957
0.552691
0.469637
0.472823
0.254698
0.50142
0.504552
0.827112
0.38854
0.560231
0.535241
0.595801
0.510123
0.216534
0.307767
0.543721
0.289279
0.707517
0.604235
0.463259
0.475396
0.56386
0.524039
0.584259
0.742025
0.594018
0.879113
0.537686
0.453539
0.796258
0.790942
0.491133
0.86932
0.416073
0.651319
0.242154
0.812722
0.472138
0.558067
0.598418
0.718728
0.554351
0.161135
0.791622
0.735978
0.553051
0.553722
0.465085
0.695536
0.708919
0.917289
0.44292
0.770491
0.478571
0.578538
0.531609
0.537214
0.191292
0.460656
0.522834
0.910808
0.327857
0.110353
0.359345
0.0639861
0.482837
0.556418
0.593619
0.950373
0.677251
0.204755
0.312048
0.439904
0.168916
0.799076
0.115355
0.335736
0.263298
0.675645
0.538896
0.178799
0.85813
0.114674
0.464495
0.257831
0.0605651
0.540217
0.618408
0.62947
0.196049
0.644608
0.667993
0.21468
0.383626
0.712703
0.222627
0.67451
0.582799
0.495419
0.212383
0.279922
0.122591
0.431285
0.160939
0.377115
0.203878
0.838909
0.787182
0.811511
0.721558
0.402529
0.662904
0.810277
0.483587
0.346986
0.321996
0.334986
0.509361
0.647723
0.259479
0.802722
0.570436
0.445594
0.676703
0.335675
0.491982
0.535503
0.622004
0.335969
0.463911
0.372118
0.844082
0.694202
0.716013
0.485117
0.218325
0.826885
0.891971
0.520621
0.524278
0.499689
0.312536
0.324738
0.145433
0.530125
0.548657
0.559303
0.430458
0.475015
0.8308
0.789164
0.497989
0.794804
0.801177
0.304551
0.685046
0.248509
0.471064
0.141308
0.632116
0.909802
0.475856
0.83596
0.165918
0.206453
0.32599
0.40184
0.683827
0.272066
0.332311
0.836686
0.661906
0.160776
0.73995
0.671355
0.201465
0.612281
0.335236
0.643524
0.697021
0.566303
0.395634
0.0294468
0.751538
0.512295
0.333175
0.491076
0.88274
0.521938
0.237321
0.495065
0.357314
0.44866
0.253643
0.434385
0.657749
0.790168
0.340206
0.532521
0.629548
0.596678
0.423985
0.934409
0.27451
0.569241
0.33513
0.587525
0.448739
0.629315
0.127343
0.590717
0.392036
0.252407
0.498125
0.137631
0.558257
0.745366
0.503102
0.505769
0.134229
0.408602
0.11411
0.241452
0.927748
0.161241
0.901196
0.265172
0.473185
0.218933
0.224147
0.0710429
0.24617
0.800752
0.799647
0.518272
0.796809
0.603355
0.365607
0.911798
0.403844
0.417267
0.394708
0.643459
0.520147
0.271903
0.414636
0.614263
0.822899
0.382622
0.47299
0.482576
0.599781
0.434868
0.140286
0.482226
0.995468
0.377142
0.174952
0.628784
0.310683
0.906272
0.579701
0.581455
0.589041
0.215178
0.259111
0.752271
0.144892
0.335041
0.34371
0.453471
0.478313
0.540499
0.476371
0.448181
0.691395
0.298226
0.462224
0.718728
0.562933
0.625945
0.663833
0.591134
0.356579
0.490674
0.878799
0.553563
0.230513
0.511697
0.667453
0.680707
0.284639
0.745492
0.703746
0.52531
0.824275
0.216544
0.202943
0.662268
0.337311
0.619714
0.335159
0.769937
0.474713
0.756531
0.264276
0.207515
0.492305
0.779516
0.557238
0.496586
0.15464
0.705343
0.189172
0.439113
0.519815
0.419373
0.225287
0.303405
0.317005
0.530823
0.49094
0.583801
0.29648
0.449525
0.646746
0.789015
0.474843
0.441983
0.56606
0.53833
0.116172
0.686126
0.267655
0.444021
0.582745
0.980887
0.386861
0.332631
0.856982
0.778459
0.773906
0.806923
0.579204
0.593784
0.288693
0.474563
0.363786
0.607578
0.216666
0.368802
0.449243
0.415865
0.460948
0.160636
0.905764
0.390774
0.771344
0.711168
0.166667
0.504016
0.751316
0.337073
0.568234
0.726211
0.739481
0.861333
0.375331
0.751943
0.392653
0.595587
0.438204
0.312133
0.402935
0.349687
0.668808
0.722051
0.761821
0.388253
0.442986
0.575003
0.83973
0.453254
0.3278
0.628438
0.279896
0.545842
0.701264
0.440954
0.810957
0.609906
0.374712
0.205393
0.563105
0.0840071
0.246
0.484924
0.32809
0.987604
0.804716
0.695764
0.433864
0.281671
0.47852
0.691852
0.510101
0.693039
0.852725
0.693575
0.401312
0.516018
0.213198
0.564307
0.339741
0.104059
0.655612
0.0752691
0.720687
0.33845
0.672073
0.310938
0.42837
0.310248
0.169083
0.753941
0.640945
0.775879
0.288808
0.850091
0.8987
0.146033
0.698553
0.490952
0.449984
0.341741
0.681336
0.363008
0.494844
0.800692
0.403415
0.499289
0.426849
0.741104
0.152591
0.130943
0.0290233
0.489655
0.634075
0.573046
0.810294
0.754234
0.578689
0.390598
0.274327
0.671439
0.461119
0.477405
0.393079
0.283016
0.543931
0.442249
0.41289
0.79463
0.256002
0.333489
0.351372
0.544575
0.582015
0.244917
0.648862
0.559259
0.682617
0.732462
0.918633
0.396506
0.382813
0.232992
0.595556
0.176961
0.459136
0.813256
0.513362
0.77806
0.324111
0.588654
0.0461279
0.114291
0.749483
0.538294
0.430067
0.751671
0.687665
0.70449
0.237189
0.303561
0.543823
0.90158
0.702852
0.62921
0.418968
0.570661
0.714705
0.805589
0.387443
0.803551
0.250979
0.66732
0.790084
0.321018
0.411569
0.408725
0.31739
0.827034
0.415794
0.316223
0.824936
0.672512
0.54622
0.648532
0.866257
0.148721
0.498377
0.506365
0.346426
0.492305
0.451676
0.232491
0.492468
0.820499
0.407307
0.457289
0.50475
0.226932
0.444366
0.854121
0.796469
0.655039
0.525909
0.493079
0.646287
0.427902
0.342137
0.380865
0.382172
0.450002
0.408351
0.348796
0.382448
0.608109
0.240794
0.400144
0.723038
0.285252
0.913982
0.452232
0.217842
0.663429
0.158568
0.607928
0.892177
0.627429
0.889274
0.6654
0.59715
0.593875
0.15788
0.524219
0.0158361
0.476282
0.506745
0.470102
0.23007
0.258692
0.0537707
0.0198135
0.80965
0.287116
0.370241
0.581973
0.553717
0.899761
0.318374
0.638711
0.557031
0.903744
0.495952
0.477361
0.691849
0.667683
0.290819
0.700564
0.389071
0.736309
0.778532
0.317426
0.270288
0.884934
0.301913
0.667523
0.225336
0.418352
0.551703
0.753834
0.447929
0.780445
0.323012
0.759861
0.73492
0.677507
0.352716
0.60041
0.522687
0.430001
0.748417
0.804762
0.17714
0.654193
0.500049
0.355139
0.47178
0.63682
0.420707
0.302625
0.481244
0.402675
0.593703
0.556885
0.285708
0.486695
0.508357
0.695284
0.424509
0.30888
0.547488
0.461193
0.455311
0.312069
0.845027
0.8205
0.768099
0.159329
0.262665
0.519571
0.471274
0.799427
0.3399
0.537111
0.710065
0.595576
0.55232
0.1466
0.195466
0.474366
0.568437
0.505207
0.514861
0.688506
0.425841
0.759272
0.463471
0.298727
0.152925
0.605718
0.178739
0.366899
0.342888
0.572912
0.277701
0.614169
0.542203
0.48377
0.49042
0.434599
0.546207
0.638072
0.950458
0.666543
0.299919
0.200206
0.346395
0.410695
0.582689
0.602763
0.556324
0.445464
0.510724
0.475626
0.180245
0.927069
0.622028
0.184409
0.55325
0.57343
0.413744
0.511341
0.365342
0.417691
0.682364
0.335883
0.431721
0.478889
0.372737
0.871599
0.450324
0.33404
0.372284
0.090023
0.251377
0.587605
0.792281
0.411471
0.586701
0.621021
0.258555
0.566979
0.924452
0.766722
0.589396
0.734759
0.507978
0.187757
0.468966
0.628781
0.105421
0.755877
0.829948
0.166318
0.419666
0.607628
0.639648
0.6655
0.546221
0.319758
0.639233
0.223148
0.659555
0.28193
0.316256
0.497373
0.276421
0.856462
0.496096
0.568647
0.487629
0.801538
0.418382
0.377272
0.467724
0.19605
0.519983
0.434388
0.364991
0.24094
0.376573
0.577887
0.342161
0.323656
0.860274
0.493805
0.581181
0.619015
0.551336
0.548005
0.983371
0.261531
0.297295
0.672156
0.589254
0.760939
0.543498
0.622254
0.410326
0.844402
0.164374
0.87714
0.907995
0.295586
0.505294
0.768685
0.772883
0.62251
0.700311
0.634543
0.450657
0.522804
0.561574
0.358577
0.528538
0.626715
0.441652
0.613292
0.639574
0.384938
0.45048
0.442829
0.45976
0.230037
0.764122
0.524282
0.66605
0.776979
0.492985
0.0193237
0.891266
0.839996
0.682616
0.377361
0.754881
0.429704
0.50067
0.775625
0.466634
0.656155
0.519098
0.580849
0.292886
0.600194
0.231098
0.291402
0.343607
0.727208
0.547802
0.367949
0.180841
0.804103
0.500181
0.184939
0.167484
0.542016
0.727098
0.534449
0.268159
0.824044
0.560895
0.68811
0.181949
0.88894
0.627409
0.472074
0.729722
0.728476
0.857734
0.634203
0.336739
0.717876
0.164545
0.481865
0.744221
0.135462
0.266268
0.342954
0.251503
0.239335
0.747826
0.351967
0.333384
0.455681
0.927187
0.887177
0.395244
0.494969
0.452388
0.68419
0.221472
0.349054
0.284197
0.225354
0.340711
0.133901
0.32502
0.453734
0.574409
0.629374
0.435153
0.68458
0.453111
0.629246
0.432931
0.286431
0.477927
0.85131
0.405798
0.278211
0.372533
0.669189
0.264805
0.437903
0.514102
0.314155
0.455483
0.342608
0.649438
0.456999
0.593535
0.458989
0.295652
0.216699
0.524248
0.477356
0.392606
0.654356
0.409989
0.531836
0.317373
0.1976
0.43063
0.273312
0.288907
0.702358
0.537207
0.461012
0.484087
0.495628
0.429585
0.812877
0.854275
0.754595
0.534388
0.804025
0.174486
0.964158
0.739887
0.426863
0.275255
0.456655
0.500048
0.125626
0.200229
0.674284
0.650384
0.692315
0.700504
0.806442
0.383723
0.360257
0.519687
0.340932
0.314496
0.155689
0.34162
0.329677
0.91559
0.267038
0.565699
0.806345
0.342304
0.765735
0.242664
0.804961
0.263387
0.461654
0.546711
0.815323
0.29964
0.500481
0.577766
0.772777
0.525999
0.509519
0.580688
0.816573
0.723516
0.672678
0.336183
0.562797
0.17309
0.564597
0.521155
0.524566
0.263302
0.398085
0.254176
0.0738779
0.540156
0.538254
0.834764
0.47627
0.557
0.71098
0.853092
0.541115
0.488374
0.282509
0.389734
0.317122
0.452005
0.811255
0.443025
0.524337
0.338616
0.272072
0.51457
0.550629
0.179722
0.427477
0.451423
0.852402
0.689012
0.269528
0.686408
0.485962
0.593419
0.780297
0.936026
0.757692
0.225434
0.458056
0.708383
0.617934
0.578683
0.63057
0.641501
0.435153
0.134271
0.526048
0.235383
0.173712
0.745857
0.396573
0.459154
0.260284
0.726877
0.188015
0.507561
0.560662
0.513842
0.32468
0.649098
0.400428
0.38506
0.126135
0.650994
0.949685
0.694627
0.697891
0.68424
0.0537499
0.436999
0.836843
0.404851
0.228436
0.187921
0.566567
0.075473
0.550281
0.572946
0.866817
0.634453
0.558778
0.395278
0.485764
0.537444
0.549392
0.410103
0.422747
0.489587
0.772871
0.463072
0.24353
0.354274
0.0680754
0.816047
0.339256
0.567478
0.342251
0.463708
0.564545
0.304601
0.574424
0.600068
0.389353
0.43975
0.654285
0.624435
0.77348
0.505328
0.380658
0.681805
0.421787
0.902798
0.330377
0.213152
0.402441
0.0334436
0.570094
0.846555
0.309684
0.81091
0.820289
0.190557
0.726889
0.185297
0.692424
0.196622
0.694834
0.85153
0.506969
0.238043
0.714394
0.732698
0.461675
0.408091
0.512014
0.622041
0.556247
0.770693
0.370611
0.535215
0.191242
0.402387
0.277705
0.36743
0.245781
0.544755
0.466845
0.368055
0.200338
0.542021
0.627599
0.738215
0.507622
0.468983
0.633583
0.324893
0.42627
0.459863
0.587254
0.428023
0.418785
0.229205
0.80437
0.65502
0.476894
0.631345
0.560281
0.550162
0.374184
0.3355
0.494398
0.894207
0.857631
0.298959
0.518431
0.612605
0.176322
0.701352
0.898189
0.648629
0.107419
0.358418
0.377967
0.950714
0.276101
0.864175
0.790748
0.391255
0.0779751
0.315871
0.546689
0.477122
0.399129
0.456551
0.216552
0.630051
0.590745
0.425533
0.125984
0.608118
0.791902
0.537596
0.450757
0.307394
0.70591
0.617105
0.252286
0.225922
0.822237
0.393792
0.717
0.790056
0.837831
0.822378
0.562309
0.536229
0.668318
0.418686
0.646169
0.809145
0.451308
0.810366
0.266444
0.680383
0.330753
0.680816
0.960503
0.209363
0.573011
0.140368
0.314672
0.461575
0.201993
0.289249
0.367428
0.366979
0.852491
0.842327
0.639396
0.544417
0.427506
0.166098
0.647466
0.635861
0.407109
0.433848
0.459537
0.487294
0.793074
0.835396
0.420624
0.680978
0.185286
0.383276
0.130299
0.466845
0.872579
0.337709
0.075619
0.558708
0.582437
0.628177
0.522954
0.553956
0.170677
0.879847
0.346318
0.403367
0.54396
0.25863
0.419032
0.400653
0.494704
0.82906
0.519776
0.579298
0.389667
0.47468
0.403293
0.197245
0.790221
0.661101
0.260235
0.657924
0.594024
0.427335
0.739855
0.759119
0.674543
0.471506
0.53347
0.579114
0.756574
0.552486
0.215844
0.102533
0.402649
0.159492
0.615844
0.856264
0.49692
0.507125
0.436957
0.368816
0.499837
0.393836
0.672465
0.684443
0.508653
0.317226
0.0592986
0.456315
0.795508
0.470108
0.388802
0.310998
0.506574
0.346676
0.441872
0.21949
0.592435
0.668639
0.140143
0.527979
0.80162
0.696621
0.704105
0.0945231
0.205921
0.222596
0.683278
0.645768
0.737833
0.644615
0.67277
0.510811
0.607192
0.505537
0.354762
0.307288
0.72578
0.732932
0.702696
0.447724
0.405421
0.547831
0.760153
0.502155
0.60677
0.615423
0.355622
0.496004
0.402746
0.491299
0.438591
0.140161
0.582269
0.272297
0.421593
0.283177
0.456666
0.0914719
0.48709
0.543463
0.442866
0.702194
0.267247
0.622351
0.884175
0.376827
0.628925
0.716834
0.331179
0.700931
0.49539
0.243779
0.64203
0.574382
0.210485
0.25538
0.773071
0.336286
0.400224
0.468566
0.517512
0.411021
0.610968
0.249079
0.21155
0.728212
0.702601
0.683879
0.564062
0.39993
0.549291
0.543512
0.277732
0.243837
0.549687
0.479054
0.516159
0.721513
0.772594
0.216185
0.53324
0.216636
0.263396
0.301965
0.417831
0.308166
0.110712
0.62779
0.418407
0.299156
0.321991
0.495031
0.699155
0.742282
0.380982
0.407798
0.640673
0.558646
0.559201
0.570235
0.435135
0.576869
0.627779
0.233754
0.237538
0.424996
0.565255
0.582535
0.521329
0.688141
0.681129
0.263644
0.548454
0.600338
0.774181
0.461035
0.500592
0.769475
0.5188
0.580717
0.33002
0.539694
0.721776
0.157299
0.775328
0.576096
0.416232
0.510129
0.748871
0.112046
0.45859
0.470173
0.439604
0.529872
0.36868
0.666793
0.486625
0.551193
0.602325
0.406504
0.465518
0.293588
0.269954
0.593804
0.19126
0.805793
0.514006
0.437111
0.478194
0.424081
0.332121
0.850811
0.509312
0.397932
0.582312
0.507409
0.353761
0.713603
0.730555
0.41172
0.433249
0.399627
0.600432
0.16203
0.374722
0.328799
0.458695
0.231096
0.698411
0.136616
0.219827
0.642852
0.177062
0.856658
0.876904
0.338642
0.463884
0.728823
0.465274
0.819771
0.723475
0.36683
0.43979
0.82113
0.511682
0.57686
0.295559
0.813631
0.537101
0.599667
0.586368
0.551152
0.698619
0.403964
0.694201
0.17065
0.930125
0.38938
0.277439
0.522084
0.395241
0.462708
0.774586
0.447752
0.461632
0.431674
0.664567
0.648615
0.646188
0.515902
0.383869
0.568147
0.359076
0.505236
0.875012
0.892231
0.786375
0.701024
0.190044
0.306562
0.637758
0.256468
0.397014
0.571029
0.747351
0.387583
0.236529
0.263476
0.65267
0.156812
0.0497908
0.713227
0.788222
0.636765
0.448668
0.687749
0.817086
0.74207
0.522625
0.313749
0.385512
0.372757
0.576504
0.507017
0.222283
0.743075
0.467421
0.85327
0.516327
0.375118
0.55821
0.42522
0.39275
0.717096
0.629104
0.939077
0.569214
0.701558
0.288546
0.446643
0.411282
0.289348
0.498231
0.427137
0.617075
0.650526
0.776727
0.685855
0.648312
0.61399
0.470203
0.384739
0.786514
0.372959
0.678062
0.3229
0.329871
0.663978
0.495432
0.25309
0.958002
0.742577
0.683753
0.563134
0.678543
0.459144
0.70486
0.569232
0.0312207
0.594103
0.753222
0.461076
0.361797
0.341894
0.49519
0.606663
0.489972
0.438772
0.17334
0.467642
0.482067
0.409878
0.558209
0.29404
0.50102
0.766513
0.428939
0.560146
0.342948
0.715025
0.338577
0.771319
0.281242
0.544173
0.368973
0.314443
0.725896
0.838305
0.404463
0.442737
0.467469
0.519167
0.152718
0.778579
0.911807
0.449603
0.71539
0.385984
0.223386
0.437916
0.460363
0.507336
0.681825
0.462071
0.271678
0.476956
0.817864
0.288458
0.452392
0.617036
0.0317981
0.390339
0.629852
0.0894589
0.409108
0.176607
0.462113
0.719984
0.33471
0.521961
0.26839
0.229236
0.768988
0.445025
0.405721
0.59793
0.685499
0.511468
0.288187
0.461701
0.681927
0.644595
0.394262
0.473912
0.16262
0.506394
0.432119
0.492743
0.752731
0.467458
0.531878
0.74187
0.240727
0.914679
0.908062
0.261985
0.857726
0.751105
0.384702
0.513391
0.0888622
0.42278
0.499763
0.407868
0.473582
0.662877
0.104795
0.340976
0.488506
0.873912
0.449918
0.463936
0.618194
0.674268
0.193468
0.477187
0.105887
0.615757
0.0998532
0.145696
0.638003
0.434394
0.3884
0.529066
0.352904
0.427035
0.270162
0.587437
0.576127
0.652007
0.158904
0.367187
0.571058
0.632308
0.366692
0.888358
0.855673
0.595436
0.293719
0.648725
0.772746
0.51439
0.196243
0.327417
0.512614
0.319809
0.565711
0.31391
0.17431
0.633742
0.476363
0.606245
0.712604
0.230959
0.457853
0.415247
0.755205
0.664221
0.523602
0.479509
0.286093
0.595367
0.934856
0.138876
0.0776702
0.354563
0.604617
0.632112
0.516143
0.605525
0.744835
0.377443
0.101265
0.224974
0.434489
0.162582
0.413286
0.610098
0.235371
0.213863
0.226663
0.608203
0.806633
0.0320465
0.711837
0.618256
0.668361
0.175341
0.30306
0.64447
0.33867
0.338152
0.322003
0.187541
0.518016
0.617037
0.333585
0.339633
0.818653
0.273314
0.472182
0.304669
0.23639
0.594743
0.613085
0.295954
0.635993
0.626665
0.275826
0.368617
0.97082
0.0859499
0.532656
0.224854
0.781494
0.189082
0.457237
0.385382
0.217629
0.418672
0.285292
0.351023
0.400839
0.420659
0.47067
0.483784
0.396502
0.767421
0.707045
0.81726
0.885933
0.240015
0.747127
0.361692
0.32988
0.575683
0.488044
0.199425
0.488447
0.294794
0.303211
0.272044
0.611761
0.76429
0.487774
0.740871
0.939967
0.572747
0.446408
0.158033
0.35028
0.585055
0.388964
0.415731
0.563107
0.212763
0.311194
0.0468441
0.768443
0.479043
0.424491
0.430446
0.857952
0.875228
0.460312
0.311307
0.647394
0.798857
0.411641
0.272888
0.548239
0.53108
0.285619
0.408843
0.59658
0.254315
0.328126
0.418475
0.571609
0.528947
0.442869
0.207089
0.135203
0.440887
0.164223
0.802641
0.49834
0.799732
0.554797
0.505555
0.569314
0.310272
0.285411
0.169036
0.862913
0.558025
0.916902
0.36271
0.648955
0.442489
0.53988
0.402837
0.392803
0.359718
0.44028
0.337865
0.489683
0.478859
0.845287
0.458536
0.618852
0.875192
0.0658975
0.257213
0.242894
0.0752431
0.489141
0.491594
0.35162
0.737458
0.384673
0.613428
0.499289
0.734931
0.377178
0.303319
0.508066
0.824627
0.697748
0.708179
0.909868
0.38053
0.464112
0.208356
0.272954
0.836075
0.251313
0.646934
0.508842
0.524254
0.601141
0.434159
0.579352
0.521687
0.380374
0.795441
0.222804
0.395971
0.0345616
0.661816
0.892587
0.423556
0.295828
0.307251
0.550575
0.388386
0.289896
0.317617
0.282055
0.489499
0.749221
0.331659
0.398064
0.678746
0.675884
0.724715
0.265241
0.417785
0.809572
0.511445
0.0525386
0.386426
0.142725
0.724282
0.408328
0.592431
0.486626
0.37978
0.280676
0.125782
0.728941
0.875516
0.66778
0.468453
0.434927
0.265676
0.534764
0.313644
0.331246
0.843882
0.457263
0.266442
0.473064
0.317364
0.251437
0.590818
0.531775
0.0869583
0.924282
0.335843
0.65249
0.252959
0.72731
0.216984
0.717072
0.44727
0.920909
0.546304
0.610269
0.447797
0.555895
0.298348
0.723196
0.261476
0.652985
0.0664864
0.440132
0.467817
0.610173
0.707442
0.241327
0.595289
0.492152
0.389693
0.316228
0.658365
0.555197
0.554432
0.218246
0.713503
0.435114
0.4657
0.603925
0.397792
0.875088
0.569317
0.486058
0.394506
0.694479
0.298167
0.192053
0.125217
0.398827
0.254391
0.855541
0.198644
0.405576
0.866994
0.780954
0.251843
0.809188
0.666343
0.407501
0.799827
0.93361
0.735009
0.360722
0.565188
0.619205
0.687371
0.716481
0.489729
0.765534
0.198356
0.113998
0.235613
0.600548
0.644687
0.741241
0.463985
0.471014
0.839952
0.477705
0.534514
0.648169
0.637782
0.61634
0.499733
0.216858
0.84541
0.59809
0.373571
0.565606
0.432831
0.579234
0.633898
0.319291
0.440771
0.913454
0.274405
0.255325
0.783614
0.767231
0.451578
0.318444
0.311451
0.598944
0.378034
0.298449
0.538323
0.618709
0.593911
0.559435
0.361758
0.607775
0.103505
0.408284
0.39163
0.612944
0.594808
0.264416
0.674356
0.543269
0.0650594
0.741984
0.641404
0.582945
0.655906
0.579965
0.529068
0.0960738
0.357226
0.05476
0.809427
0.335659
0.46914
0.0841941
0.840365
0.280948
0.81721
0.680979
0.485513
0.813922
0.696289
0.237943
0.872942
0.207475
0.373947
0.326553
0.25438
0.534536
0.714886
0.26445
0.59474
0.619097
0.0932034
0.656978
0.564665
0.536846
0.239853
0.441855
0.526799
0.434819
0.5281
0.665402
0.399455
0.576181
0.430254
0.292925
0.449304
0.527995
0.484426
0.805097
0.607702
0.796554
0.590516
0.656371
0.323215
0.476529
0.810125
0.370714
0.755902
0.116978
0.575524
0.624129
0.786845
0.518898
0.318327
0.112687
0.359421
0.565786
0.508932
0.328984
0.586763
0.450359
0.4533
0.569171
0.352819
0.297312
0.424096
0.566914
0.802401
0.193713
0.808692
0.599879
0.658579
0.525339
0.436979
0.23852
0.723737
0.779011
0.607449
0.606207
0.71359
0.607651
0.560418
0.593925
0.741423
0.466562
0.752778
0.922
0.31277
0.516095
0.269122
0.26552
0.10875
0.747634
0.559523
0.359363
0.629206
0.426511
0.424779
0.572919
0.434804
0.457211
0.275341
0.393863
0.270178
0.162916
0.170647
0.584507
0.768205
0.733191
0.501051
0.473517
0.728451
0.730299
0.904993
0.419965
0.630793
0.556383
0.119522
0.435936
0.0882034
0.170429
0.942778
0.278117
0.360641
0.105705
0.34248
0.51799
0.844969
0.475022
0.474941
0.674518
0.123774
0.662931
0.484619
0.442386
0.198967
0.290669
0.434663
0.373111
0.953955
0.30138
0.574372
0.565521
0.681202
0.649877
0.879999
0.496367
0.179931
0.0929074
0.410733
0.570991
0.471691
0.462612
0.502232
0.79826
0.599498
0.567594
0.675493
0.693127
0.769212
0.502717
0.369339
0.584458
0.259776
0.160486
0.71028
0.454937
0.571944
0.623573
0.513941
0.264109
0.703049
0.379773
0.567761
0.404827
0.728363
0.437389
0.475103
0.517591
0.537564
0.430777
0.446391
0.33648
0.617779
0.192483
0.903378
0.564608
0.692658
0.53013
0.118085
0.476252
0.319892
0.582944
0.33845
0.516996
0.217574
0.144505
0.458178
0.622492
0.132729
0.725038
0.268757
0.300628
0.48337
0.388291
0.687065
0.221121
0.298349
0.534734
0.582484
0.630779
0.647267
0.31457
0.432876
0.861878
0.295686
0.740733
0.519273
0.525341
0.738825
0.333788
0.724577
0.179595
0.0599085
0.267368
0.232054
0.340245
0.227324
0.494478
0.524864
0.644866
0.487658
0.721753
0.568346
0.311484
0.42972
0.860428
0.412227
0.228509
0.587566
0.719553
0.680426
0.588098
0.618551
0.718649
0.521558
0.424172
0.635392
0.283756
0.573727
0.740497
0.189168
0.352539
0.352681
0.613475
0.193197
0.550812
0.202836
0.228513
0.245668
0.614599
0.556177
0.258049
0.85188
0.518526
0.724491
0.313529
0.464909
0.533091
0.805875
0.402862
0.556503
0.570068
0.516913
0.399085
0.597963
0.687
0.867392
0.475195
0.373735
0.508491
0.574895
0.284324
0.468413
0.58369
0.472092
0.36365
0.560824
0.336109
0.389978
0.314652
0.32683
0.27361
0.605839
0.761555
0.295446
0.513133
0.42512
0.913989
0.420849
0.436447
0.32192
0.259159
0.425828
0.429927
0.793221
0.482992
0.140176
0.173081
0.687515
0.168977
0.600503
0.327261
0.748878
0.647619
0.595934
0.737727
0.473083
0.568657
0.137081
0.398935
0.60275
0.342399
0.493706
0.444643
0.694047
0.545763
0.489405
0.31116
0.667902
0.712815
0.659652
0.483765
0.614147
0.628833
0.67248
0.37305
0.847513
0.321129
0.579082
0.379661
0.319836
0.389083
0.504531
0.592622
0.473308
0.640069
0.806851
0.328163
0.4751
0.197157
0.525577
0.352663
0.504104
0.318722
0.108958
0.645067
0.366071
0.619265
0.951899
0.440845
0.193834
0.205022
0.194718
0.56126
0.84481
0.437109
0.525763
0.668471
0.338432
0.109204
0.398889
0.598668
0.281631
0.275963
0.61979
0.812207
0.210948
0.292602
0.673121
0.761377
0.635353
0.82528
0.455335
0.613198
0.294273
0.166159
0.746113
0.276329
0.250843
0.636202
0.794254
0.567922
0.920841
0.183034
0.311834
0.617938
0.493224
0.480355
0.463438
0.745179
0.428695
0.409674
0.105213
0.55103
0.328137
0.254291
0.571485
0.363565
0.443283
0.759725
0.224633
0.926461
0.457413
0.913966
0.27688
0.363827
0.394358
0.875166
0.560649
0.463799
0.619553
0.423616
0.467076
0.710469
0.377366
0.639028
0.690265
0.755436
0.664363
0.20342
0.707822
0.656969
0.468687
0.804081
0.0961706
0.726519
0.511145
0.0603093
0.822146
0.709008
0.604113
0.221871
0.5703
0.285061
0.599803
0.0863092
0.458341
0.520061
0.129926
0.656462
0.661096
0.396613
0.444243
0.508788
0.506344
0.453744
0.635967
0.167277
0.523847
0.317871
0.397449
0.476982
0.221876
0.547278
0.680056
0.545403
0.533476
0.723597
0.737597
0.769175
0.417724
0.610456
0.51315
0.787741
0.519155
0.461224
0.684592
0.404905
0.581537
0.694477
0.414602
0.593368
0.480125
0.667518
0.456399
0.646585
0.779503
0.665037
0.246906
0.366496
0.642083
0.48168
0.474547
0.874888
0.705301
0.614035
0.839303
0.210392
0.213531
0.589257
0.328173
0.3223
0.733683
0.344277
0.809609
0.896647
0.701444
0.331239
0.60599
0.149191
0.338074
0.661563
0.933664
0.294153
0.145642
0.612715
0.705547
0.346802
0.731559
0.708509
0.67175
0.242182
0.131234
0.345466
0.22916
0.451501
0.590633
0.574498
0.461379
0.351921
0.438521
0.658869
0.0758918
0.554698
0.721094
0.416135
0.385802
0.220857
0.689719
0.113483
0.838943
0.0927892
0.525441
0.322563
0.327634
0.544379
0.351885
0.651703
0.617845
0.401506
0.631172
0.160034
0.216956
0.60896
0.455416
0.51984
0.354823
0.51904
0.539336
0.630106
0.483279
0.151325
0.387509
0.896019
0.3047
0.222326
0.652729
0.775831
0.820733
0.567942
0.619933
0.458261
0.247722
0.780854
0.5431
0.670318
0.375877
0.459242
0.230515
0.62712
0.554678
0.412381
0.816751
0.52205
0.467472
0.492929
0.577693
0.717264
0.213695
0.424929
0.437894
0.431316
0.447632
0.570749
0.487527
0.232362
0.428069
0.529431
0.869155
0.532144
0.313691
0.783111
0.812531
0.537655
0.394522
0.307413
0.388581
0.754111
0.680188
0.63592
0.72171
0.644592
0.371252
0.81807
0.442544
0.438394
0.220327
0.534
0.581167
0.341899
0.645154
0.329135
0.393907
0.542448
0.686301
0.505488
0.784673
0.407455
0.507587
0.15589
0.524828
0.667684
0.117844
0.651566
0.393549
0.635364
0.848053
0.59271
0.653576
0.144514
0.848391
0.305913
0.945259
0.412574
0.475185
0.921521
0.224736
0.409153
0.918225
0.388246
0.790077
0.579443
0.27439
0.481517
0.232183
0.406533
0.503969
0.436332
0.815201
0.808609
0.811551
0.284554
0.334186
0.753724
0.473831
0.800835
0.415701
0.236548
0.492134
0.660554
0.520034
0.398225
0.677932
0.487385
0.571658
0.582191
0.385103
0.417327
0.687542
0.505503
0.58314
0.63024
0.390889
0.48698
0.321
0.499166
0.490833
0.810151
0.361741
0.58191
0.47662
0.310728
0.373565
0.628596
0.817743
0.665054
0.543358
0.103123
0.479479
0.117674
0.834286
0.915654
0.756252
0.522919
0.339469
0.637515
0.693199
0.587088
0.289235
0.419074
0.9093
0.584554
0.249909
0.655404
0.553393
0.08282
0.407578
0.14375
0.417365
0.348279
0.56073
0.551032
0.398781
0.616156
0.55113
0.458851
0.548182
0.294818
0.842793
0.577654
0.354242
0.436357
0.314329
0.920972
0.212971
0.442084
0.560471
0.804835
0.695068
0.483267
0.604004
0.486683
0.268562
0.504197
0.399827
0.582349
0.551793
0.436345
0.368316
0.598857
0.464777
0.389131
0.425656
0.495038
0.314977
0.594516
0.584241
0.13116
0.39645
0.76936
0.176756
0.293012
0.599314
0.821207
0.612972
0.675061
0.319469
0.459873
0.808808
0.281573
0.626436
0.288937
0.532623
0.653751
0.190193
0.337942
0.394238
0.65522
0.385803
0.257852
0.557591
0.747342
0.787649
0.539008
0.488438
0.760133
0.433034
0.622561
0.653976
0.613716
0.277853
0.66307
0.571713
0.76949
0.685074
0.461668
0.460409
0.389411
0.0796541
0.725943
0.976345
0.256001
0.571557
0.324352
0.123686
0.454901
0.391462
0.589766
0.408132
0.64604
0.40174
0.488395
0.658561
0.448665
0.738242
0.607133
0.671788
0.53974
0.806401
0.424011
0.441094
0.514405
0.398146
0.213222
0.209575
0.381427
0.614052
0.697867
0.444911
0.765791
0.56816
0.200297
0.562539
0.464776
0.520854
0.55166
0.329764
0.45312
0.628134
0.908954
0.863736
0.757055
0.413621
0.889633
0.491759
0.316242
0.362585
0.570502
0.472805
0.526838
0.705254
0.409399
0.184627
0.10815
0.49963
0.534825
0.361285
0.759559
0.54202
0.610453
0.321421
0.773595
0.426438
0.618132
0.35803
0.345285
0.742022
0.414741
0.565999
0.267104
0.440568
0.804948
0.864108
0.523073
0.32425
0.633668
0.323686
0.49478
0.396574
0.538725
0.646567
0.566305
0.487577
0.515917
0.240475
0.364258
0.607243
0.835461
0.320417
0.193357
0.39909
0.610445
0.320148
0.427184
0.358851
0.454683
0.128233
0.187987
0.651115
0.679058
0.768697
0.598604
0.399808
0.362182
0.626735
0.213815
0.746318
0.892896
0.175408
0.43763
0.762064
0.718868
0.389727
0.807268
0.470267
0.547255
0.139997
0.473761
0.274657
0.130131
0.336765
0.533374
0.510806
0.529074
0.45516
0.563232
0.628768
0.390061
0.796936
0.788759
0.68364
0.771493
0.45392
0.759769
0.353675
0.454934
0.91712
0.736251
0.623494
0.429843
0.631145
0.684124
0.562962
0.380302
0.524105
0.355441
0.30022
0.513452
0.64861
0.376758
0.830368
0.456098
0.549941
0.093586
0.219235
0.707624
0.332979
0.618065
0.554658
0.274103
0.629891
0.101238
0.665657
0.120197
0.276083
0.700488
0.672865
0.462165
0.48238
0.536951
0.851518
0.187015
0.646866
0.63692
0.58132
0.31954
0.680285
0.925468
0.325428
0.470731
0.324374
0.289764
0.623795
0.587734
0.422967
0.553739
0.504065
0.587282
0.461172
0.905011
0.506182
0.0912126
0.41841
0.389165
0.684866
0.49443
0.586547
0.535733
0.497042
0.482365
0.484841
0.504423
0.399298
0.376736
0.858886
0.83935
0.273433
0.325086
0.481202
0.493274
0.466073
0.361349
0.576596
0.233048
0.771369
0.251357
0.175868
0.361692
0.103695
0.298974
0.556947
0.391739
0.400289
0.425204
0.162955
0.378729
0.461703
0.344406
0.492209
0.572909
0.480926
0.548396
0.435626
0.371461
0.43
0.570998
0.392455
0.252757
0.265928
0.642277
0.225745
0.4484
0.58562
0.853439
0.224416
0.557982
0.402625
0.340083
0.219268
0.135757
0.136331
0.253215
0.355748
0.477605
0.197309
0.924147
0.756735
0.410913
0.720435
0.141138
0.414102
0.33919
0.540395
0.342336
0.628256
0.617483
0.422144
0.291301
0.170357
0.533845
0.35186
0.438125
0.572343
0.746353
0.361911
0.680853
0.555404
0.47438
0.406305
0.628663
0.58798
0.567049
0.721081
0.729951
0.419844
0.770996
0.897045
0.765208
0.169299
0.0938329
0.0602512
0.716279
0.645982
0.608867
0.098574
0.41032
0.572238
0.370884
0.790696
0.598497
0.721499
0.312019
0.486805
0.766165
0.222562
0.560946
0.658257
0.483008
0.384156
0.577846
0.176442
0.48833
0.374604
0.321823
0.599046
0.468402
0.446928
0.36667
0.53487
0.6195
0.130128
0.455086
0.32636
0.101967
0.412928
0.43069
0.331929
0.377389
0.426662
0.311369
0.508165
0.682633
0.489505
0.966729
0.784955
0.531293
0.604698
0.436645
0.394535
0.644725
0.61088
0.877114
0.358458
0.601641
0.663119
0.943825
0.254413
0.756905
0.0787073
0.123105
0.677819
0.616916
0.812233
0.59409
0.48108
0.370672
0.429933
0.655215
0.416362
0.66233
0.433793
0.572307
0.725694
0.452799
0.641316
0.404815
0.51521
0.454616
0.557373
0.440909
0.41828
0.636079
0.279999
0.821393
0.595258
0.677324
0.962474
0.256629
0.535553
0.522759
0.7095
0.43984
0.42068
0.310983
0.515743
0.334434
0.474936
0.475032
0.460495
0.462142
0.273304
0.69252
0.352665
0.643065
0.394152
0.626964
0.375774
0.337852
0.597273
0.53829
0.513124
0.316538
0.375778
0.352237
0.638739
0.327715
0.273323
0.165118
0.640187
0.265984
0.276111
0.42207
0.794826
0.53482
0.882093
0.643702
0.851503
0.376212
0.617749
0.587705
0.375216
0.387666
0.315809
0.618772
0.392676
0.77136
0.385234
0.82183
0.232224
0.55949
0.597743
0.530368
0.682001
0.634012
0.583161
0.453307
0.195724
0.308269
0.268803
0.470618
0.355935
0.562159
0.416102
0.429592
0.660001
0.721738
0.700641
0.910387
0.424668
0.448378
0.449734
0.441209
0.710392
0.351812
0.694647
0.530175
0.64718
0.865599
0.612548
0.142666
0.399105
0.2228
0.72621
0.389642
0.73516
0.943839
0.897501
0.204177
0.279572
0.197757
0.193612
0.670121
0.495148
0.722284
0.623002
0.428571
0.308734
0.187378
0.530944
0.224517
0.0182919
0.461081
0.612593
0.667763
0.726609
0.685788
0.0444003
0.668943
0.527084
0.397221
0.652712
0.773157
0.522541
0.617618
0.831347
0.250486
0.488456
0.428897
0.587901
0.814361
0.597484
0.480727
0.141522
0.725466
0.102605
0.212696
0.412845
0.300593
0.731715
0.768963
0.539752
0.482574
0.776927
0.658011
0.720607
0.139138
0.467334
0.159323
0.729553
0.645253
0.194437
0.803044
0.36645
0.565247
0.514938
0.447888
0.897005
0.887701
0.586036
0.556776
0.706594
0.277844
0.793842
0.718922
0.434256
0.198881
0.816025
0.291279
0.271314
0.515422
0.215215
0.731496
0.402039
0.32889
0.890216
0.768746
0.731731
0.806494
0.317511
0.50801
0.0905884
0.152092
0.496026
0.387608
0.519679
0.128983
0.363579
0.109006
0.538307
0.68136
0.183933
0.732126
0.960031
0.712923
0.508802
0.578625
0.367579
0.467823
0.299663
0.909814
0.774839
0.220847
0.649674
0.545102
0.2971
0.620487
0.776482
0.661092
0.818686
0.540225
0.562156
0.460655
0.690082
0.680101
0.396971
0.725519
0.404611
0.422356
0.439212
0.465164
0.497739
0.0816468
0.633662
0.448996
0.579978
0.702053
0.936886
0.357999
0.457399
0.439826
0.677903
0.616317
0.711684
0.332524
0.8383
0.662375
0.404638
0.391925
0.266328
0.49343
0.740058
0.469808
0.444947
0.766615
0.558793
0.732418
0.414318
0.563789
0.460839
0.341151
0.804651
0.626695
0.641247
0.573706
0.165812
0.943181
0.694609
0.63169
0.385577
0.514433
0.185854
0.767344
0.468849
0.457385
0.203046
0.623823
0.305659
0.29572
0.900865
0.320142
0.786227
0.367054
0.211382
0.323638
0.72682
0.723147
0.441761
0.53952
0.550632
0.724186
0.396437
0.808781
0.523363
0.727411
0.454332
0.642483
0.573638
0.344566
0.199601
0.532133
0.833913
0.691884
0.247406
0.56259
0.517925
0.380541
0.824149
0.315667
0.60627
0.694698
0.454592
0.1893
0.542116
0.478522
0.776248
0.76888
0.244562
0.702746
0.544399
0.774071
0.727591
0.505574
0.30905
0.366142
0.468067
0.701956
0.538137
0.237568
0.396659
0.829465
0.629225
0.41737
0.491079
0.248224
0.794941
0.612386
0.431463
0.636574
0.725333
0.666382
0.633198
0.423367
0.22332
0.355631
0.202993
0.271996
0.677385
0.251308
0.469407
0.180494
0.278585
0.265761
0.719579
0.586255
0.306989
0.761448
0.629324
0.0631422
0.605548
0.238041
0.604247
0.772973
0.527442
0.624923
0.355005
0.78258
0.685857
0.593004
0.510298
0.681888
0.253152
0.561532
0.926651
0.63763
0.349343
0.212274
0.584505
0.591585
0.227758
0.33515
0.565626
0.761401
0.50876
0.716153
0.587283
0.426317
0.630325
0.540077
0.924135
0.679296
0.477285
0.417315
0.779225
0.4013
0.318997
0.655688
0.270953
0.662681
0.728156
0.285008
0.183365
0.580841
0.571469
0.603772
0.482568
0.362575
0.455829
0.154125
0.332546
0.33369
0.681663
0.542932
0.449123
0.207749
0.298016
0.413526
0.111281
0.169977
0.271982
0.63442
0.504529
0.551603
0.577994
0.407979
0.801458
0.444124
0.680509
0.513781
0.490117
0.552199
0.426547
0.788102
0.441287
0.408092
0.282542
0.702686
0.561218
0.76982
0.642926
0.542678
0.606852
0.599348
0.60582
0.69532
0.34603
0.466437
0.654196
0.447717
0.725643
0.547921
0.598831
0.453715
0.566162
0.591451
0.432343
0.166642
0.531448
0.286928
0.411571
0.546381
0.228215
0.438094
0.228528
0.735969
0.269976
0.650943
0.548128
0.664631
0.495792
0.954858
0.483847
0.170869
0.76459
0.346576
0.750465
0.250968
0.351298
0.196322
0.775981
0.424968
0.451518
0.279651
0.472784
0.473901
0.156907
0.397772
0.661116
0.438778
0.493926
0.623347
0.305839
0.783574
0.724079
0.657959
0.77049
0.511119
0.584219
0.611682
0.210569
0.782584
0.500996
0.714398
0.520968
0.727921
0.543955
0.542713
0.420447
0.646356
0.487292
0.295568
0.298992
0.682767
0.830733
0.475829
0.37189
0.327453
0.485451
0.53439
0.477304
0.72357
0.561449
0.607511
0.522125
0.778198
0.298255
0.42736
0.123804
0.45973
0.661279
0.809929
0.41389
0.925984
0.481645
0.823711
0.261921
0.264185
0.747761
0.316765
0.846319
0.635639
0.762384
0.428982
0.541876
0.504693
0.859381
0.54062
0.511421
0.393232
0.729887
0.80736
0.682203
0.238749
0.637992
0.506388
0.455497
0.445685
0.411591
0.367185
0.540918
0.606492
0.574481
0.884979
0.72489
0.130574
0.341256
0.313976
0.175687
0.655987
0.427041
0.61175
0.555433
0.630488
0.729549
0.555366
0.752403
0.835259
0.421422
0.574033
0.464977
0.386327
0.346306
0.542316
0.161504
0.385446
0.342538
0.35213
0.108365
0.403905
0.723836
0.0309834
0.701448
0.369452
0.626814
0.498144
0.754237
0.688246
0.790645
0.249615
0.188691
0.57047
0.564634
0.337038
0.243032
0.539933
0.544956
0.454853
0.853561
0.494756
0.722271
0.274271
0.28557
0.447895
0.377395
0.361811
0.381387
0.213028
0.69268
0.594414
0.46158
0.813011
0.152229
0.432312
0.958275
0.274857
0.78452
0.235101
0.277564
0.736888
0.656517
0.505649
0.180894
0.930437
0.758779
0.520699
0.643348
0.610209
0.526563
0.756259
0.689648
0.394098
0.722393
0.340068
0.626722
0.235012
0.261026
0.462664
0.384618
0.883945
0.288207
0.252787
0.845526
0.71528
0.430095
0.572076
0.583639
0.671999
0.610686
0.50823
0.856557
0.350221
0.690063
0.545031
0.481888
0.379198
0.406715
0.461845
0.40069
0.764598
0.712711
0.464418
0.772366
0.749663
0.570899
0.373037
0.363562
0.510508
0.638855
0.3933
0.78664
0.638576
0.494703
0.569011
0.811213
0.374961
0.165439
0.465879
0.515228
0.448054
0.198844
0.458962
0.460056
0.627649
0.875548
0.195996
0.36699
0.745409
0.388269
0.382972
0.440544
0.443276
0.420718
0.487534
0.526914
0.798142
0.539137
0.280013
0.213911
0.732821
0.16491
0.831099
0.771667
0.260067
0.627137
0.159405
0.501372
0.618115
0.89954
0.171358
0.602276
0.742933
0.606557
0.86012
0.585142
0.2841
0.738914
0.429402
0.553334
0.50792
0.249451
0.582306
0.34066
0.44315
0.305471
0.164518
0.538085
0.511374
0.454287
0.675396
0.359384
0.64583
0.31419
0.859736
0.0887768
0.0391804
0.633458
0.167187
0.521549
0.172459
0.665543
0.815535
0.351656
0.664122
0.289021
0.518268
0.878236
0.739868
0.656364
0.636076
0.195968
0.260616
0.386049
0.586148
0.202151
0.25771
0.418022
0.792335
0.296355
0.311199
0.632956
0.283494
0.0664808
0.368706
0.691255
0.246523
0.548009
0.739137
0.27819
0.414824
0.311198
0.507214
0.547054
0.622156
0.173972
0.501522
0.532652
0.676046
0.256188
0.210463
0.662963
0.404155
0.383944
0.677262
0.227221
0.301213
0.520584
0.416865
0.26418
0.153348
0.44398
0.284297
0.314769
0.34087
0.307678
0.485756
0.338821
0.719758
0.516453
0.560457
0.326026
0.556369
0.514773
0.672943
0.736733
0.439036
0.129656
0.442301
0.388682
0.414522
0.527375
0.796446
0.261228
0.796432
0.636415
0.476347
0.41909
0.666978
0.557078
0.326795
0.363106
0.542662
0.52109
0.397031
0.595964
0.498681
0.382525
0.63626
0.546355
0.246066
0.914347
0.605807
0.225419
0.229807
0.352826
0.641397
0.0948913
0.765404
0.675059
0.285731
0.606754
0.555532
0.512794
0.57328
0.229723
0.127698
0.898725
0.385926
0.50834
0.308024
0.20939
0.609786
0.305905
0.295466
0.711781
0.710293
0.362988
0.725027
0.538738
0.604321
0.658666
0.807741
0.711168
0.344844
0.792177
0.709401
0.493097
0.645362
0.708078
0.779245
0.408544
0.658034
0.568515
0.564022
0.667152
0.681171
0.431653
0.242088
0.538507
0.108467
0.625802
0.186382
0.883015
0.44408
0.314223
0.314375
0.590208
0.0943475
0.726085
0.707289
0.0932912
0.40871
0.884502
0.680093
0.421726
0.579057
0.393058
0.558034
0.421609
0.518497
0.447681
0.364644
0.316583
0.727228
0.221209
0.450397
0.199965
0.414909
0.623456
0.790422
0.341774
0.285692
0.170059
0.253871
0.362278
0.403716
0.298837
0.0967816
0.366682
0.443674
0.452897
0.754478
0.553513
0.392701
0.105141
0.708789
0.10226
0.40661
0.629363
0.279552
0.813763
0.535183
0.528517
0.139131
0.519849
0.417965
0.511271
0.67286
0.696649
0.813719
0.763398
0.507552
0.509014
0.46342
0.491028
0.60445
0.681429
0.298376
0.418251
0.26219
0.633762
0.391811
0.402052
0.199577
0.23818
0.313925
0.682987
0.0871995
0.84653
0.68719
0.52053
0.471107
0.405429
0.250361
0.567425
0.481025
0.51931
0.626381
0.317921
0.539758
0.239611
0.751097
0.320169
0.489702
0.151282
0.556413
0.573564
0.626554
0.495733
0.513225
0.137289
0.0795659
0.612347
0.526202
0.45676
0.801883
0.398608
0.434207
0.270162
0.13374
0.781912
0.506846
0.687724
0.475506
0.364042
0.839382
0.141862
0.556774
0.44232
0.434936
0.88676
0.611923
0.52935
0.524658
0.581472
0.471813
0.286296
0.313222
0.721047
0.655442
0.452569
0.348758
0.28569
0.494679
0.397773
0.603035
0.458409
0.649351
0.339748
0.609412
0.6171
0.569216
0.565488
0.642837
0.53744
0.533548
0.159697
0.437848
0.848496
0.348303
0.78872
0.827261
0.263358
0.605022
0.505544
0.445979
0.46262
0.604891
0.83453
0.281022
0.738979
0.125542
0.562517
0.360644
0.616698
0.157446
0.205904
0.262091
0.140154
0.560941
0.54128
0.37929
0.381141
0.294165
0.380146
0.528472
0.445085
0.436372
0.436236
0.481453
0.361799
0.680357
0.676922
0.402995
0.726854
0.291894
0.468147
0.430441
0.31513
0.233344
0.615307
0.270467
0.618574
0.222789
0.57046
0.199567
0.365661
0.449274
0.619228
0.241584
0.560514
0.98896
0.778706
0.557316
0.935126
0.666203
0.430669
0.217956
0.438581
0.177798
0.882352
0.0458314
0.492643
0.747842
0.0900116
0.592638
0.723546
0.404896
0.198482
0.587078
0.235314
0.17233
0.842893
0.820525
0.720359
0.536976
0.326671
0.451071
0.808622
0.510406
0.33295
0.593007
0.536963
0.421402
0.244442
0.32054
0.175988
0.277366
0.439829
0.351233
0.881955
0.606674
0.602675
0.6864
0.746888
0.643174
0.621836
0.872387
0.300485
0.538249
0.0803347
0.808412
0.372876
0.4851
0.62259
0.163327
0.45776
0.71409
0.157909
0.475404
0.320912
0.767263
0.901083
0.395974
0.57953
0.784298
0.168916
0.299422
0.83335
0.231455
0.144484
0.61883
0.158932
0.579217
0.488866
0.2782
0.383985
0.383615
0.2231
0.478985
0.539072
0.550379
0.721047
0.360307
0.239504
0.760339
0.446834
0.689006
0.480699
0.108665
0.238515
0.747364
0.435744
0.459788
0.482546
0.473065
0.824384
0.844056
0.44166
0.667686
0.778113
0.421378
0.291668
0.726699
0.356531
0.111359
0.590716
0.355743
0.475561
0.438624
0.44746
0.124561
0.488646
0.466261
0.572611
0.471804
0.517463
0.389516
0.691283
0.410547
0.85919
0.436115
0.461502
0.196137
0.40281
0.668791
0.587257
0.604671
0.467434
0.609806
0.2324
0.232153
0.831056
0.806497
0.634686
0.361067
0.448656
0.531087
0.487236
0.452854
0.464017
0.757199
0.697616
0.211476
0.600083
0.379765
0.552764
0.424968
0.868191
0.344221
0.610912
0.428624
0.766928
0.425089
0.30965
0.545146
0.24687
0.843292
0.822224
0.743835
0.197922
0.735741
0.612154
0.522594
0.571423
0.689969
0.429211
0.153269
0.479694
0.630793
0.65775
0.442515
0.721121
0.295217
0.471409
0.547165
0.159388
0.855997
0.66608
0.144735
0.24089
0.453513
0.336112
0.39645
0.664886
0.469804
0.226603
0.151894
0.326349
0.327863
0.13764
0.731095
0.132013
0.423467
0.174328
0.88157
0.145523
0.49609
0.42937
0.644603
0.248103
0.81961
0.852992
0.376709
0.606604
0.542781
0.607909
0.558985
0.721288
0.333644
0.625064
0.788751
0.681124
0.181261
0.868776
0.484615
0.484908
0.282398
0.487956
0.347806
0.891929
0.389974
0.572979
0.509333
0.246395
0.324339
0.655801
0.554272
0.575322
0.547639
0.383848
0.251165
0.49001
0.775762
0.466195
0.326263
0.526749
0.551565
0.533515
0.509051
0.542826
0.527318
0.471248
0.337216
0.639406
0.403492
0.578398
0.845935
0.313305
0.545267
0.572355
0.778071
0.145143
0.247337
0.503086
0.338613
0.811865
0.441811
0.558029
0.778373
0.567032
0.343223
0.531973
0.728699
0.562805
0.0989046
0.404189
0.720693
0.492987
0.462154
0.508044
0.709087
0.516955
0.8299
0.696282
0.682733
0.7798
0.685728
0.198166
0.580291
0.574441
0.563412
0.532589
0.741492
0.796971
0.595249
0.384274
0.51103
0.326931
0.533776
0.76813
0.373863
0.819713
0.83462
0.599813
0.637438
0.628733
0.462471
0.458496
0.688046
0.180494
0.531392
0.370826
0.735268
0.106133
0.214881
0.363028
0.720145
0.288507
0.560337
0.321053
0.199477
0.214339
0.416782
0.366683
0.530324
0.126431
0.633933
0.500416
0.565548
0.451398
0.514913
0.679984
0.332901
0.833859
0.704121
0.296272
0.306945
0.338485
0.266013
0.676417
0.394748
0.486778
0.65972
0.286802
0.643061
0.275915
0.638712
0.726656
0.436383
0.182464
0.803872
0.895915
0.0920399
0.384262
0.61262
0.38899
0.270121
0.539172
0.0958881
0.209039
0.502847
0.939967
0.859025
0.815324
0.409651
0.219997
0.641877
0.30918
0.800962
0.514799
0.287547
0.732131
0.88544
0.59028
0.418527
0.492609
0.68207
0.428545
0.443139
0.855735
0.500309
0.617937
0.714416
0.72358
0.488127
0.624316
0.237801
0.101288
0.259575
0.626073
0.773226
0.687419
0.500169
0.575829
0.50139
0.444829
0.710131
0.507278
0.62324
0.301388
0.382252
0.336047
0.335896
0.297789
0.422829
0.508963
0.577488
0.542683
0.510883
0.336556
0.757554
0.75333
0.352557
0.699111
0.388926
0.452947
0.424326
0.547041
0.111182
0.563874
0.810368
0.721829
0.545021
0.178672
0.626157
0.104254
0.241101
0.209221
0.282057
0.452073
0.686107
0.406864
0.477441
0.519833
0.403035
0.914606
0.827531
0.158906
0.631908
0.555345
0.411911
0.576356
0.401337
0.478091
0.295382
0.286688
0.500577
0.0770743
0.708512
0.521001
0.435941
0.266654
0.587009
0.463553
0.904648
0.73785
0.5557
0.666188
0.143409
0.740354
0.704681
0.346564
0.708267
0.226783
0.141863
0.506584
0.316434
0.363953
0.317908
0.4129
0.330072
0.458902
0.506234
0.461829
0.786196
0.765351
0.0824984
0.30648
0.576105
0.429278
0.38469
0.854384
0.451926
0.500239
0.446678
0.849364
0.487133
0.478035
0.284781
0.731849
0.442067
0.782314
0.678642
0.327339
0.18474
0.825624
0.524402
0.643144
0.391402
0.538455
0.84992
0.659041
0.70058
0.237734
0.468445
0.477923
0.818517
0.648219
0.508928
0.558001
0.273152
0.679223
0.197836
0.478592
0.587993
0.227039
0.279073
0.29698
0.59649
0.316431
0.845316
0.534315
0.441677
0.312505
0.615804
0.683987
0.505125
0.72726
0.332342
0.366371
0.0834284
0.313082
0.456966
0.859322
0.0796962
0.678392
0.741494
0.714246
0.801702
0.578671
0.500841
0.523061
0.157607
0.329017
0.558748
0.631835
0.614353
0.952359
0.346254
0.702319
0.73307
0.720459
0.519997
0.503123
0.92003
0.162749
0.229105
0.667689
0.230938
0.411058
0.296201
0.386726
0.140532
0.416243
0.589724
0.608229
0.138693
0.61569
0.251529
0.29866
0.338516
0.548648
0.705401
0.674364
0.480954
0.209305
0.508879
0.0427245
0.294916
0.595487
0.622481
0.498084
0.6209
0.953851
0.55714
0.69786
0.530449
0.140379
0.122395
0.799816
0.372965
0.807966
0.634582
0.371871
0.755599
0.800881
0.456001
0.691333
0.411192
0.678801
0.622744
0.830877
0.733431
0.711147
0.580608
0.784093
0.457612
0.475362
0.685192
0.61387
0.539632
0.360791
0.634065
0.212362
0.235031
0.322742
0.885527
0.741757
0.704139
0.649328
0.880284
0.680517
0.668596
0.79661
0.519016
0.63026
0.71873
0.515564
0.86057
0.643886
0.320508
0.537347
0.39222
0.316046
0.394966
0.501313
0.485142
0.732513
0.54228
0.60319
0.284997
0.605468
0.556839
0.608815
0.299208
0.527217
0.828882
0.421765
0.32925
0.255283
0.552524
0.311229
0.657985
0.297318
0.359174
0.199387
0.538803
0.794733
0.569585
0.575583
0.545022
0.309411
0.706997
0.647496
0.724768
0.598355
0.238036
0.757538
0.768208
0.316559
0.707282
0.885606
0.530793
0.318902
0.505602
0.727368
0.267845
0.337283
0.461577
0.880146
0.822551
0.28974
0.769593
0.586505
0.271157
0.333713
0.467339
0.278561
0.665856
0.50611
0.749724
0.33404
0.527602
0.398301
0.355392
0.498055
0.127776
0.794618
0.586292
0.34255
0.85938
0.558433
0.719909
0.928342
0.63512
0.280329
0.648061
0.502623
0.761493
0.808356
0.525298
0.607796
0.624672
0.760855
0.534245
0.895464
0.785746
0.477759
0.57437
0.732353
0.719548
0.0967885
0.754949
0.35295
0.443055
0.546407
0.522156
0.35656
0.166049
0.227872
0.574466
0.264509
0.358441
0.514195
0.419763
0.646133
0.265395
0.92428
0.501772
0.490205
0.41309
0.435994
0.272623
0.541404
0.534695
0.382375
0.412631
0.239391
0.607837
0.730668
0.597528
0.191038
0.331552
0.27433
0.787657
0.274325
0.382474
0.373637
0.462819
0.515378
0.176657
0.860972
0.550715
0.298101
0.125234
0.582357
0.496102
0.758814
0.508759
0.277249
0.492051
0.386289
0.10684
0.104102
0.34387
0.890533
0.606386
0.599659
0.760501
0.821644
0.573487
0.715402
0.0674032
0.713035
0.410689
0.305058
0.409171
0.191275
0.733137
0.542545
0.459324
0.537793
0.483773
0.230182
0.478965
0.10563
0.369496
0.812481
0.265182
0.787416
0.836919
0.641288
0.604321
0.898693
0.818059
0.143532
0.794443
0.883712
0.36304
0.523274
0.625541
0.668748
0.538579
0.485268
0.405255
0.781006
0.607765
0.697654
0.192095
0.519099
0.518356
0.316929
0.847371
0.504101
0.113523
0.378769
0.341253
0.358113
0.740712
0.713765
0.447603
0.550253
0.0709958
0.277604
0.536449
0.617971
0.453016
0.390675
0.622174
0.514531
0.512322
0.362587
0.149725
0.251486
0.468656
0.332508
0.700357
0.297945
0.280423
0.386746
0.37265
0.366378
0.737319
0.120422
0.54376
0.257709
0.508826
0.790598
0.0400719
0.356374
0.917949
0.563646
0.445649
0.659023
0.346363
0.590146
0.351097
0.388507
0.688777
0.246055
0.294668
0.787735
0.661115
0.859359
0.471654
0.605996
0.528775
0.596898
0.487343
0.583274
0.457979
0.416506
0.503023
0.406073
0.204933
0.095086
0.573736
0.651223
0.744237
0.323726
0.300715
0.652136
0.699709
0.216386
0.620637
0.514896
0.577493
0.309207
0.128063
0.679607
0.81305
0.732922
0.276645
0.465314
0.53036
0.721341
0.628898
0.454861
0.173341
0.474337
0.523546
0.868938
0.306273
0.624242
0.603707
0.746611
0.391667
0.660008
0.598332
0.292544
0.740795
0.143994
0.07362
0.169118
0.593766
0.911669
0.0702557
0.304613
0.4228
0.17501
0.616621
0.456596
0.56403
0.555846
0.0572863
0.312603
0.169902
0.555864
0.460344
0.328206
0.235957
0.325443
0.566349
0.795494
0.592506
0.823993
0.315846
0.302987
0.2634
0.56989
0.441712
0.290961
0.480862
0.658623
0.436709
0.324124
0.407011
0.0831962
0.405913
0.496574
0.249486
0.621306
0.387871
0.551911
0.470238
0.659311
0.677575
0.344371
0.673332
0.303435
0.508541
0.684791
0.519266
0.484147
0.650519
0.40821
0.650089
0.990122
0.553581
0.167853
0.62126
0.473646
0.118516
0.503247
0.722969
0.449806
0.497738
0.648144
0.335299
0.167276
0.530077
0.836936
0.59838
0.458969
0.48708
0.536192
0.19037
0.28631
0.757644
0.570916
0.392833
0.171331
0.422035
0.533105
0.384795
0.566284
0.365562
0.653156
0.343483
0.440909
0.65639
0.482612
0.44147
0.472995
0.361203
0.779748
0.716662
0.208301
0.296635
0.407438
0.0532904
0.41142
0.913622
0.345707
0.148788
0.559585
0.0860237
0.08938
0.853138
0.536935
0.524114
0.244159
0.154022
0.567193
0.857723
0.552458
0.342797
0.778191
0.633056
0.373299
0.533046
0.522147
0.541433
0.808513
0.21519
0.181052
0.647394
0.710484
0.417339
0.667028
0.707849
0.724638
0.804293
0.682939
0.87317
0.312835
0.18333
0.53905
0.135334
0.871806
0.397112
0.426975
0.837444
0.103737
0.970794
0.532616
0.383191
0.714075
0.642097
0.725299
0.484003
0.304596
0.539874
0.290733
0.355899
0.497745
0.288365
0.280928
0.227219
0.871235
0.201102
0.53466
0.342689
0.699839
0.490109
0.277531
0.348437
0.794308
0.552788
0.441163
0.516839
0.395289
0.41057
0.446507
0.719269
0.623099
0.760165
0.676749
0.879058
0.402193
0.359935
0.720725
0.836169
0.572086
0.610646
0.698264
0.629344
0.0645292
0.701563
0.584316
0.650657
0.569639
0.579595
0.429217
0.451671
0.531691
0.260878
0.227881
0.679574
0.608243
0.14095
0.421216
0.69591
0.394226
0.471334
0.118492
0.379748
0.755598
0.557118
0.109883
0.941323
0.53515
0.491811
0.593867
0.771428
0.685988
0.382469
0.774629
0.426038
0.556215
0.529824
0.590091
0.79488
0.591287
0.414849
0.811661
0.326862
0.638496
0.604919
0.61225
0.384514
0.330983
0.329452
0.429594
0.873804
0.696691
0.486619
0.557366
0.244904
0.680584
0.729445
0.877049
0.283704
0.686484
0.541324
