0.501844
0.615736
0.496589
0.498753
0.338281
0.551531
0.527915
0.52764
0.460851
0.530603
0.528423
0.618264
0.572338
0.528295
0.339352
0.477201
0.337704
0.665417
0.540549
0.357925
0.420669
0.427393
0.428016
0.457048
0.417595
0.50234
0.46785
0.590885
0.454476
0.373163
0.604486
0.483957
0.580794
0.485563
0.456617
0.575262
0.436978
0.575483
0.464632
0.597383
0.490164
0.276323
0.458886
0.507682
0.525936
0.437889
0.59858
0.45009
0.551675
0.575839
0.486498
0.400203
0.51013
0.332046
0.395331
0.495595
0.419795
0.563045
0.546749
0.577514
0.451628
0.385459
0.564912
0.469322
0.419628
0.593987
0.481506
0.591259
0.605758
0.529286
0.499928
0.560334
0.457669
0.309776
0.531664
0.548383
0.490627
0.553133
0.598394
0.570506
0.593065
0.399944
0.548826
0.350367
0.478082
0.713709
0.469722
0.658031
0.441246
0.568116
0.376063
0.440221
0.577981
0.444212
0.645738
0.662132
0.581804
0.54683
0.619656
0.55412
0.487651
0.411325
0.718601
0.405835
0.442493
0.608424
0.733664
0.474552
0.378402
0.466688
0.627504
0.573711
0.431229
0.418819
0.439222
0.481858
0.590977
0.439737
0.616027
0.461432
0.487966
0.381121
0.600422
0.401031
0.611821
0.418766
0.482021
0.694033
0.528314
0.515875
0.478666
0.440654
0.602024
0.467102
0.441895
0.409746
0.650786
0.524872
0.387358
0.320857
0.550832
0.52126
0.431183
0.606294
0.479536
0.385374
0.568813
0.487156
0.32559
0.51796
0.663265
0.546501
0.514478
0.421634
0.315259
0.407061
0.489999
0.596868
0.468118
0.520109
0.560648
0.600588
0.555807
0.646318
0.562552
0.425952
0.53297
0.458669
0.40869
0.598589
0.531257
0.52167
0.487042
0.496318
0.566736
0.400387
0.33834
0.48606
0.27863
0.526999
0.586991
0.3334
0.410103
0.60179
0.316784
0.476947
0.34728
0.429743
0.675902
0.47139
0.41315
0.593096
0.463765
0.489837
0.568487
0.534438
0.49519
0.437767
0.602371
0.574163
0.655308
0.567623
0.500379
0.410287
0.551674
0.594814
0.558971
0.547886
0.537948
0.60259
0.470076
0.379605
0.426509
0.584993
0.53033
0.387919
0.525332
0.613794
0.63493
0.664041
0.627421
0.527045
0.596479
0.537602
0.449062
0.523608
0.584722
0.485427
0.656135
0.509707
0.313495
0.436963
0.435672
0.680323
0.506712
0.418145
0.462858
0.529906
0.655668
0.674666
0.481589
0.473657
0.435397
0.389886
0.559704
0.422308
0.478321
0.461794
0.49798
0.590067
0.508861
0.42767
0.464918
0.627111
0.423168
0.424328
0.497343
0.454728
0.453604
0.446001
0.449802
0.542928
0.588063
0.4112
0.593713
0.607055
0.519693
0.574041
0.560183
0.611667
0.483042
0.514803
0.688381
0.556649
0.488147
0.61867
0.484336
0.482263
0.594509
0.500825
0.512974
0.466538
0.372407
0.460314
0.539199
0.500142
0.479455
0.444279
0.601784
0.41058
0.435769
0.478403
0.546788
0.469291
0.511586
0.568618
0.565229
0.451923
0.546666
0.403351
0.472662
0.433814
0.401221
0.584794
0.636304
0.489375
0.493663
0.691918
0.398333
0.525846
0.41085
0.627147
0.361906
0.418574
0.482044
0.422846
0.499478
0.626694
0.588222
0.482995
0.510906
0.654825
0.333867
0.509619
0.401843
0.588088
0.538835
0.512796
0.370854
0.664488
0.613358
0.427249
0.486702
0.460421
0.559707
0.45777
0.505164
0.451776
0.599526
0.349944
0.417758
0.374832
0.456296
0.631835
0.542692
0.547856
0.627866
0.496545
0.461347
0.526038
0.66446
0.594756
0.671545
0.449117
0.523031
0.480595
0.371837
0.50276
0.499309
0.503363
0.509025
0.451484
0.444346
0.661925
0.414074
0.512638
0.352847
0.43772
0.519564
0.627649
0.666036
0.496633
0.39478
0.348504
0.462261
0.499127
0.352535
0.594102
0.414049
0.382317
0.374749
0.542884
0.47074
0.476814
0.571814
0.514825
0.481345
0.395458
0.53373
0.55761
0.502704
0.380219
0.648954
0.588539
0.643524
0.517805
0.559882
0.455411
0.475306
0.43371
0.491872
0.466365
0.496678
0.448659
0.635644
0.400369
0.568091
0.43064
0.580898
0.34678
0.539323
0.499913
0.491939
0.434096
0.572684
0.443602
0.384078
0.494749
0.620311
0.470736
0.502543
0.574529
0.244382
0.487752
0.423594
0.531894
0.574574
0.298769
0.490528
0.384203
0.577528
0.434095
0.565191
0.444585
0.56859
0.584706
0.618635
0.454879
0.526531
0.46959
0.402467
0.556833
0.577438
0.487145
0.63546
0.455411
0.494429
0.400956
0.60792
0.414843
0.515321
0.484573
0.549319
0.489711
0.510841
0.49906
0.422611
0.530119
0.341433
0.501368
0.501685
0.611707
0.42121
0.480748
0.556328
0.427981
0.463035
0.394684
0.412052
0.44415
0.609197
0.525009
0.470127
0.44839
0.557636
0.499109
0.666107
0.54816
0.574099
0.720336
0.513112
0.545928
0.536126
0.525951
0.619101
0.390371
0.48518
0.540166
0.585347
0.635835
0.468762
0.514046
0.386265
0.454569
0.334772
0.54327
0.49876
0.532956
0.695866
0.428952
0.592171
0.444678
0.612042
0.595966
0.507923
0.530492
0.545116
0.507402
0.6509
0.525985
0.619274
0.51304
0.48258
0.265416
0.477299
0.543907
0.448897
0.451467
0.552571
0.414239
0.593795
0.317432
0.582417
0.516358
0.402386
0.320107
0.66882
0.493212
0.385605
0.488359
0.447998
0.64753
0.261222
0.514061
0.460823
0.495784
0.404035
0.508808
0.621505
0.399341
0.631047
0.661558
0.462457
0.404428
0.555375
0.419025
0.388711
0.596753
0.485645
0.572416
0.505729
0.525812
0.665565
0.370787
0.489915
0.478187
0.541341
0.293028
0.551619
0.478296
0.61259
0.497208
0.495873
0.569325
0.465348
0.327713
0.616577
0.576262
0.403746
0.597351
0.365328
0.577179
0.589919
0.4733
0.616542
0.408138
0.669643
0.5825
0.505996
0.301292
0.504189
0.413813
0.650375
0.505
0.646851
0.530981
0.460902
0.558962
0.495568
0.522146
0.444562
0.396629
0.521022
0.398405
0.441933
0.421344
0.412581
0.515591
0.381081
0.551887
0.602405
0.430202
0.532473
0.557328
0.421014
0.412099
0.530287
0.400302
0.605593
0.22333
0.481018
0.482042
0.525241
0.53415
0.710711
0.631722
0.405403
0.584022
0.507627
0.606881
0.526618
0.507103
0.497638
0.670927
0.440752
0.528456
0.645084
0.587917
0.59081
0.398905
0.502327
0.624061
0.638403
0.473225
0.436662
0.469576
0.695929
0.648031
0.543777
0.393771
0.528461
0.46247
0.512346
0.520449
0.533355
0.426538
0.434887
0.559915
0.523494
0.47856
0.665405
0.458127
0.633125
0.585088
0.604897
0.622729
0.433148
0.583191
0.551172
0.559913
0.485744
0.526841
0.379987
0.505314
0.486139
0.435786
0.529922
0.456304
0.532324
0.557076
0.443897
0.412329
0.331489
0.536055
0.575716
0.404109
0.494892
0.455419
0.500465
0.341756
0.39089
0.537608
0.573088
0.536086
0.418771
0.517551
0.559926
0.346618
0.634062
0.479484
0.523442
0.38396
0.798888
0.41328
0.570884
0.543524
0.448986
0.482475
0.483048
0.271708
0.561898
0.507838
0.419802
0.564914
0.578881
0.557123
0.454503
0.575987
0.375991
0.693291
0.319894
0.55188
0.497815
0.47026
0.553535
0.650567
0.460261
0.47693
0.611311
0.484441
0.396799
0.516964
0.373015
0.411662
0.465508
0.473516
0.294461
0.446137
0.552263
0.544818
0.566078
0.481015
0.498352
0.648263
0.618378
0.319834
0.548785
0.477331
0.37019
0.483633
0.660537
0.457424
0.545978
0.411599
0.627926
0.583409
0.494077
0.497021
0.575286
0.433361
0.71811
0.499524
0.535085
0.439746
0.389354
0.648821
0.572599
0.460975
0.538248
0.204385
0.536206
0.533005
0.528757
0.359705
0.30536
0.59236
0.49972
0.578991
0.476249
0.448674
0.412835
0.428403
0.468129
0.646578
0.577341
0.71312
0.451277
0.693467
0.526991
0.355758
0.390493
0.541404
0.405321
0.550897
0.466038
0.398138
0.47073
0.604654
0.376856
0.603931
0.56333
0.417505
0.548929
0.4476
0.481008
0.492724
0.664536
0.606917
0.492596
0.452093
0.396201
0.385207
0.471542
0.614679
0.37205
0.577725
0.563898
0.543763
0.617287
0.438082
0.509965
0.491168
0.509457
0.626755
0.419348
0.567503
0.553134
0.610368
0.654695
0.541011
0.422643
0.542231
0.50982
0.416956
0.539401
0.491267
0.573401
0.473709
0.543406
0.298221
0.549915
0.630878
0.486409
0.22476
0.364927
0.399085
0.517235
0.522762
0.612324
0.410183
0.347714
0.487861
0.506567
0.450939
0.480647
0.47297
0.483473
0.522429
0.249178
0.424297
0.448549
0.421593
0.259959
0.364007
0.602323
0.490642
0.550409
0.480481
0.377621
0.504204
0.563373
0.498777
0.404199
0.463332
0.410455
0.590656
0.37159
0.539706
0.43824
0.545238
0.491523
0.462585
0.529619
0.358081
0.566715
0.465274
0.565392
0.608184
0.553324
0.607113
0.53927
0.579143
0.459808
0.461175
0.462409
0.442399
0.555407
0.507126
0.611529
0.457255
0.466937
0.492878
0.467688
0.554026
0.623049
0.427904
0.560702
0.453434
0.660582
0.345308
0.37721
0.437064
0.538095
0.418945
0.608337
0.420417
0.307145
0.546114
0.605858
0.491826
0.372343
0.505571
0.483779
0.467195
0.526674
0.57482
0.545171
0.372272
0.479073
0.539851
0.432097
0.600853
0.696669
0.554744
0.28942
0.509065
0.564614
0.507728
0.501263
0.592567
0.521871
0.624557
0.401852
0.555238
0.361806
0.589229
0.680443
0.414653
0.391882
0.486351
0.393007
0.501337
0.627254
0.468613
0.661304
0.595536
0.448501
0.527099
0.382968
0.506935
0.58422
0.691359
0.494174
0.43951
0.58466
0.41038
0.519421
0.395364
0.433061
0.564845
0.610969
0.458174
0.496818
0.635236
0.423395
0.55856
0.651059
0.599609
0.386726
0.560405
0.512704
0.559051
0.434573
0.418896
0.503534
0.488059
0.511649
0.447757
0.41627
0.581313
0.628033
0.394862
0.488118
0.417508
0.445515
0.562154
0.391743
0.485145
0.474296
0.617486
0.634045
0.614412
0.426338
0.43275
0.408638
0.433465
0.614567
0.644356
0.578356
0.416685
0.405152
0.46884
0.669614
0.616671
0.523029
0.618131
0.440882
0.570963
0.67879
0.445681
0.64305
0.448708
0.62808
0.216406
0.619874
0.551694
0.49254
0.430118
0.402209
0.5084
0.464376
0.539804
0.430173
0.398931
0.584547
0.592875
0.592872
0.522921
0.52756
0.585188
0.505776
0.471702
0.443837
0.654391
0.551309
0.490279
0.503551
0.550842
0.388682
0.513828
0.553844
0.511077
0.694472
0.637693
0.544271
0.420522
0.425901
0.529066
0.493303
0.588866
0.604278
0.512723
0.461681
0.473225
0.496478
0.462462
0.466394
0.570937
0.427858
0.404053
0.412001
0.465581
0.690435
0.38477
0.434013
0.54648
0.615648
0.588773
0.541996
0.533718
0.561481
0.376825
0.418036
0.427382
0.519196
0.603064
0.769188
0.561483
0.575388
0.510748
0.450457
0.379708
0.370565
0.433135
0.36789
0.4619
0.675885
0.524844
0.539273
0.416852
0.465196
0.523304
0.532917
0.618739
0.48996
0.389079
0.522998
0.601235
0.47012
0.398095
0.49286
0.435056
0.49445
0.458015
0.48567
0.601419
0.47938
0.595216
0.644797
0.535601
0.565768
0.508055
0.404226
0.651518
0.43855
0.606308
0.482313
0.369952
0.334678
0.455911
0.500139
0.659778
0.360219
0.42233
0.588707
0.563261
0.367958
0.455125
0.467165
0.513207
0.352315
0.280458
0.367256
0.561481
0.598855
0.667562
0.547095
0.725114
0.581149
0.409368
0.380421
0.517945
0.528187
0.606714
0.425374
0.572455
0.491049
0.569796
0.669856
0.568187
0.417974
0.449714
0.61848
0.46984
0.40246
0.587217
0.529109
0.539864
0.599481
0.614921
0.62491
0.527092
0.510389
0.573556
0.500877
0.644662
0.517529
0.401958
0.511677
0.337217
0.605062
0.434778
0.470707
0.399058
0.532971
0.491082
0.508173
0.441681
0.536678
0.461242
0.628992
0.520818
0.605188
0.59874
0.379283
0.419843
0.546123
0.497698
0.47317
0.348099
0.476497
0.58622
0.549621
0.449447
0.383537
0.489791
0.521969
0.428035
0.480336
0.518238
0.650767
0.58502
0.436584
0.603962
0.513594
0.621679
0.495097
0.468362
0.563369
0.501079
0.690325
0.417608
0.55973
0.572182
0.6655
0.468126
0.626002
0.546995
0.34055
0.376376
0.427216
0.483071
0.413361
0.396733
0.482647
0.360411
0.482459
0.515484
0.419293
0.553517
0.459642
0.508199
0.640667
0.486075
0.596553
0.441914
0.428284
0.617459
0.679663
0.492827
0.411154
0.446973
0.55362
0.574382
0.63158
0.533458
0.41333
0.469883
0.50353
0.514622
0.360691
0.637942
0.502815
0.672156
0.352277
0.508348
0.446267
0.525422
0.569829
0.5101
0.610103
0.648229
0.525785
0.272618
0.505602
0.489915
0.571645
0.515324
0.473209
0.543681
0.507353
0.490034
0.574136
0.541845
0.595399
0.464809
0.451527
0.469386
0.663801
0.537113
0.501167
0.373891
0.437569
0.538391
0.734753
0.611724
0.468777
0.541349
0.436656
0.506937
0.540764
0.505465
0.408107
0.611211
0.402541
0.695476
0.360688
0.439768
0.544852
0.281797
0.463998
0.419978
0.659906
0.581048
0.470304
0.426056
0.532179
0.619099
0.531997
0.484987
0.388208
0.598225
0.295587
0.425526
0.688757
0.524241
0.498999
0.403851
0.377178
0.498631
0.41686
0.57615
0.503295
0.40498
0.591439
0.500143
0.522593
0.618169
0.454899
0.334281
0.525941
0.439071
0.29145
0.665052
0.685589
0.506654
0.605999
0.629563
0.508619
0.363652
0.458825
0.51228
0.469492
0.45116
0.393805
0.481525
0.548838
0.581756
0.530673
0.493046
0.53606
0.489927
0.409758
0.524711
0.458832
0.482847
0.470629
0.518065
0.583004
0.513732
0.514037
0.589238
0.681928
0.574238
0.5395
0.633394
0.504663
0.451581
0.468881
0.483638
0.477997
0.520275
0.459225
0.397004
0.457703
0.537603
0.376153
0.626883
0.599877
0.486159
0.742017
0.502961
0.653732
0.456017
0.491034
0.576444
0.482634
0.483284
0.456568
0.500091
0.400681
0.561057
0.483701
0.399274
0.667547
0.51296
0.503189
0.452001
0.514848
0.468718
0.420899
0.532588
0.382674
0.505401
0.56976
0.485331
0.525471
0.417205
0.439242
0.58131
0.601892
0.450856
0.440362
0.473117
0.493697
0.492953
0.582145
0.399067
0.604281
0.519744
0.428481
0.600134
0.467843
0.51911
0.472257
0.599599
0.355716
0.368689
0.606632
0.457096
0.596801
0.503336
0.491263
0.345471
0.434561
0.529309
0.504306
0.510591
0.523475
0.441802
0.538931
0.560945
0.623319
0.576651
0.546098
0.395619
0.480127
0.576277
0.543291
0.41591
0.588135
0.574134
0.501891
0.577619
0.507496
0.501152
0.593804
0.527716
0.468008
0.491886
0.520985
0.430845
0.419574
0.6173
0.569405
0.627818
0.595594
0.595338
0.422029
0.379985
0.335912
0.529634
0.533301
0.540082
0.371485
0.500965
0.410642
0.551875
0.603328
0.385238
0.466384
0.417634
0.41382
0.596033
0.596593
0.284204
0.528896
0.448955
0.511143
0.685136
0.405117
0.519238
0.482417
0.438079
0.446093
0.613298
0.497955
0.433351
0.458196
0.399112
0.495344
0.46131
0.535965
0.539562
0.425619
0.512882
0.523071
0.647058
0.634406
0.549315
0.525207
0.427011
0.568012
0.47395
0.55668
0.501912
0.404618
0.550503
0.58302
0.507023
0.478748
0.499101
0.477332
0.622882
0.410078
0.463009
0.638618
0.45905
0.465705
0.4757
0.425753
0.427754
0.57789
0.369672
0.541271
0.345287
0.607306
0.555096
0.554588
0.373245
0.48477
0.358113
0.384746
0.360919
0.482414
0.445337
0.568253
0.474354
0.458207
0.472795
0.418032
0.396811
0.485733
0.684302
0.634999
0.459615
0.624066
0.445946
0.664216
0.511531
0.500583
0.440122
0.393073
0.559109
0.5725
0.654208
0.569392
0.509571
0.400912
0.385782
0.572837
0.522113
0.414044
0.5479
0.403467
0.622646
0.554445
0.494762
0.55674
0.461267
0.597773
0.499754
0.534758
0.690942
0.498823
0.404593
0.498996
0.42012
0.563398
0.520023
0.500232
0.541192
0.562613
0.495221
0.526865
0.360957
0.499163
0.384805
0.693281
0.358454
0.403077
0.529026
0.345387
0.569746
0.477441
0.624485
0.490901
0.448461
0.432547
0.399396
0.567472
0.57511
0.639876
0.519159
0.542148
0.287426
0.505318
0.434719
0.591198
0.578184
0.503976
0.347908
0.539751
0.356174
0.536895
0.504669
0.4462
0.490238
0.663
0.638814
0.396754
0.555472
0.427505
0.375656
0.431036
0.474936
0.451046
0.466577
0.650058
0.499433
0.561716
0.462337
0.46338
0.592107
0.545189
0.344616
0.412749
0.283881
0.556067
0.322026
0.364945
0.339912
0.476558
0.558527
0.397075
0.62653
0.526565
0.538917
0.602986
0.492267
0.622227
0.487777
0.629956
0.475876
0.647931
0.444967
0.510286
0.528408
0.549783
0.4625
0.582895
0.585652
0.47647
0.524324
0.505464
0.451469
0.386464
0.502278
0.738171
0.451747
0.508433
0.448183
0.335514
0.592952
0.484727
0.583782
0.313184
0.408443
0.545766
0.486924
0.462432
0.499953
0.356127
0.384138
0.464831
0.580854
0.441091
0.346434
0.515807
0.602035
0.545384
0.546912
0.595786
0.590449
0.59382
0.575462
0.733259
0.554609
0.616507
0.417563
0.384559
0.610512
0.669265
0.490902
0.510587
0.555708
0.522858
0.395267
0.66121
0.468442
0.312619
0.567867
0.483516
0.633018
0.53302
0.347966
0.550589
0.291746
0.529687
0.641434
0.462907
0.598058
0.38436
0.337525
0.404986
0.59461
0.506239
0.466932
0.545306
0.464363
0.336143
0.40187
0.448058
0.601923
0.537864
0.485656
0.520717
0.526562
0.294087
0.540993
0.451903
0.507627
0.64219
0.542865
0.499461
0.497218
0.478227
0.453673
0.469178
0.464262
0.42536
0.404964
0.380003
0.498307
0.605966
0.371823
0.442109
0.500599
0.574629
0.622719
0.479622
0.60421
0.462183
0.639303
0.510284
0.564211
0.448952
0.587395
0.6498
0.433094
0.528282
0.582098
0.639102
0.485882
0.339458
0.526695
0.498194
0.383558
0.542044
0.416732
0.590751
0.562706
0.371658
0.387361
0.339086
0.513415
0.460173
0.443784
0.459586
0.556775
0.621288
0.351323
0.494167
0.457487
0.495398
0.573383
0.393793
0.506305
0.415643
0.63227
0.665542
0.581298
0.400008
0.529573
0.525203
0.546095
0.492285
0.399513
0.402824
0.567514
0.567705
0.480396
0.529133
0.43419
0.587001
0.676017
0.386194
0.532039
0.525634
0.440591
0.436142
0.681613
0.522884
0.357484
0.547312
0.666612
0.388481
0.493775
0.417549
0.482053
0.372409
0.599348
0.449928
0.504799
0.4465
0.480979
0.566624
0.43838
0.264386
0.41857
0.552102
0.608249
0.359358
0.602416
0.497294
0.382853
0.507657
0.657103
0.271878
0.470082
0.527657
0.379359
0.48226
0.487917
0.60342
0.353897
0.378309
0.432299
0.414023
0.522999
0.452392
0.564443
0.618052
0.472331
0.429692
0.514079
0.585629
0.457164
0.579281
0.44429
0.588294
0.529935
0.380898
0.547834
0.550027
0.541763
0.462812
0.444082
0.430701
0.477282
0.58167
0.519905
0.656167
0.64385
0.545652
0.607047
0.427203
0.57293
0.48776
0.51278
0.332476
0.503153
0.376509
0.519816
0.558667
0.501275
0.506782
0.345689
0.53387
0.438981
0.44405
0.501043
0.658332
0.480207
0.300663
0.510465
0.569585
0.345343
0.503348
0.458731
0.556994
0.505434
0.566554
0.399553
0.483683
0.32119
0.416728
0.51313
0.691814
0.478347
0.418084
0.623022
0.660124
0.382631
0.430899
0.48209
0.550618
0.56431
0.588834
0.611468
0.424273
0.604011
0.512241
0.325733
0.52358
0.628242
0.679903
0.501684
0.51272
0.534717
0.56211
0.547336
0.634144
0.594369
0.373434
0.501969
0.383279
0.338593
0.634062
0.447285
0.521074
0.377022
0.533988
0.533944
0.437052
0.402842
0.474847
0.626976
0.543502
0.329358
0.519638
0.347766
0.424432
0.463279
0.611061
0.439554
0.580846
0.556864
0.524644
0.707595
0.406907
0.492819
0.503323
0.484338
0.599479
0.542548
0.675601
0.444213
0.546558
0.600073
0.689864
0.341835
0.558019
0.730663
0.402936
0.471641
0.495116
0.584926
0.541388
0.4462
0.52312
0.51585
0.409606
0.564661
0.55445
0.397971
0.449089
0.392018
0.467632
0.48459
0.558901
0.394086
0.380371
0.450678
0.367701
0.372299
0.423013
0.655805
0.403207
0.416682
0.601618
0.42317
0.635448
0.644534
0.55786
0.467523
0.575614
0.616597
0.725907
0.316478
0.492777
0.621714
0.554442
0.55645
0.566242
0.495175
0.604913
0.496156
0.62174
0.485172
0.455104
0.577345
0.50515
0.306043
0.230065
0.474134
0.527909
0.416122
0.550418
0.50906
0.373725
0.532331
0.531024
0.375663
0.386699
0.542778
0.380959
0.494128
0.366403
0.602906
0.348726
0.438261
0.47596
0.599927
0.524582
0.358766
0.42461
0.444496
0.454854
0.589505
0.316736
0.597819
0.74106
0.560182
0.364794
0.666573
0.589628
0.250554
0.544039
0.49727
0.345989
0.708042
0.522427
0.575886
0.489771
0.61229
0.529542
0.38783
0.485795
0.406988
0.533845
0.517494
0.478547
0.430931
0.478041
0.56591
0.48576
0.467075
0.477803
0.539196
0.489726
0.390005
0.519574
0.609733
0.442902
0.328999
0.598632
0.576223
0.397362
0.675558
0.519073
0.547983
0.635615
0.451004
0.632847
0.453069
0.523259
0.51147
0.525414
0.519033
0.421932
0.304321
0.561112
0.199331
0.49399
0.401749
0.681749
0.417627
0.498277
0.524038
0.607414
0.576449
0.519366
0.426683
0.518997
0.425883
0.590599
0.562263
0.507327
0.512195
0.564198
0.339732
0.254357
0.525498
0.44975
0.390447
0.46725
0.53981
0.385257
0.412018
0.616728
0.588034
0.522989
0.497769
0.436478
0.638657
0.505289
0.471304
0.62091
0.440146
0.573478
0.632424
0.414001
0.473251
0.595969
0.582322
0.412458
0.700648
0.31966
0.53272
0.511879
0.427567
0.541663
0.515347
0.505064
0.28627
0.566375
0.494834
0.397104
0.531474
0.455875
0.649865
0.332346
0.482998
0.399607
0.524116
0.433784
0.476193
0.522257
0.560231
0.435915
0.479859
0.316726
0.516821
0.647556
0.615636
0.432052
0.330181
0.511593
0.262036
0.664104
0.619124
0.134088
0.450512
0.689851
0.543081
0.335668
0.460186
0.453974
0.61031
0.533547
0.392072
0.559532
0.494777
0.593046
0.452833
0.432421
0.357011
0.492907
0.602368
0.52226
0.37593
0.629186
0.418703
0.570367
0.485362
0.537978
0.507898
0.518426
0.670714
0.547687
0.535904
0.449422
0.417947
0.577026
0.383516
0.445391
0.618736
0.475408
0.524787
0.414497
0.522423
0.557853
0.603484
0.482923
0.387073
0.516989
0.4314
0.365027
0.718682
0.50023
0.556532
0.418183
0.499284
0.520648
0.448379
0.356699
0.491437
0.625538
0.621808
0.542163
0.468286
0.477146
0.470177
0.485555
0.555102
0.505504
0.502599
0.489416
0.479956
0.573763
0.379486
0.526335
0.61784
0.551906
0.414678
0.492989
0.474346
0.52519
0.46174
0.396948
0.591657
0.469112
0.526176
0.426399
0.571378
0.603198
0.644567
0.620944
0.39542
0.491348
0.345835
0.604566
0.687894
0.486963
0.559065
0.459855
0.397663
0.526545
0.55653
0.615532
0.492945
0.655913
0.619786
0.587281
0.346066
0.528664
0.490926
0.454885
0.648178
0.446986
0.620289
0.676607
0.530482
0.420354
0.446152
0.434738
0.580216
0.49817
0.441147
0.374213
0.526379
0.38783
0.434359
0.539136
0.531887
0.500186
0.467283
0.530057
0.665578
0.469847
0.366047
0.497783
0.539189
0.478213
0.6115
0.457506
0.581165
0.362633
0.663025
0.549953
0.580863
0.525507
0.441096
0.494295
0.473442
0.662669
0.497891
0.570455
0.447445
0.610807
0.404421
0.436476
0.543801
0.569187
0.456898
0.429543
0.576683
0.581391
0.654271
0.617247
0.543396
0.368254
0.523077
0.558629
0.502174
0.583662
0.564971
0.602523
0.583477
0.420327
0.376514
0.493683
0.662122
0.52314
0.440043
0.575137
0.554275
0.473151
0.308622
0.468201
0.515068
0.585729
0.407325
0.379533
0.499309
0.621869
0.547319
0.627594
0.509486
0.542145
0.598408
0.498833
0.691978
0.438227
0.689956
0.636903
0.3541
0.457369
0.309285
0.536159
0.461335
0.490749
0.440895
0.553689
0.535823
0.527001
0.539065
0.372064
0.313897
0.377744
0.550589
0.537987
0.432165
0.362401
0.403653
0.469978
0.398378
0.495042
0.453062
0.571199
0.665008
0.446481
0.521238
0.501511
0.560221
0.66031
0.498644
0.655789
0.542607
0.482022
0.366497
0.463519
0.432789
0.415847
0.378851
0.567672
0.536702
0.354403
0.590367
0.458779
0.512114
0.431709
0.540273
0.53316
0.541613
0.430603
0.502274
0.512172
0.462059
0.431058
0.584357
0.502344
0.462188
0.51636
0.311681
0.494235
0.596773
0.6596
0.449945
0.390785
0.377488
0.59336
0.525845
0.423962
0.387318
0.420994
0.475463
0.361393
0.527079
0.558327
0.500641
0.422728
0.339348
0.600095
0.537608
0.618365
0.566802
0.485898
0.54135
0.39121
0.388694
0.495923
0.463441
0.585058
0.540906
0.637146
0.350258
0.581183
0.261755
0.286214
0.612728
0.537677
0.417411
0.435637
0.41797
0.534062
0.547556
0.545447
0.42743
0.466642
0.433576
0.432886
0.55529
0.758067
0.528348
0.538207
0.445201
0.537517
0.398356
0.485101
0.562557
0.515891
0.515633
0.509766
0.373781
0.423381
0.598708
0.463072
0.433307
0.394732
0.638478
0.49576
0.523143
0.480503
0.556635
0.517095
0.489137
0.730582
0.431003
0.472823
0.492288
0.539201
0.38384
0.518797
0.542641
0.458633
0.565916
0.572072
0.60755
0.581769
0.480852
0.401746
0.5853
0.561685
0.480959
0.477309
0.409287
0.579333
0.627519
0.522706
0.497201
0.588421
0.645161
0.529806
0.483841
0.559522
0.611734
0.26543
0.47545
0.513442
0.511751
0.461564
0.637631
0.47682
0.543257
0.408851
0.478168
0.41091
0.70462
0.578914
0.410265
0.457481
0.399535
0.581559
0.480937
0.313701
0.485202
0.418332
0.523538
0.590884
0.450367
0.424426
0.542568
0.629922
0.346654
0.696346
0.463193
0.539187
0.508307
0.483262
0.477071
0.588686
0.382198
0.475408
0.490322
0.537181
0.451674
0.453377
0.528709
0.387
0.474516
0.567617
0.279282
0.75419
0.467043
0.497922
0.546994
0.509659
0.553058
0.398146
0.478992
0.389921
0.458098
0.561883
0.458509
0.594007
0.666149
0.65027
0.494508
0.57611
0.567706
0.503603
0.532443
0.61145
0.514769
0.513855
0.485723
0.455868
0.560115
0.465715
0.436685
0.53759
0.494867
0.559195
0.680087
0.512575
0.610121
0.607344
0.581382
0.682858
0.495109
0.558059
0.696213
0.420217
0.446095
0.519472
0.54682
0.555521
0.496907
0.573836
0.475253
0.487031
0.493749
0.545328
0.392505
0.628935
0.623632
0.542639
0.516904
0.664338
0.467504
0.527685
0.644316
0.584921
0.48586
0.567263
0.416932
0.59243
0.556339
0.504931
0.356621
0.405141
0.469541
0.445846
0.503085
0.455403
0.450999
0.577802
0.446205
0.382346
0.413971
0.657132
0.66627
0.416789
0.559442
0.56864
0.494911
0.423372
0.626422
0.324193
0.683866
0.507884
0.45738
0.495051
0.517847
0.415759
0.580324
0.378503
0.632053
0.34063
0.520815
0.479852
0.594056
0.529868
0.443865
0.446218
0.484031
0.516931
0.587427
0.319164
0.256499
0.428371
0.385888
0.478551
0.490994
0.606288
0.593693
0.430541
0.43825
0.454991
0.605954
0.448122
0.44276
0.463612
0.434614
0.602995
0.371759
0.474361
0.535452
0.433136
0.504893
0.559101
0.492932
0.670809
0.438075
0.434883
0.656632
0.611288
0.529233
0.692048
0.584689
0.432997
0.462885
0.426464
0.486426
0.585258
0.534678
0.460468
0.568036
0.440301
0.456264
0.304993
0.371944
0.461667
0.555105
0.558402
0.362136
0.571584
0.592991
0.455445
0.344518
0.405385
0.551315
0.272788
0.723054
0.521507
0.530328
0.565484
0.579154
0.391045
0.583853
0.651761
0.623509
0.721361
0.460114
0.481437
0.506292
0.573655
0.543601
0.316271
0.383349
0.414926
0.592067
0.218514
0.522731
0.500179
0.437007
0.68688
0.497643
0.611236
0.46516
0.497159
0.348594
0.583952
0.522824
0.497625
0.409249
0.33612
0.483948
0.377389
0.377222
0.663817
0.597246
0.468809
0.37274
0.604402
0.576723
0.363014
0.264855
0.569857
0.524299
0.510614
0.456568
0.434628
0.472365
0.447597
0.506989
0.517584
0.508376
0.529389
0.530327
0.628194
0.292777
0.674049
0.648272
0.452479
0.705785
0.708502
0.484005
0.434763
0.557767
0.279709
0.572826
0.466745
0.272182
0.535629
0.52609
0.425825
0.599252
0.398804
0.621859
0.710153
0.442772
0.348355
0.407412
0.498289
0.38167
0.594161
0.485451
0.516851
0.542149
0.369953
0.517587
0.62999
0.425469
0.590028
0.41538
0.570021
0.520643
0.507235
0.500949
0.508959
0.530536
0.57791
0.605873
0.426247
0.414067
0.482326
0.638832
0.658357
0.396467
0.467268
0.489147
0.62148
0.623713
0.470259
0.545098
0.278939
0.636527
0.352966
0.492628
0.580465
0.613504
0.514251
0.421754
0.430917
0.482193
0.371344
0.404704
0.551513
0.421141
0.490535
0.421567
0.577106
0.475143
0.416791
0.495904
0.488489
0.480157
0.494642
0.46453
0.509222
0.543574
0.490685
0.542376
0.50189
0.54972
0.620974
0.35506
0.379215
0.459723
0.754586
0.398524
0.600893
0.44908
0.507579
0.446802
0.457495
0.47546
0.659551
0.465702
0.548242
0.493537
0.417976
0.301923
0.539948
0.532833
0.523444
0.603817
0.349856
0.628781
0.531924
0.591753
0.625606
0.446442
0.628124
0.532736
0.501019
0.660515
0.516993
0.385669
0.386835
0.454515
0.408378
0.470357
0.511052
0.3762
0.352826
0.575074
0.553941
0.435551
0.604476
0.354227
0.428311
0.455824
0.579963
0.379374
0.436046
0.687426
0.550228
0.59358
0.587415
0.568558
0.545093
0.380796
0.400126
0.56582
0.468412
0.498671
0.600555
0.452169
0.514624
0.63495
0.830067
0.478841
0.745445
0.534277
0.614779
0.472083
0.528439
0.603998
0.48764
0.534735
0.257187
0.544244
0.65711
0.556951
0.465701
0.359294
0.697241
0.539536
0.417737
0.593956
0.58939
0.507612
0.394612
0.500397
0.576298
0.441552
0.423101
0.377598
0.594709
0.676312
0.577964
0.337305
0.533194
0.519545
0.661611
0.437087
0.5173
0.413067
0.606391
0.482804
0.554609
0.41149
0.462964
0.339548
0.477785
0.576039
0.431168
0.50179
0.504127
0.58079
0.557767
0.460216
0.485627
0.4028
0.368458
0.564459
0.554009
0.416803
0.519441
0.417621
0.470679
0.439359
0.446861
0.650226
0.271988
0.46659
0.660387
0.507958
0.555698
0.523827
0.670152
0.449245
0.384971
0.594721
0.454267
0.585486
0.591708
0.521599
0.467076
0.508419
0.641519
0.568044
0.456285
0.435862
0.278063
0.508922
0.500087
0.468767
0.294984
0.362273
0.493343
0.489256
0.389124
0.401725
0.404886
0.441017
0.629174
0.487283
0.495941
0.520151
0.529383
0.426594
0.432656
0.466315
0.548419
0.527978
0.443702
0.480671
0.438941
0.530754
0.366846
0.408912
0.65392
0.397607
0.496401
0.414343
0.571197
0.527942
0.686403
0.327703
0.528254
0.500416
0.482352
0.597146
0.364632
0.377044
0.447302
0.673511
0.349902
0.500488
0.516063
0.452735
0.430559
0.490373
0.454271
0.458969
0.459688
0.593673
0.616995
0.488704
0.578711
0.568455
0.694575
0.647886
0.600993
0.479455
0.501331
0.300775
0.502555
0.65821
0.605729
0.510971
0.455623
0.52966
0.518615
0.491779
0.546184
0.531389
0.44903
0.594793
0.697213
0.350849
0.40514
0.552303
0.674692
0.580161
0.360768
0.550839
0.384022
0.437304
0.325954
0.549892
0.569875
0.526701
0.453003
0.57157
0.613025
0.611453
0.477371
0.373662
0.473162
0.543676
0.435775
0.480314
0.357143
0.548624
0.521848
0.58121
0.297629
0.58249
0.432622
0.521912
0.507509
0.483004
0.42712
0.494696
0.530983
0.506168
0.461287
0.500955
0.342645
0.49167
0.681447
0.492968
0.551389
0.423758
0.351485
0.514516
0.246403
0.453571
0.556864
0.546609
0.478011
0.523115
0.471606
0.526229
0.496575
0.480342
0.492307
0.642778
0.578148
0.498953
0.536227
0.428606
0.446025
0.615811
0.568482
0.446715
0.552833
0.573035
0.666308
0.440464
0.418226
0.601088
0.64636
0.446805
0.522777
0.603377
0.573955
0.486326
0.539074
0.502104
0.641168
0.730046
0.636528
0.579338
0.443611
0.504689
0.626865
0.396472
0.603754
0.434823
0.422725
0.399478
0.58156
0.332017
0.562292
0.616558
0.581204
0.427848
0.408312
0.52905
0.705623
0.509345
0.46035
0.545617
0.628574
0.452142
0.5246
0.534011
0.646901
0.558363
0.66602
0.463891
0.643624
0.392945
0.423046
0.588416
0.53547
0.373863
0.495606
0.541526
0.59643
0.40841
0.522617
0.652078
0.341871
0.479412
0.445609
0.575189
0.425735
0.47198
0.41063
0.515372
0.546296
0.493133
0.490989
0.465273
0.57393
0.473297
0.618926
0.508039
0.507329
0.550475
0.494724
0.530536
0.532529
0.424536
0.697267
0.368898
0.402129
0.530831
0.450513
0.457079
0.470019
0.519042
0.405818
0.473301
0.609914
0.434898
0.480511
0.57852
0.413959
0.38912
0.548602
0.615244
0.51064
0.559635
0.409966
0.484248
0.459199
0.609887
0.369796
0.54098
0.270732
0.517711
0.440641
0.45262
0.674098
0.496033
0.534738
0.631028
0.58776
0.448306
0.544886
0.505994
0.57662
0.338379
0.517533
0.527442
0.665915
0.366147
0.402238
0.584457
0.452167
0.527111
0.617123
0.603216
0.494182
0.39565
0.300427
0.53513
0.385049
0.508549
0.523696
0.470713
0.499061
0.637043
0.422665
0.313928
0.47544
0.622343
0.357316
0.725967
0.543736
0.611351
0.443084
0.396639
0.313714
0.465964
0.500646
0.525768
0.545543
0.431109
0.352204
0.596214
0.584026
0.433359
0.447629
0.794363
0.483634
0.643684
0.434309
0.583121
0.569018
0.574657
0.490021
0.456695
0.468694
0.59408
0.418597
0.505661
0.527522
0.623795
0.363636
0.595008
0.446598
0.354098
0.425989
0.407106
0.517135
0.540932
0.476184
0.525733
0.607874
0.464733
0.533466
0.636536
0.533544
0.516541
0.53857
0.393502
0.474857
0.438675
0.677808
0.450255
0.538476
0.48404
0.42155
0.679183
0.4384
0.46979
0.320615
0.600659
0.548136
0.487849
0.659582
0.518796
0.716022
0.596467
0.496479
0.409426
0.654034
0.453735
0.62379
0.530199
0.403365
0.465686
0.466192
0.521912
0.448045
0.508332
0.385881
0.644412
0.390836
0.344705
0.49685
0.439619
0.3236
0.494702
0.594909
0.538449
0.517315
0.727219
0.590743
0.327618
0.524877
0.630823
0.588753
0.466548
0.432793
0.480885
0.384893
0.493795
0.515855
0.55786
0.362194
0.586654
0.54182
0.383072
0.543129
0.6368
0.54113
0.62512
0.413446
0.579052
0.399644
0.391725
0.562557
0.359571
0.45034
0.458541
0.491044
0.554001
0.532904
0.298208
0.61632
0.44531
0.558099
0.459605
0.562936
0.545271
0.556766
0.409004
0.454504
0.692787
0.311297
0.581545
0.529674
0.486431
0.36036
0.403148
0.385073
0.407839
0.435653
0.529727
0.503568
0.366781
0.432413
0.512269
0.556716
0.647955
0.633388
0.433067
0.575687
0.463801
0.398935
0.570113
0.565468
0.616799
0.603895
0.333377
0.49257
0.448981
0.544841
0.378421
0.606982
0.605574
0.559286
0.439501
0.464532
0.463924
0.49139
0.436048
0.496338
0.478075
0.506686
0.693124
0.527441
0.663576
0.601303
0.678176
0.37725
0.496326
0.469146
0.39312
0.479827
0.523481
0.583442
0.372521
0.542559
0.683662
0.417058
0.525331
0.517218
0.50792
0.668929
0.419396
0.487868
0.622145
0.681944
0.444629
0.485561
0.495811
0.53057
0.402496
0.620223
0.381172
0.424488
0.356152
0.475614
0.46125
0.517469
0.637305
0.443685
0.374164
0.528697
0.342591
0.480175
0.60557
0.476702
0.363975
0.543687
0.54021
0.594055
0.484389
0.536033
0.537778
0.633921
0.531569
0.592041
0.447528
0.497555
0.519737
0.47251
0.600271
0.50478
0.420528
0.494485
0.415637
0.397473
0.291242
0.388463
0.736673
0.50903
0.350258
0.50262
0.653095
0.55077
0.426139
0.579637
0.498701
0.659194
0.518686
0.412135
0.7077
0.615992
0.39692
0.538232
0.588909
0.495659
0.520682
0.469186
0.526002
0.513538
0.409265
0.646558
0.436203
0.540093
0.692212
0.406801
0.519036
0.515182
0.564133
0.486659
0.400989
0.43904
0.427098
0.533193
0.63111
0.434714
0.640909
0.387781
0.406841
0.369575
0.613255
0.593845
0.50856
0.391585
0.54846
0.533558
0.49555
0.4789
0.535296
0.529263
0.565322
0.519412
0.490995
0.550779
0.702441
0.529744
0.590363
0.450243
0.442214
0.591248
0.595589
0.601636
0.448833
0.523455
0.464063
0.552552
0.556781
0.533463
0.648254
0.601306
0.648502
0.672648
0.613391
0.692885
0.640605
0.600127
0.385432
0.382752
0.425041
0.49529
0.503511
0.347977
0.460934
0.579766
0.387778
0.630612
0.436981
0.502093
0.545264
0.478743
0.523511
0.406367
0.523118
0.606061
0.507555
0.349101
0.380291
0.421326
0.453482
0.446503
0.48545
0.48451
0.455963
0.627327
0.360631
0.526918
0.451258
0.634459
0.476861
0.628024
0.427043
0.461328
0.469681
0.472243
0.520195
0.52723
0.579247
0.614332
0.416192
0.4886
0.531385
0.362562
0.562984
0.551267
0.562695
0.544302
0.486432
0.491645
0.654537
0.549087
0.543609
0.412846
0.477417
0.349758
0.474489
0.454607
0.559058
0.482673
0.511765
0.443936
0.676097
0.523517
0.482758
0.51634
0.731137
0.525662
0.486593
0.655439
0.613538
0.593514
0.454037
0.691791
0.654099
0.343763
0.596625
0.469674
0.570475
0.462896
0.325894
0.533561
0.361887
0.599827
0.472796
0.403996
0.448438
0.437954
0.461548
0.605536
0.462018
0.47141
0.491416
0.5774
0.582532
0.46578
0.554146
0.540442
0.574905
0.413982
0.363963
0.312005
0.619009
0.403506
0.601295
0.553225
0.436407
0.691673
0.470578
0.501284
0.504514
0.541019
0.646735
0.382102
0.410484
0.59742
0.534134
0.516917
0.533876
0.399007
0.386031
0.62918
0.458841
0.484392
0.531765
0.526144
0.603318
0.524233
0.433144
0.772515
0.414424
0.43057
0.440708
0.591488
0.415958
0.503896
0.544774
0.521469
0.605649
0.358357
0.315359
0.42473
0.386489
0.620954
0.39934
0.487264
0.478243
0.531095
0.592392
0.467002
0.491894
0.4723
0.527471
0.440594
0.56156
0.448354
0.520846
0.466881
0.615085
0.47164
0.390884
0.428165
0.326262
0.461882
0.614018
0.728359
0.528343
0.558979
0.506535
0.520057
0.480228
0.434085
0.420076
0.500552
0.563417
0.438562
0.512897
0.259762
0.449567
0.6609
0.408235
0.481044
0.615172
0.367159
0.675261
0.48879
0.391627
0.580966
0.467393
0.504719
0.425664
0.614573
0.426917
0.417704
0.586841
0.492931
0.414085
0.489971
0.395499
0.31823
0.443108
0.61547
0.356326
0.402799
0.506644
0.414163
0.469369
0.353745
0.544619
0.388991
0.452074
0.423179
0.66244
0.390201
0.54263
0.643324
0.527872
0.524704
0.366634
0.746312
0.57506
0.416121
0.5358
0.323885
0.418422
0.664105
0.60915
0.612754
0.228327
0.569532
0.483857
0.596769
0.544712
0.385094
0.494625
0.397586
0.50401
0.51882
0.487195
0.480923
0.428961
0.461
0.293306
0.636031
0.580118
0.422969
0.571141
0.491414
0.492074
0.569169
0.487033
0.410348
0.516638
0.49188
0.400876
0.565177
0.569436
0.620983
0.479466
0.419882
0.525603
0.579067
0.598664
0.555833
0.334471
0.485198
0.507026
0.556142
0.522365
0.478595
0.610241
0.519494
0.426841
0.376458
0.597454
0.604785
0.354932
0.498147
0.567256
0.613398
0.482153
0.480878
0.322851
0.296377
0.408273
0.480086
0.592628
0.529264
0.560063
0.590555
0.394074
0.427809
0.480435
0.442391
0.495701
0.483239
0.367638
0.418895
0.443362
0.476245
0.527365
0.611337
0.504062
0.68431
0.474857
0.568624
0.542075
0.627469
0.473315
0.417807
0.478916
0.503062
0.51913
0.524359
0.500412
0.540517
0.483689
0.629094
0.460866
0.46265
0.595699
0.541613
0.395984
0.570461
0.397221
0.488077
0.393002
0.57386
0.430807
0.704116
0.478126
0.371219
0.514353
0.431649
0.568151
0.536141
0.534508
0.421315
0.494813
0.800274
0.538689
0.460266
0.547176
0.626481
0.629981
0.437938
0.389053
0.54717
0.468401
0.730493
0.59519
0.597991
0.356248
0.527493
0.511649
0.507665
0.434462
0.542423
0.582572
0.410089
0.541139
0.641579
0.497183
0.525408
0.482574
0.493849
0.497649
0.412148
0.441407
0.486877
0.750111
0.523027
0.495684
0.673047
0.417922
0.502485
0.546854
0.501713
0.487846
0.544487
0.353939
0.462075
0.586712
0.484567
0.545342
0.404042
0.587687
0.330615
0.428972
0.422426
0.442107
0.442311
0.345575
0.682751
0.584489
0.449642
0.509395
0.534945
0.645067
0.656347
0.554509
0.404151
0.465939
0.404658
0.454357
0.265858
0.553589
0.683128
0.506288
0.505519
0.512315
0.439841
0.472061
0.530804
0.489775
0.618749
0.539559
0.547585
0.627596
0.567343
0.520105
0.428742
0.446711
0.369367
0.520056
0.597826
0.408813
0.536704
0.524524
0.4176
0.582007
0.550081
0.305319
0.616441
0.400505
0.368671
0.61441
0.40355
0.544881
0.334157
0.448432
0.516897
0.381153
0.475296
0.468978
0.415785
0.583667
0.374468
0.63764
0.372901
0.428475
0.48819
0.273966
0.538663
0.380618
0.519027
0.468745
0.643686
0.510455
0.516802
0.484228
0.373102
0.560876
0.542487
0.447122
0.489486
0.448978
0.558607
0.489409
0.299095
0.522489
0.615482
0.416265
0.649064
0.502943
0.583071
0.47957
0.611232
0.534344
0.433685
0.509713
0.351181
0.517742
0.611269
0.507636
0.499081
0.548906
0.428457
0.423242
0.431876
0.587963
0.513037
0.445551
0.344332
0.476609
0.480966
0.704191
0.529429
0.480205
0.443521
0.431003
0.506549
0.368809
0.661643
0.454814
0.628883
0.562879
0.641014
0.601602
0.669436
0.45615
0.516859
0.446507
0.428008
0.489854
0.60794
0.413388
0.51946
0.589219
0.524689
0.541804
0.496568
0.484851
0.49687
0.440538
0.428735
0.428384
0.441652
0.521014
0.70078
0.573432
0.423444
0.453143
0.514024
0.429664
0.36228
0.510372
0.364828
0.409479
0.328068
0.569947
0.443736
0.473529
0.713415
0.50857
0.541316
0.643024
0.508273
0.682905
0.564799
0.483486
0.605089
0.308564
0.562532
0.576323
0.543593
0.350444
0.621286
0.581345
0.35988
0.511509
0.544393
0.555019
0.334853
0.556299
0.636653
0.526018
0.642602
0.429716
0.614957
0.441307
0.479741
0.630803
0.531485
0.382751
0.512214
0.475494
0.439367
0.415941
0.306522
0.631501
0.548609
0.569638
0.517823
0.43275
0.513103
0.555985
0.487795
0.579964
0.55746
0.528317
0.660653
0.308242
0.495426
0.535162
0.356144
0.651683
0.409563
0.565699
0.443852
0.55933
0.354877
0.393692
0.443572
0.615913
0.417023
0.513628
0.632021
0.395125
0.598712
0.524486
0.36659
0.722337
0.625876
0.553329
0.642332
0.447903
0.558153
0.522568
0.478836
0.431442
0.5562
0.551527
0.489115
0.411648
0.501318
0.44461
0.713096
0.685463
0.580842
0.355114
0.603781
0.444616
0.345714
0.425448
0.534603
0.516779
0.41464
0.391231
0.451973
0.432792
0.542166
0.498456
0.527498
0.490642
0.48603
0.51965
0.469794
0.411097
0.402057
0.566645
0.336308
0.479096
0.362888
0.484322
0.341015
0.639248
0.539753
0.471385
0.48434
0.662982
0.404505
0.510971
0.637116
0.529123
0.402085
0.405589
0.390849
0.458889
0.411549
0.597612
0.742051
0.620514
0.456775
0.518278
0.608857
0.367932
0.445916
0.544855
0.583598
0.502155
0.511663
0.457353
0.30551
0.443235
0.492311
0.472887
0.29318
0.474871
0.436628
0.397499
0.506832
0.272981
0.433468
0.571997
0.516024
0.453755
0.660061
0.60005
0.52876
0.375926
0.410855
0.63352
0.393545
0.606231
0.511781
0.451729
0.616333
0.406226
0.542762
0.508072
0.73981
0.422871
0.484259
0.429106
0.412916
0.464476
0.471631
0.437965
0.43398
0.417867
0.384025
0.535675
0.481317
0.511815
0.512513
0.510655
0.450585
0.556
0.345139
0.558406
0.498696
0.683997
0.274519
0.580121
0.649523
0.603011
0.576597
0.590657
0.447118
0.402268
0.527146
0.60303
0.547642
0.396227
0.615544
0.368319
0.621639
0.577964
0.383353
0.436576
0.493801
0.432331
0.558179
0.566065
0.477801
0.607671
0.571258
0.544865
0.469262
0.669139
0.540213
0.60059
0.440396
0.455843
0.466332
0.660718
0.535302
0.438278
0.438771
0.487697
0.495397
0.721744
0.455968
0.349769
0.449921
0.465612
0.567596
0.500122
0.486907
0.587594
0.608296
0.423733
0.675509
0.396319
0.537443
0.472967
0.541015
0.344787
0.617127
0.549719
0.599364
0.521474
0.553537
0.403613
0.438441
0.395062
0.494883
0.502466
0.488917
0.403027
0.521957
0.49299
0.65782
0.6235
0.285416
0.506366
0.503558
0.494042
0.636839
0.375085
0.511525
0.540224
0.468559
0.414165
0.484922
0.351068
0.520263
0.481545
0.495893
0.487673
0.528313
0.469207
0.54752
0.635538
0.386698
0.488279
0.577729
0.510328
0.356524
0.398095
0.491586
0.501042
0.503882
0.490904
0.538966
0.483762
0.363935
0.480648
0.460017
0.463375
0.622016
0.65593
0.401348
0.499896
0.270491
0.544032
0.261278
0.450215
0.643143
0.594549
0.553029
0.605327
0.446756
0.427927
0.480147
0.42732
0.602585
0.50591
0.498939
0.489608
0.678342
0.367626
0.498184
0.398115
0.434317
0.53675
0.556814
0.720355
0.525199
0.441917
0.445784
0.573535
0.492152
0.504255
0.320749
0.522057
0.547659
0.532645
0.407702
0.409013
0.598611
0.529032
0.514155
0.495455
0.571104
0.44281
0.303915
0.305483
0.393354
0.525059
0.454004
0.474382
0.361128
0.420091
0.567705
0.471267
0.453044
0.393502
0.448216
0.616923
0.381073
0.632664
0.442833
0.441726
0.454528
0.36725
0.648086
0.627775
0.403819
0.644187
0.521679
0.453553
0.453195
0.553069
0.377606
0.60869
0.449685
0.434836
0.346221
0.470579
0.548401
0.518233
0.461575
0.433861
0.422343
0.615251
0.393739
0.457964
0.407827
0.368517
0.474357
0.347142
0.414591
0.480286
0.469099
0.501655
0.522647
0.464416
0.531172
0.477959
0.355882
0.549428
0.525518
0.469983
0.465386
0.522476
0.443788
0.37281
0.473477
0.440754
0.435655
0.514272
0.622328
0.548607
0.262494
0.539207
0.439091
0.425315
0.534933
0.405337
0.472376
0.450251
0.626232
0.598945
0.472915
0.508813
0.558944
0.602747
0.484203
0.574285
0.342745
0.447577
0.476884
0.387446
0.396823
0.653722
0.303607
0.417531
0.520649
0.616958
0.469072
0.4248
0.482467
0.518554
0.402914
0.356747
0.375262
0.53775
0.591083
0.39666
0.445465
0.519402
0.464321
0.444979
0.430108
0.49874
0.460311
0.450618
0.543624
0.609366
0.56905
0.421136
0.435935
0.499876
0.238954
0.527345
0.498962
0.558686
0.364186
0.479687
0.529146
0.395859
0.391651
0.490415
0.45904
0.554965
0.57908
0.547329
0.451505
0.327206
0.703609
0.611548
0.405511
0.714276
0.363178
0.513515
0.453
0.335625
0.531115
0.45814
0.631765
0.400033
0.41717
0.561718
0.499733
0.460599
0.556285
0.529974
0.511536
0.346498
0.689321
0.448298
0.508715
0.61404
0.417946
0.491967
0.580355
0.383811
0.408863
0.675853
0.631445
0.529901
0.390505
0.449845
0.451712
0.461397
0.528319
0.50793
0.608132
0.48561
0.582701
0.415603
0.489822
0.466644
0.646644
0.671965
0.414458
0.392205
0.528101
0.509646
0.460846
0.435716
0.485049
0.59733
0.52274
0.450047
0.539216
0.346465
0.684462
0.253385
0.487379
0.635366
0.499369
0.466983
0.597124
0.650739
0.407647
0.538745
0.416939
0.50827
0.660412
0.435834
0.348452
0.550733
0.322556
0.413691
0.52162
0.433718
0.607231
0.568089
0.481623
0.495856
0.450363
0.451045
0.439215
0.272089
0.364017
0.580668
0.454211
0.54528
0.612948
0.499182
0.614797
0.443181
0.539097
0.432645
0.443301
0.574463
0.414297
0.580055
0.502027
0.459275
0.431897
0.508785
0.490727
0.546477
0.553497
0.55748
0.420278
0.521438
0.607439
0.446796
0.515045
0.495002
0.291196
0.372559
0.539443
0.425929
0.560231
0.405147
0.562139
0.465867
0.591405
0.343121
0.464304
0.327591
0.489449
0.668342
0.566327
0.464008
0.660516
0.424043
0.490332
0.607098
0.407264
0.486519
0.493829
0.652724
0.505417
0.525346
0.502804
0.388933
0.502205
0.446246
0.440494
0.252099
0.632562
0.584918
0.491103
0.456981
0.479419
0.469405
0.555642
0.483477
0.6099
0.392761
0.550077
0.514595
0.599718
0.337012
0.463912
0.406845
0.413502
0.36362
0.440335
0.436023
0.539277
0.534876
0.556977
0.59802
0.580795
0.354877
0.679356
0.45607
0.491857
0.517948
0.527006
0.512504
0.492255
0.526587
0.435277
0.444864
0.435439
0.390258
0.513757
0.482883
0.303444
0.540523
0.595246
0.414609
0.485136
0.497291
0.537158
0.396644
0.649261
0.495111
0.480216
0.405185
0.554256
0.427703
0.38727
0.601291
0.34229
0.593132
0.378034
0.495496
0.345396
0.521221
0.443492
0.483629
0.487112
0.439058
0.566733
0.587409
0.593441
0.579636
0.494889
0.470092
0.532458
0.462906
0.399872
0.709191
0.382342
0.477735
0.533526
0.39499
0.483078
0.567475
0.625821
0.48529
0.557548
0.471069
0.492662
0.583558
0.493205
0.395854
0.412846
0.419358
0.455968
0.497412
0.401705
0.596663
0.663485
0.416063
0.35189
0.437374
0.675335
0.668803
0.42978
0.384068
0.663246
0.519706
0.608907
0.537757
0.404852
0.451037
0.489804
0.393107
0.599988
0.331525
0.498635
0.59533
0.438993
0.527487
0.474923
0.579658
0.557959
0.626698
0.651682
0.46602
0.496328
0.344115
0.49921
0.468291
0.527707
0.352796
0.346789
0.439165
0.465258
0.432573
0.414475
0.508451
0.648461
0.553238
0.580165
0.584299
0.398529
0.608247
0.375078
0.473568
0.585241
0.589143
0.643747
0.639304
0.478393
0.440129
0.622616
0.549961
0.562556
0.556442
0.484276
0.586784
0.474311
0.58939
0.562357
0.56241
0.376562
0.495135
0.615061
0.565553
0.615046
0.413533
0.403293
0.583273
0.607572
0.48755
0.452296
0.564105
0.497047
0.432989
0.533699
0.572025
0.454774
0.542502
0.44782
0.442935
0.450983
0.557047
0.404059
0.492092
0.515051
0.462209
0.590181
0.432604
0.388301
0.665981
0.28924
0.551851
0.427756
0.588853
0.345893
0.454397
0.449698
0.446257
0.601794
0.416678
0.607337
0.527644
0.412747
0.510479
0.477368
0.575682
0.428253
0.438918
0.485676
0.543283
0.45706
0.490395
0.632897
0.655393
0.560297
0.552645
0.486021
0.526686
0.406734
0.44081
0.3827
0.485536
0.592677
0.580095
0.250381
0.528843
0.572002
0.445356
0.472852
0.681526
0.559752
0.596642
0.64227
0.558695
0.265737
0.561456
0.415201
0.527756
0.582527
0.601199
0.546661
0.541896
0.395185
0.561013
0.406639
0.465635
0.398071
0.438906
0.389032
0.637341
0.597025
0.521825
0.503396
0.612824
0.443171
0.422994
0.495388
0.508336
0.3876
0.516612
0.672245
0.510551
0.564116
0.50269
0.515109
0.445271
0.500221
0.546524
0.540479
0.595875
0.624483
0.524049
0.428532
0.536695
0.381393
0.466003
0.36655
0.495777
0.482786
0.630569
0.561112
0.485645
0.417867
0.445882
0.453232
0.339954
0.61188
0.350488
0.426052
0.668116
0.666363
0.421591
0.725188
0.589185
0.431987
0.517616
0.417285
0.530549
0.457862
0.573344
0.392822
0.57615
0.32922
0.572598
0.474657
0.623201
0.448332
0.68518
0.524278
0.555579
0.531477
0.591457
0.643212
0.266285
0.587767
0.529745
0.447474
0.360597
0.513588
0.588325
0.448446
0.345742
0.479401
0.525676
0.404034
0.362147
0.503581
0.639201
0.509391
0.535534
0.300998
0.414462
0.37701
0.528363
0.461948
0.473641
0.411428
0.543317
0.560067
0.703676
0.714247
0.480773
0.605785
0.481239
0.560684
0.57639
0.554887
0.423428
0.26928
0.4442
0.449675
0.57978
0.441904
0.624768
0.713226
0.642928
0.581644
0.487238
0.435202
0.59193
0.401651
0.45828
0.380613
0.694036
0.618449
0.250182
0.420956
0.57736
0.478738
0.53455
0.630048
0.548663
0.599123
0.257284
0.704917
0.567149
0.503743
0.714745
0.465022
0.496909
0.525173
0.510208
0.351078
0.647371
0.489492
0.483957
0.587722
0.572808
0.436858
0.459562
0.492205
0.438717
0.434388
0.473107
0.604303
0.474549
0.518641
0.551383
0.580578
0.519041
0.560446
0.579226
0.339084
0.426068
0.675286
0.445448
0.658621
0.435705
0.307936
0.481009
0.329562
0.626857
0.6005
0.502281
0.721271
0.454581
0.50848
0.546505
0.474112
0.636891
0.559963
0.635742
0.441971
0.392614
0.358493
0.529822
0.504246
0.543532
0.61065
0.328067
0.434163
0.480795
0.714846
0.453713
0.453305
0.557296
0.578299
0.504231
0.520153
0.504428
0.534616
0.574938
0.493464
0.683343
0.414912
0.562513
0.579224
0.467576
0.580805
0.529256
0.512927
0.515588
0.558163
0.55814
0.446874
0.42854
0.415896
0.452932
0.50517
0.400278
0.514577
0.436876
0.637047
0.453271
0.505138
0.477636
0.542135
0.515942
0.388371
0.515446
0.559244
0.633561
0.451406
0.5956
0.503222
0.416564
0.577824
0.505654
0.602377
0.716921
0.683542
0.491922
0.531975
0.584863
0.461044
0.479077
0.557246
0.494993
0.520031
0.540872
0.492323
0.442565
0.693021
0.469218
0.449517
0.497381
0.429892
0.563099
0.49626
0.564519
0.535835
0.507976
0.555072
0.537787
0.612668
0.440597
0.574831
0.443556
0.343889
0.493322
0.469607
0.559305
0.619377
0.586301
0.464312
0.552952
0.326048
0.58505
0.50435
0.425769
0.536306
0.565213
0.479443
0.653371
0.506555
0.625481
0.479781
0.506017
0.453521
0.463902
0.545595
0.491167
0.506609
0.381988
0.489227
0.497948
0.439974
0.305278
0.361759
0.334921
0.568465
0.408229
0.404197
0.539252
0.547069
0.405499
0.566207
0.497084
0.443937
0.220952
0.393347
0.451686
0.362573
0.56989
0.47672
0.587598
0.569188
0.589252
0.52694
0.465768
0.33675
0.424758
0.577256
0.54638
0.747668
0.533153
0.438683
0.472763
0.602574
0.581966
0.422917
0.401539
0.363082
0.528394
0.416806
0.450844
0.411921
0.533144
0.535112
0.400195
0.644267
0.414289
0.496265
0.512296
0.509597
0.370416
0.658776
0.358784
0.603841
0.601539
0.423952
0.41864
0.56708
0.530516
0.453526
0.679719
0.372512
0.576868
0.568765
0.510549
0.397863
0.45917
0.390624
0.481288
0.350915
0.501366
0.548434
0.499441
0.476254
0.492608
0.427633
0.387652
0.600851
0.499401
0.544969
0.367609
0.381522
0.553101
0.632623
0.425828
0.497808
0.534986
0.480605
0.623774
0.489264
0.355376
0.529823
0.376535
0.566635
0.472471
0.426119
0.260939
0.531853
0.520806
0.438579
0.625766
0.322247
0.418441
0.413397
0.463398
0.549866
0.396225
0.377495
0.563967
0.53723
0.541679
0.424128
0.409808
0.456343
0.474272
0.405636
0.479704
0.55823
0.568093
0.426481
0.519168
0.535767
0.51211
0.672673
0.294684
0.492995
0.547461
0.431677
0.486596
0.499638
0.345416
0.449829
0.387005
0.489944
0.488878
0.44229
0.555781
0.52051
0.494509
0.513514
0.549521
0.432145
0.461784
0.564182
0.474971
0.566371
0.559492
0.553525
0.430185
0.267564
0.459437
0.45393
0.583389
0.557242
0.501278
0.277675
0.501247
0.39748
0.621715
0.473633
0.574941
0.365865
0.405387
0.384736
0.404193
0.74492
0.414123
0.424958
0.486091
0.584356
0.525374
0.277565
0.417277
0.724999
0.559867
0.534316
0.454787
0.778707
0.502777
0.488299
0.492554
0.439047
0.521886
0.461036
0.497299
0.552998
0.460453
0.48747
0.509252
0.514379
0.531713
0.400405
0.649863
0.445203
0.36617
0.548946
0.490392
0.511604
0.562026
0.553464
0.42198
0.576465
0.46335
0.542549
0.629504
0.621334
0.439787
0.635426
0.608276
0.375705
0.565816
0.426235
0.47433
0.372171
0.296824
0.594584
0.40577
0.401463
0.61343
0.609712
0.514387
0.37185
0.454748
0.613605
0.483442
0.482812
0.485497
0.461363
0.519258
0.603415
0.541056
0.66506
0.650969
0.401253
0.568807
0.330364
0.374491
0.598292
0.433328
0.593085
0.473509
0.535446
0.377189
0.455851
0.461984
0.508145
0.428364
0.393034
0.479403
0.590659
0.719453
0.535034
0.531723
0.597388
0.23315
0.461013
0.407668
0.534808
0.612601
0.622109
0.411756
0.678225
0.474524
0.585154
0.542168
0.562964
0.537168
0.529871
0.50327
0.510089
0.524422
0.550515
0.479325
0.712202
0.631587
0.60587
0.507658
0.285371
0.43757
0.529483
0.376247
0.548669
0.522433
0.555018
0.432432
0.323297
0.598506
0.529537
0.426159
0.448738
0.587435
0.4805
0.322883
0.593828
0.674802
0.470276
0.607996
0.496136
0.448132
0.414865
0.566333
0.49348
0.573363
0.561558
0.457048
0.616908
0.48903
0.61319
0.615881
0.494908
0.596673
0.454639
0.503518
0.674102
0.50016
0.480167
0.380504
0.492152
0.495873
0.638189
0.425877
0.544042
0.439891
0.603011
0.528383
0.363414
0.617538
0.551054
0.665896
0.49607
0.514889
0.662046
0.350348
0.573232
0.541028
0.483638
0.652211
0.59763
0.474085
0.490855
0.530294
0.535939
0.503294
0.339789
0.479317
0.566569
0.413529
0.557866
0.469468
0.662276
0.508003
0.431052
0.588853
0.392528
0.489016
0.541246
0.31147
0.411032
0.615878
0.475175
0.500057
0.4493
0.433343
0.468982
0.514883
0.467589
0.413098
0.570735
0.53627
0.520033
0.575086
0.396023
0.420363
0.571246
0.354659
0.519764
0.694351
0.557145
0.555757
0.490359
0.359108
0.713203
0.579558
0.470245
0.503899
0.698836
0.542235
0.399906
0.549543
0.427061
0.494684
0.450358
0.423133
0.664061
0.531328
0.57208
0.42912
0.493742
0.524271
0.466354
0.718325
0.54785
0.443352
0.597931
0.368099
0.582675
0.421819
0.535914
0.47365
0.738841
0.501599
0.452712
0.512187
0.551148
0.341331
0.528897
0.478332
0.480909
0.594566
0.70476
0.500907
0.42368
0.464751
0.587324
0.637957
0.500757
0.517825
0.464559
0.408579
0.673298
0.382486
0.496489
0.456837
0.623351
0.592406
0.545869
0.554779
0.526603
0.52387
0.479071
0.638283
0.397073
0.45657
0.410784
0.531158
0.314479
0.53446
0.384114
0.549688
0.550463
0.527842
0.570609
0.391489
0.490333
0.297029
0.542759
0.599268
0.602433
0.432186
0.614412
0.751831
0.33775
0.393141
0.462596
0.471349
0.547814
0.397194
0.437145
0.647663
0.589411
0.50217
0.332519
0.367083
0.540129
0.506161
0.539197
0.594889
0.479178
0.234654
0.409944
0.497447
0.493452
0.509926
0.569261
0.30156
0.349204
0.596838
0.462289
0.475421
0.525238
0.593349
0.482379
0.577218
0.533943
0.683307
0.334563
0.654205
0.661987
0.693304
0.585056
0.586713
0.442949
0.394558
0.614967
0.458361
0.529638
0.665062
0.639302
0.695381
0.564321
0.476407
0.670353
0.454744
0.550539
0.393935
0.497495
0.452454
0.410678
0.478091
0.523444
0.510111
0.468898
0.449056
0.539916
0.459578
0.629544
0.525954
0.443673
0.482264
0.526566
0.476182
0.486856
0.571311
0.500008
0.509572
0.423511
0.491625
0.511042
0.526374
0.45715
0.674483
0.537535
0.577216
0.612186
0.620095
0.397566
0.517451
0.445032
0.493282
0.728816
0.637509
0.578633
0.684092
0.407186
0.425076
0.487161
0.566953
0.418512
0.464165
0.575576
0.328626
0.502656
0.500355
0.391724
0.446979
0.469784
0.400671
0.476609
0.589302
0.344059
0.510835
0.501459
0.460614
0.420475
0.461804
0.558142
0.569111
0.626021
0.40175
0.362501
0.587655
0.656821
0.628842
0.398103
0.576892
0.618387
0.474418
0.470904
0.597318
0.526564
0.535356
0.463262
0.674344
0.532243
0.578649
0.568734
0.392098
0.413354
0.540451
0.657046
0.578454
0.333158
0.516034
0.761584
0.605482
0.494291
0.486335
0.499739
0.466218
0.623505
0.45101
0.429411
0.500403
0.502507
0.537085
0.512918
0.628535
0.615766
0.526556
0.702557
0.415294
0.516648
0.495493
0.48002
0.520147
0.518664
0.481402
0.574823
0.404625
0.399138
0.394863
0.254903
0.452497
0.358022
0.56563
0.525485
0.520801
0.605093
0.462634
0.490285
0.676377
0.554206
0.351538
0.422121
0.484292
0.283768
0.4527
0.557921
0.601259
0.478044
0.436642
0.576122
0.588867
0.494406
0.543314
0.632416
0.398158
0.607073
0.535692
0.622759
0.488813
0.45837
0.397434
0.610528
0.532919
0.504021
0.358574
0.397696
0.61501
0.369424
0.582406
0.437843
0.376802
0.439363
0.570984
0.481802
0.666742
0.484047
0.645835
0.514704
0.441235
0.479857
0.434728
0.586157
0.426109
0.613648
0.644547
0.753258
0.48361
0.664911
0.524547
0.549113
0.64193
0.540569
0.423486
0.657502
0.431001
0.492679
0.518326
0.517296
0.529993
0.679728
0.441454
0.498207
0.568677
0.437736
0.457562
0.482414
0.636547
0.507804
0.64054
0.454581
0.540283
0.522232
0.574985
0.34575
0.511896
0.381819
0.456125
0.394562
0.606569
0.662375
0.586172
0.482223
0.640977
0.569004
0.464351
0.365609
0.509536
0.512142
0.64207
0.475873
0.277796
0.409816
0.4639
0.567861
0.588878
0.526077
0.339269
0.598667
0.530594
0.535985
0.588984
0.481549
0.497596
0.463054
0.484919
0.604484
0.544624
0.565465
0.450411
0.520527
0.56365
0.552886
0.613159
0.510165
0.529407
0.496166
0.501594
0.483806
0.544544
0.447649
0.54994
0.435495
0.477348
0.620339
0.626399
0.476958
0.72169
0.579593
0.523101
0.373996
0.620583
0.581492
0.345683
0.575265
0.481452
0.547532
0.414593
0.566407
0.472933
0.495706
0.439411
0.500498
0.429737
0.45356
0.551714
0.748725
0.603844
0.559234
0.58123
0.483189
0.386995
0.611998
0.434233
0.546682
0.391178
0.464254
0.582364
0.682279
0.410524
0.552423
0.594274
0.488527
0.499741
0.544651
0.541706
0.634008
0.390941
0.638671
0.685844
0.507999
0.332422
0.373703
0.498996
0.601938
0.5697
0.525673
0.50087
0.509362
0.400801
0.635545
0.487943
0.699965
0.324524
0.376018
0.50863
0.56637
0.462133
0.59229
0.386179
0.560209
0.469639
0.658101
0.615444
0.527045
0.469547
0.468678
0.358904
0.617653
0.517676
0.447739
0.541501
0.396144
0.482366
0.476126
0.593119
0.383395
0.550115
0.455132
0.511707
0.467179
0.4834
0.598065
0.419304
0.478416
0.443152
0.599034
0.657415
0.575881
0.550099
0.658426
0.417421
0.399704
0.495859
0.450024
0.525923
0.546966
0.526446
0.495152
0.604124
0.590635
0.507516
0.664738
0.594607
0.406097
0.542442
0.760623
0.298037
0.487473
0.650985
0.432945
0.286573
0.628895
0.528089
0.370854
0.55999
0.413875
0.589007
0.559339
0.384691
0.598893
0.56872
0.425349
0.50508
0.395257
0.580293
0.601925
0.540897
0.446301
0.348569
0.619482
0.583429
0.464922
0.422284
0.588868
0.677634
0.339451
0.529439
0.571291
0.626524
0.433799
0.577453
0.335686
0.478302
0.400807
0.611362
0.484536
0.556003
0.495687
0.530037
0.484661
0.363604
0.419409
0.522113
0.369928
0.451772
0.53987
0.520052
0.488339
0.550651
0.431629
0.482453
0.646376
0.576316
0.642982
0.501484
0.459001
0.491703
0.442109
0.493982
0.44414
0.452096
0.41199
0.471526
0.505968
0.589429
0.556766
0.49648
0.531769
0.588891
0.450182
0.317733
0.582632
0.485557
0.499724
0.541591
0.488686
0.657964
0.41802
0.429967
0.465073
0.419779
0.486062
0.529759
0.645308
0.509935
0.46075
0.524024
0.484147
0.555803
0.622251
0.557252
0.612567
0.433226
0.474627
0.423793
0.432908
0.471415
0.606141
0.620183
0.622711
0.549962
0.583644
0.448846
0.371256
0.50943
0.498393
0.522379
0.60326
0.54619
0.39863
0.554312
0.249674
0.58641
0.537219
0.53399
0.405989
0.633308
0.330599
0.569929
0.473924
0.456012
0.368302
0.347699
0.412822
0.437563
0.530218
0.685141
0.432599
0.42386
0.361789
0.479416
0.540494
0.514507
0.525279
0.327108
0.409382
0.510801
0.688205
0.460334
0.365878
0.385271
0.528038
0.378518
0.601895
0.661422
0.525188
0.367211
0.393836
0.691549
0.484309
0.482065
0.569024
0.49471
0.366904
0.437765
0.489476
0.266152
0.43617
0.478475
0.628578
0.393725
0.508025
0.418044
0.496686
0.616015
0.570181
0.524947
0.727166
0.53116
0.474146
0.688663
0.564824
0.41453
0.622964
0.540895
0.604172
0.527663
0.470501
0.416768
0.405438
0.40008
0.516034
0.627855
0.571687
0.539805
0.420878
0.480603
0.400892
0.677652
0.591759
0.410439
0.63229
0.374551
0.568589
0.413572
0.586764
0.620396
0.422307
0.44521
0.656544
0.627133
0.511369
0.514644
0.629906
0.568015
0.363477
0.44435
0.442082
0.53917
0.542099
0.372003
0.424028
0.518851
0.725272
0.460997
0.476163
0.673944
0.367203
0.646794
0.724693
0.712555
0.631093
0.483132
0.323565
0.305676
0.474614
0.463862
0.645584
0.700197
0.537438
0.482878
0.561701
0.519698
0.623164
0.256341
0.637927
0.498717
0.585971
0.468103
0.484821
0.520388
0.625301
0.610978
0.574948
0.626561
0.459833
0.383186
0.599187
0.54374
0.494975
0.361065
0.663229
0.617403
0.416088
0.605827
0.53108
0.671454
0.632598
0.573854
0.602844
0.508821
0.466155
0.386787
0.369537
0.443404
0.418928
0.479325
0.518153
0.502788
0.376124
0.579411
0.665667
0.565385
0.489775
0.587191
0.681122
0.594871
0.358808
0.405828
0.610443
0.408985
0.363381
0.639012
0.549047
0.669012
0.529431
0.406692
0.412832
0.500474
0.392371
0.642284
0.438559
0.454746
0.496803
0.521346
0.300139
0.49559
0.612131
0.533393
0.657782
0.543757
0.561875
0.445282
0.662451
0.537077
0.557504
0.516296
0.318523
0.562631
0.39554
0.511765
0.463037
0.791867
0.519666
0.523813
0.650362
0.598684
0.467554
0.544506
0.536603
0.56478
0.415062
0.448403
0.538526
0.375744
0.498461
0.528257
0.397248
0.485603
0.538285
0.389286
0.50741
0.476756
0.406389
0.344196
0.478024
0.466439
0.570758
0.362818
0.571639
0.310091
0.420587
0.516987
0.523963
0.526198
0.717102
0.422952
0.476522
0.51643
0.633596
0.620379
0.560433
0.479089
0.541072
0.438692
0.449794
0.513099
0.463913
0.488229
0.458726
0.584018
0.472916
0.375409
0.486505
0.37273
0.401025
0.277823
0.520731
0.551733
0.460058
0.526879
0.488947
0.433124
0.604697
0.532356
0.50457
0.506621
0.532959
0.444932
0.383479
0.435188
0.430378
0.489471
0.513084
0.500008
0.558037
0.513588
0.536132
0.585828
0.452611
0.582705
0.46703
0.571856
0.549526
0.314547
0.38887
0.542663
0.558306
0.582742
0.484871
0.457719
0.61215
0.430908
0.638377
0.417443
0.481773
0.425322
0.491035
0.537839
0.486469
0.536
0.579257
0.49504
0.55337
0.47271
0.574513
0.425256
0.468802
0.414198
0.433501
0.464896
0.533651
0.555574
0.319674
0.589804
0.677572
0.660586
0.588116
0.561793
0.404889
0.44216
0.431174
0.514877
0.437969
0.306366
0.562784
0.512821
0.491844
0.481643
0.474831
0.483828
0.456799
0.516862
0.52942
0.387433
0.583656
0.568513
0.756339
0.492879
0.559388
0.609016
0.505515
0.447438
0.428737
0.474891
0.659704
0.387431
0.360423
0.435232
0.543129
0.493829
0.474531
0.497632
0.567266
0.518626
0.640613
0.380465
0.535414
0.507311
0.524031
0.367102
0.383192
0.517054
0.501019
0.519404
0.562543
0.479398
0.480909
0.6645
0.682311
0.480472
0.566958
0.480646
0.498921
0.430977
0.55515
0.494598
0.506162
0.472409
0.313339
0.564728
0.40354
0.515177
0.601061
0.560776
0.628135
0.628541
0.483305
0.362881
0.515375
0.401459
0.559519
0.589229
0.409585
0.4677
0.572067
0.523405
0.675679
0.437766
0.276354
0.449218
0.668778
0.504396
0.647791
0.412521
0.599056
0.487641
0.568721
0.516241
0.684557
0.459731
0.581434
0.516574
0.41519
0.53915
0.411345
0.724995
0.456608
0.567574
0.35737
0.532478
0.503106
0.582529
0.614524
0.459016
0.64418
0.572875
0.436723
0.493266
0.539828
0.65339
0.565743
0.623857
0.505156
0.418998
0.445247
0.475616
0.385325
0.438383
0.606792
0.450689
0.457334
0.420931
0.457644
0.536245
0.425605
0.640193
0.418257
0.377195
0.58381
0.52127
0.550195
0.524026
0.595843
0.598721
0.48326
0.452638
0.504314
0.525841
0.493576
0.414717
0.805405
0.565359
0.502315
0.413967
0.434399
0.615828
0.557735
0.515173
0.286664
0.527202
0.431192
0.479852
0.454343
0.4333
0.6007
0.283913
0.48946
0.578097
0.413649
0.409503
0.50964
0.43699
0.613204
0.514919
0.44309
0.533385
0.580911
0.373171
0.364964
0.525225
0.390991
0.531547
0.507712
0.485223
0.489773
0.581183
0.433468
0.62286
0.506686
0.437417
0.637013
0.595358
0.671203
0.518402
0.403304
0.429108
0.453095
0.571158
0.674047
0.722224
0.361317
0.430988
0.583236
0.523124
0.429826
0.51189
0.502088
0.479245
0.486599
0.512312
0.489214
0.524241
0.645079
0.582313
0.472401
0.621208
0.67525
0.534935
0.493796
0.403708
0.404516
0.496274
0.43078
0.455591
0.566528
0.475491
0.560283
0.54482
0.459052
0.497696
0.564748
0.575719
0.48997
0.479375
0.383446
0.348316
0.38346
0.537739
0.493283
0.612615
0.386351
0.512096
0.458725
0.579912
0.457666
0.537066
0.62095
0.402435
0.442275
0.544176
0.501761
0.456846
0.422602
0.380092
0.378315
0.466344
0.510262
0.416467
0.540151
0.370316
0.482491
0.288092
0.570501
0.399733
0.586202
0.43277
0.499294
0.440677
0.525448
0.518043
0.455792
0.367619
0.51607
0.426616
0.504202
0.502281
0.534262
0.634065
0.376125
0.603138
0.603747
0.549092
0.619153
0.51483
0.459243
0.398357
0.561373
0.405977
0.691856
0.424596
0.447064
0.398111
0.325003
0.62848
0.429269
0.43764
0.487457
0.421374
0.410451
0.387008
0.443041
0.467876
0.402878
0.510409
0.504501
0.48374
0.535862
0.503637
0.402028
0.516498
0.567453
0.566887
0.594898
0.472829
0.56364
0.443509
0.407635
0.368415
0.488588
0.446988
0.540092
0.362779
0.604921
0.572571
0.443813
0.603281
0.51351
0.639256
0.474999
0.639203
0.367705
0.632016
0.627371
0.378534
0.477413
0.513382
0.516202
0.546832
0.473907
0.447729
0.627746
0.569201
0.536689
0.4308
0.566266
0.633204
0.389244
0.541254
0.423835
0.502188
0.550939
0.430231
0.466047
0.635272
0.38784
0.439134
0.569752
0.331925
0.535643
0.58506
0.366881
0.655807
0.373423
0.477534
0.541414
0.504247
0.40735
0.529405
0.494514
0.57647
0.578988
0.598988
0.43579
0.555376
0.443284
0.449767
0.476662
0.55443
0.566801
0.538165
0.394733
0.592894
0.677221
0.539135
0.606066
0.449405
0.350626
0.693527
0.525228
0.505567
0.65352
0.610408
0.510914
0.42799
0.462031
0.581741
0.587965
0.6489
0.461191
0.466024
0.504525
0.292163
0.582678
0.671742
0.62609
0.553309
0.369858
0.420669
0.38614
0.378831
0.564438
0.495302
0.506019
0.401766
0.589509
0.573924
0.464725
0.577298
0.659234
0.630986
0.442186
0.523803
0.575893
0.629756
0.577637
0.411527
0.380471
0.458377
0.377603
0.452752
0.503453
0.459694
0.676043
0.634074
0.517936
0.47944
0.492105
0.493091
0.527662
0.406591
0.548963
0.478562
0.528033
0.403894
0.410155
0.54477
0.558631
0.525833
0.557805
0.617582
0.421245
0.595475
0.580089
0.531397
0.667882
0.560877
0.453281
0.572883
0.468679
0.475967
0.396661
0.579156
0.550143
0.449987
0.546564
0.524733
0.64958
0.583866
0.638787
0.493334
0.462053
0.561047
0.506574
0.467328
0.461693
0.484562
0.594338
0.379322
0.559637
0.551329
0.555258
0.557119
0.616332
0.428903
0.543875
0.55499
0.456446
0.449081
0.532743
0.500932
0.440046
0.657033
0.375195
0.501275
0.62422
0.553819
0.504239
0.73076
0.504754
0.44436
0.500556
0.49789
0.457958
0.652198
0.580567
0.412102
0.608216
0.486538
0.548472
0.591013
0.527264
0.44633
0.624178
0.432717
0.526726
0.620346
0.401935
0.539828
0.43585
0.59143
0.612552
0.518676
0.561894
0.477321
0.454951
0.288802
0.511068
0.539663
0.530844
0.524584
0.603395
0.467035
0.359265
0.612575
0.545348
0.487065
0.565648
0.544846
0.429562
0.486883
0.53314
0.68032
0.51141
0.520421
0.571765
0.492853
0.46769
0.655262
0.504075
0.486471
0.673134
0.360963
0.68384
0.494964
0.43594
0.565013
0.457336
0.59468
0.413963
0.401772
0.54475
0.446157
0.488707
0.354
0.462167
0.24188
0.504701
0.335755
0.422615
0.674224
0.487321
0.389705
0.647565
0.74933
0.532597
0.571076
0.588301
0.559387
0.517982
0.364711
0.69949
0.587523
0.513584
0.330909
0.825307
0.65621
0.578767
0.399947
0.551387
0.24182
0.409542
0.434396
0.443889
0.464679
0.657622
0.552573
0.639889
0.625693
0.572473
0.555676
0.571314
0.597328
0.423186
0.42538
0.597586
0.488455
0.437443
0.457875
0.490111
0.489285
0.550328
0.374576
0.554729
0.464339
0.486195
0.698909
0.496192
0.498111
0.602289
0.412839
0.421735
0.509816
0.403273
0.405999
0.448723
0.640312
0.491277
0.604503
0.524394
0.476021
0.446569
0.315756
0.28362
0.411394
0.539414
0.549766
0.563624
0.363156
0.654133
0.476722
0.462539
0.436337
0.361891
0.454778
0.571664
0.503753
0.509146
0.511232
0.529244
0.397369
0.494226
0.584499
0.73658
0.521672
0.684922
0.433481
0.545217
0.485901
0.585476
0.495191
0.466958
0.513704
0.39181
0.520662
0.576397
0.525516
0.5793
0.543429
0.668649
0.400656
0.647882
0.434067
0.502911
0.612873
0.604736
0.668498
0.605462
0.494792
0.495267
0.386999
0.523687
0.423406
0.598568
0.345049
0.715658
0.530513
0.584022
0.456394
0.527803
0.628693
0.581163
0.402901
0.55613
0.505136
0.545401
0.535019
0.40447
0.472374
0.407648
0.410856
0.446152
0.276662
0.476408
0.521121
0.363506
0.451485
0.516302
0.421394
0.482552
0.465396
0.357506
0.442394
0.438189
0.550083
0.496045
0.573145
0.598205
0.506306
0.325342
0.511163
0.442349
0.672053
0.494889
0.547989
0.535708
0.498982
0.422398
0.30763
0.553594
0.619945
0.491232
0.379673
0.50811
0.602083
0.5454
0.688075
0.594526
0.666743
0.549869
0.51082
0.51859
0.419138
0.414397
0.71489
0.583834
0.467425
0.384596
0.495194
0.610934
0.522583
0.484358
0.505304
0.529131
0.657187
0.549281
0.342114
0.422702
0.562901
0.621183
0.39569
0.633423
0.483223
0.579272
0.599871
0.612959
0.609749
0.463986
0.518324
0.287062
0.516917
0.605027
0.475044
0.536434
0.471939
0.295534
0.487465
0.417087
0.493328
0.659838
0.48457
0.435995
0.443151
0.542718
0.491641
0.465801
0.424857
0.30351
0.437458
0.325309
0.420258
0.428928
0.489013
0.570477
0.535943
0.483898
0.443017
0.633561
0.44113
0.600201
0.502678
0.516066
0.265691
0.558148
0.442471
0.48411
0.388791
0.447033
0.412817
0.532766
0.485291
0.595533
0.360838
0.578952
0.408821
0.543712
0.542528
0.51035
0.377102
0.583763
0.475949
0.560875
0.686851
0.427062
0.334241
0.501113
0.422293
0.460624
0.401475
0.425171
0.533052
0.436458
0.513587
0.583317
0.443888
0.492848
0.480854
0.452778
0.420473
0.637007
0.337591
0.457008
0.552123
0.52406
0.588969
0.436744
0.324117
0.547743
0.524063
0.344087
0.538956
0.313705
0.538474
0.373869
0.507621
0.396746
0.45907
0.564491
0.468636
0.58881
0.487628
0.393406
0.404421
0.625017
0.479356
0.56039
0.411184
0.430462
0.54652
0.494705
0.440273
0.561029
0.52659
0.44024
0.365671
0.41688
0.37856
0.565661
0.344004
0.487793
0.470314
0.514597
0.520166
0.544957
0.594103
0.353848
0.493379
0.424335
0.596468
0.495545
0.49523
0.552136
0.633092
0.662218
0.542938
0.443448
0.458365
0.631626
0.517827
0.46051
0.333586
0.441234
0.3807
0.547605
0.586996
0.550146
0.572532
0.465009
0.783053
0.449307
0.460599
0.624892
0.357529
0.47872
0.676912
0.387557
0.349305
0.353428
0.457517
0.406852
0.408888
0.317952
0.527943
0.519069
0.487939
0.341858
0.391816
0.350109
0.41329
0.437103
0.466357
0.471167
0.623175
0.420747
0.470213
0.563642
0.392593
0.564636
0.505777
0.459482
0.598952
0.466571
0.389893
0.603588
0.578362
0.34551
0.473526
0.640431
0.497164
0.506255
0.352734
0.457454
0.612495
0.537098
0.509977
0.623331
0.419912
0.396847
0.536505
0.439607
0.585316
0.815597
0.473327
0.379728
0.632641
0.47664
0.469928
0.419914
0.50798
0.364815
0.596666
0.471824
0.565045
0.559598
0.358472
0.507415
0.516088
0.419212
0.644208
0.421864
0.366605
0.444966
0.50775
0.510902
0.401379
0.533051
0.51358
0.644369
0.413646
0.413942
0.591405
0.39827
0.668362
0.547559
0.531017
0.663084
0.364782
0.48529
0.610348
0.476535
0.61279
0.427954
0.486367
0.534522
0.461619
0.501754
0.59023
0.414364
0.518824
0.342224
0.354749
0.499967
0.471605
0.419166
0.464025
0.629027
0.471773
0.453524
0.65177
0.487823
0.469887
0.47011
0.486586
0.459616
0.583296
0.39808
0.569157
0.488184
0.557061
0.57402
0.528072
0.548423
0.525916
0.520455
0.537678
0.421488
0.509682
0.565595
0.393094
0.352347
0.573744
0.638071
0.264246
0.623143
0.560418
0.513394
0.41248
0.506204
0.346279
0.506851
0.690054
0.565995
0.604709
0.500492
0.65451
0.35982
0.452156
0.359861
0.516641
0.342504
0.530825
0.439074
0.302521
0.410773
0.329719
0.390821
0.546742
0.62853
0.470181
0.590839
0.44574
0.454668
0.381302
0.45437
0.486823
0.350564
0.464789
0.365088
0.530214
0.374815
0.298078
0.454948
0.658143
0.378318
0.548734
0.466373
0.416744
0.393185
0.472366
0.496178
0.463251
0.464523
0.440524
0.463581
0.492654
0.504525
0.494257
0.562627
0.454768
0.553822
0.543217
0.552333
0.584308
0.615496
0.629449
0.505803
0.553348
0.482628
0.449177
0.482561
0.517225
0.410722
0.475155
0.406288
0.461672
0.491824
0.546351
0.523153
0.370686
0.467608
0.490957
0.383858
0.521372
0.474182
0.722929
0.635526
0.373686
0.641829
0.401495
0.427486
0.459749
0.478373
0.46727
0.42802
0.589128
0.445327
0.567851
0.517081
0.473154
0.391438
0.359969
0.562963
0.433126
0.538733
0.424513
0.308867
0.493921
0.621614
0.554933
0.388312
0.476277
0.460053
0.378785
0.456241
0.487715
0.603361
0.546349
0.365718
0.573806
0.511518
0.46953
0.538017
0.528181
0.546492
0.518413
0.466909
0.471435
0.626455
0.482108
0.265915
0.395757
0.451267
0.474703
0.310252
0.533863
0.538073
0.516395
0.443173
0.447531
0.511326
0.544059
0.609381
0.542722
0.572014
0.50475
0.44615
0.505029
0.326341
0.459854
0.405758
0.510899
0.484575
0.576807
0.500818
0.506781
0.446262
0.509533
0.557047
0.460087
0.368444
0.367974
0.425986
0.472571
0.469024
0.651285
0.453166
0.508438
0.44785
0.468504
0.515153
0.526226
0.413602
0.594728
0.331912
0.515212
0.484989
0.510014
0.628864
0.623826
0.590278
0.542491
0.46601
0.429264
0.519603
0.486339
0.569432
0.534206
0.690004
0.389549
0.393481
0.488283
0.363593
0.605576
0.50991
0.418633
0.614727
0.477206
0.363186
0.515626
0.472529
0.570217
0.449186
0.556527
0.570561
0.598583
0.367443
0.461637
0.515946
0.482222
0.365082
0.564096
0.34567
0.352502
0.633568
0.536328
0.468292
0.469923
0.537314
0.452773
0.39475
0.542631
0.446233
0.580286
0.442405
0.433629
0.512211
0.474319
0.451971
0.518765
0.57251
0.420689
0.487392
0.706808
0.581049
0.399476
0.394263
0.657126
0.46147
0.459311
0.372792
0.629718
0.543894
0.377029
0.476823
0.376546
0.590223
0.539373
0.580889
0.632364
0.330804
0.520176
0.462707
0.687418
0.528266
0.438138
0.429059
0.42366
0.452287
0.567061
0.368392
0.370285
0.492019
0.632104
0.444016
0.583664
0.550885
0.562349
0.647182
0.280938
0.461415
0.381684
0.509841
0.655763
0.325749
0.406729
0.532325
0.478913
0.530437
0.582247
0.511664
0.435686
0.502091
0.521207
0.561731
0.576238
0.563453
0.628381
0.696874
0.454222
0.517381
0.373067
0.406145
0.303329
0.329244
0.638272
0.575736
0.450505
0.496173
0.510381
0.522671
0.488899
0.484594
0.485068
0.383287
0.532758
0.385425
0.45194
0.555511
0.550747
0.379307
0.482087
0.324384
0.42336
0.422186
0.479472
0.305791
0.394325
0.554544
0.668772
0.623781
0.485117
0.605547
0.479041
0.492362
0.415926
0.506341
0.544246
0.503115
0.625604
0.544698
0.47848
0.525433
0.507402
0.586185
0.595349
0.406667
0.57646
0.554994
0.627755
0.414931
0.559264
0.510535
0.466036
0.697777
0.444516
0.373889
0.469111
0.535442
0.45904
0.651139
0.415008
0.447792
0.531612
0.56862
0.4439
0.56963
0.481782
0.378051
0.50844
0.539415
0.620002
0.307515
0.582949
0.451991
0.56958
0.327201
0.594709
0.606333
0.520201
0.466796
0.527344
0.434822
0.296968
0.364398
0.607965
0.631004
0.478162
0.544756
0.526516
0.498289
0.519089
0.317653
0.447438
0.522468
0.538658
0.455186
0.360495
0.526454
0.599505
0.549678
0.479357
0.396061
0.261732
0.471925
0.6332
0.471152
0.314517
0.542451
0.508347
0.57692
0.489105
0.396405
0.383667
0.625575
0.730873
0.465715
0.365185
0.449125
0.457407
0.520071
0.562054
0.52946
0.45374
0.501286
0.357786
0.572384
0.455109
0.553549
0.617326
0.427727
0.64182
0.59505
0.432301
0.388116
0.320032
0.494438
0.74348
0.50448
0.38647
0.508519
0.491193
0.436815
0.474311
0.505598
0.331197
0.414205
0.551719
0.441818
0.315174
0.608569
0.393676
0.475813
0.571779
0.632073
0.572044
0.399993
0.53587
0.648605
0.507941
0.4347
0.560264
0.445201
0.504788
0.574493
0.4061
0.339743
0.42957
0.493743
0.544583
0.506765
0.534088
0.511722
0.51463
0.583626
0.507189
0.585323
0.567633
0.474817
0.423194
0.540518
0.492289
0.602603
0.500931
0.471625
0.449155
0.357704
0.612052
0.63045
0.456318
0.48415
0.576472
0.495287
0.554271
0.487953
0.557026
0.552797
0.439822
0.58968
0.514655
0.643678
0.495572
0.546487
0.509629
0.716087
0.453211
0.349648
0.533558
0.398669
0.615625
0.459076
0.531149
0.448075
0.424489
0.366802
0.419888
0.543782
0.396774
0.486859
0.440036
0.396024
0.465288
0.44946
0.466578
0.400583
0.345112
0.632854
0.388927
0.317184
0.409496
0.396704
0.413465
0.666198
0.395497
0.586292
0.368183
0.531316
0.371379
0.557338
0.387906
0.623834
0.584487
0.526677
0.532822
0.407167
0.470052
0.584513
0.442236
0.498161
0.438074
0.609438
0.349706
0.354744
0.467187
0.407871
0.584915
0.627452
0.521082
0.455041
0.561874
0.49528
0.564828
0.545103
0.502256
0.424344
0.495115
0.563454
0.466884
0.580755
0.410185
0.574777
0.467609
0.497094
0.431922
0.475815
0.506049
0.53486
0.454292
0.39233
0.534858
0.503208
0.329059
0.605206
0.461427
0.487267
0.41139
0.471078
0.413132
0.307324
0.574719
0.558381
0.557464
0.673082
0.465922
0.650142
0.41959
0.615212
0.508606
0.570346
0.464136
0.569363
0.374009
0.471143
0.407149
0.555772
0.625735
0.573648
0.398489
0.440575
0.506284
0.485559
0.464046
0.58291
0.470017
0.624263
0.621443
0.464847
0.47896
0.554608
0.282099
0.569159
0.464525
0.505943
0.426724
0.612926
0.519999
0.463534
0.390547
0.562919
0.425296
0.434911
0.618825
0.451682
0.517273
0.472176
0.552334
0.381206
0.405555
0.386772
0.376843
0.644054
0.395574
0.723686
0.619723
0.409761
0.617239
0.667512
0.30109
0.517304
0.569361
0.533284
0.446117
0.482415
0.576686
0.450465
0.53933
0.471457
0.618113
0.478908
0.550947
0.411578
0.42137
0.501129
0.489542
0.399804
0.431166
0.415652
0.434514
0.441719
0.444552
0.311686
0.476068
0.493336
0.668904
0.63585
0.53966
0.497729
0.494736
0.567125
0.496019
0.500993
0.387185
0.4967
0.557141
0.50002
0.386788
0.564825
0.632826
0.417596
0.471874
0.537278
0.471566
0.518258
0.571595
0.409485
0.433803
0.571339
0.430362
0.606847
0.444803
0.435588
0.511157
0.505263
0.5486
0.682719
0.48693
0.426307
0.333697
0.495232
0.505962
0.367018
0.625413
0.566775
0.628864
0.604682
0.538997
0.501341
0.521536
0.372508
0.361843
0.650512
0.450163
0.43251
0.482359
0.545962
0.561041
0.577437
0.307263
0.477388
0.539732
0.374009
0.408296
0.634008
0.530783
0.415215
0.513569
0.470733
0.560938
0.479901
0.407956
0.478098
0.745527
0.303311
0.531204
0.627981
0.469394
0.442765
0.461604
0.535149
0.420476
0.478073
0.547319
0.417588
0.515851
0.516793
0.396676
0.55659
0.29679
0.47989
0.562937
0.350507
0.581072
0.523823
0.558289
0.524068
0.447536
0.410569
0.406022
0.498106
0.489565
0.367533
0.389068
0.342538
0.610922
0.484807
0.677297
0.528384
0.349049
0.577656
0.715188
0.46259
0.39771
0.497627
0.325713
0.432388
0.762521
0.406107
0.435481
0.703906
0.519668
0.429657
0.350421
0.512678
0.459817
0.496885
0.610494
0.351715
0.385943
0.512126
0.526139
0.505733
0.595519
0.451629
0.548385
0.598116
0.514231
0.57345
0.348782
0.410168
0.460101
0.512703
0.584506
0.400154
0.503616
0.689288
0.39823
0.492633
0.551182
0.485692
0.351569
0.526515
0.415951
0.457935
0.515107
0.443278
0.351758
0.523166
0.637264
0.464725
0.412665
0.522939
0.388453
0.552648
0.562292
0.491609
0.526203
0.460716
0.493857
0.564803
0.451158
0.481893
0.633543
0.543368
0.523058
0.562643
0.586568
0.583657
0.680035
0.39816
0.546994
0.315515
0.553789
0.340822
0.529094
0.494768
0.597404
0.647045
0.489765
0.577483
0.541807
0.455669
0.598217
0.458776
0.471067
0.433989
0.470887
0.549356
0.655977
0.445511
0.426234
0.468512
0.30955
0.586471
0.625802
0.512691
0.427314
0.606142
0.454654
0.614286
0.449475
0.368899
0.45598
0.435742
0.431259
0.534008
0.471444
0.549519
0.631956
0.522053
0.450504
0.434967
0.532404
0.504885
0.478689
0.67859
0.364875
0.498968
0.636529
0.594684
0.588543
0.459929
0.53755
0.588774
0.467925
0.569127
0.605461
0.36676
0.510925
0.470984
0.537393
0.548148
0.297295
0.462838
0.461748
0.472203
0.477588
0.656996
0.535959
0.49134
0.546863
0.427672
0.441154
0.726533
0.396633
0.523444
0.517461
0.71499
0.622779
0.468839
0.54539
0.610809
0.616335
0.396629
0.715466
0.404809
0.488317
0.445371
0.539976
0.510184
0.278948
0.42472
0.547456
0.516104
0.375859
0.39399
0.562211
0.641864
0.315091
0.517418
0.50793
0.629635
0.462894
0.352545
0.386129
0.494346
0.575584
0.496121
0.566924
0.504705
0.408909
0.55487
0.491303
0.599813
0.497605
0.626461
0.52083
0.651327
0.35004
0.568968
0.482396
0.461554
0.702059
0.50509
0.442384
0.54337
0.448367
0.550368
0.406305
0.458294
0.41901
0.572587
0.476695
0.594535
0.392712
0.482551
0.413793
0.347294
0.338075
0.624362
0.530198
0.419058
0.44784
0.376307
0.612484
0.488118
0.480641
0.491442
0.399403
0.498996
0.648909
0.599905
0.458083
0.40892
0.590777
0.462991
0.486308
0.579992
0.538075
0.511946
0.430703
0.437134
0.541732
0.422463
0.647364
0.617365
0.640091
0.468777
0.443182
0.516453
0.454879
0.569255
0.422854
0.694431
0.573813
0.378347
0.428249
0.531953
0.427984
0.497719
0.593571
0.534913
0.49646
0.372361
0.451427
0.565251
0.569679
0.505441
0.611664
0.431307
0.477513
0.568633
0.596544
0.501566
0.63701
0.502626
0.252531
0.611109
0.599131
0.595486
0.570723
0.610556
0.372935
0.394495
0.634625
0.462738
0.379952
0.650103
0.375732
0.62282
0.440652
0.408544
0.554067
0.643069
0.519164
0.662675
0.492567
0.323913
0.451623
0.438556
0.580917
0.388419
0.557704
0.53824
0.526139
0.687781
0.484178
0.377239
0.463997
0.450884
0.553482
0.348084
0.556948
0.371466
0.389569
0.609357
0.591134
0.481887
0.367485
0.442576
0.446607
0.492966
0.382351
0.537235
0.55169
0.484822
0.457653
0.457313
0.544112
0.51413
0.611959
0.410511
0.548274
0.558661
0.477384
0.384449
0.439702
0.55045
0.412372
0.432021
0.404489
0.554406
0.57556
0.481091
0.513218
0.429638
0.526716
0.411662
0.615605
0.566255
0.39496
0.386622
0.323804
0.420852
0.603701
0.540151
0.589022
0.379364
0.465933
0.42084
0.587854
0.556458
0.562758
0.454516
0.421408
0.59607
0.492218
0.334783
0.39206
0.368191
0.624749
0.367212
0.459376
0.562459
0.525767
0.486109
0.68844
0.459594
0.305133
0.330746
0.490588
0.317155
0.527463
0.41092
0.418227
0.536619
0.366451
0.609661
0.71215
0.584189
0.610605
0.663887
0.511494
0.718251
0.627021
0.531775
0.623173
0.23185
0.464021
0.39857
0.409375
0.449035
0.422705
0.490547
0.588388
0.619365
0.551706
0.55979
0.455784
0.435387
0.618622
0.57043
0.519674
0.353302
0.585842
0.659943
0.405477
0.527559
0.367698
0.567105
0.42238
0.475563
0.470082
0.411121
0.495352
0.36913
0.512906
0.574467
0.353327
0.404847
0.409976
0.58492
0.325864
0.5359
0.430093
0.510221
0.63734
0.65345
0.487407
0.471807
0.499406
0.586074
0.508249
0.351987
0.389212
0.641284
0.495921
0.611927
0.562565
0.543583
0.464107
0.655774
0.38796
0.62899
0.633811
0.469211
0.399097
0.536452
0.48794
0.628705
0.350244
0.49201
0.451852
0.420685
0.420515
0.412059
0.517444
0.527858
0.449841
0.357515
0.552539
0.532819
0.501162
0.451181
0.53656
0.557113
0.430035
0.626034
0.53772
0.496834
0.504637
0.302689
0.396128
0.533869
0.355796
0.599685
0.50149
0.6948
0.348453
0.56078
0.353242
0.397507
0.65264
0.538868
0.665225
0.468433
0.553807
0.406604
0.726184
0.631479
0.479024
0.569306
0.55163
0.462444
0.527328
0.436173
0.361801
0.570894
0.37917
0.461292
0.394673
0.61433
0.621685
0.596433
0.412217
0.467475
0.463172
0.50304
0.482284
0.562472
0.421928
0.451351
0.417741
0.383769
0.361286
0.489993
0.428694
0.244416
0.504429
0.599918
0.492852
0.488476
0.599256
0.451979
0.57329
0.657224
0.515321
0.567925
0.512137
0.324775
0.641563
0.440079
0.40285
0.451746
0.515275
0.395394
0.393053
0.423528
0.54947
0.495094
0.594049
0.632719
0.537528
0.441543
0.472392
0.433229
0.500732
0.31947
0.473103
0.536538
0.406001
0.429147
0.37332
0.538573
0.51786
0.47457
0.489425
0.558595
0.360416
0.450187
0.65987
0.439529
0.651796
0.525162
0.500171
0.50205
0.435259
0.454648
0.475757
0.362786
0.367885
0.453
0.562546
0.419916
0.539476
0.344345
0.5644
0.577437
0.581021
0.461368
0.430754
0.522325
0.483787
0.493662
0.567014
0.286799
0.686836
0.492467
0.454458
0.520859
0.402466
0.519056
0.59566
0.468227
0.435803
0.579527
0.47563
0.581816
0.516493
0.419231
0.478111
0.532793
0.597147
0.555496
0.620665
0.460281
0.584933
0.507829
0.471433
0.476724
0.55941
0.440204
0.684634
0.286889
0.491418
0.460532
0.441128
0.59646
0.414573
0.527876
0.604546
0.579148
0.612617
0.398442
0.60274
0.539203
0.472594
0.496845
0.418508
0.449191
0.415564
0.529612
0.522777
0.660852
0.55324
0.46337
0.607638
0.679851
0.530714
0.470612
0.475845
0.363173
0.502089
0.601419
0.417626
0.440905
0.547611
0.469993
0.454846
0.582099
0.377577
0.450287
0.656802
0.417393
0.480032
0.555539
0.731138
0.499028
0.555969
0.331938
0.367596
0.421867
0.547498
0.52716
0.561516
0.746995
0.601118
0.599935
0.56826
0.462448
0.520008
0.41733
0.538893
0.683583
0.445899
0.44184
0.461733
0.538572
0.472885
0.540915
0.58356
0.502473
0.532183
0.45695
0.20851
0.336298
0.598607
0.656292
0.471896
0.555474
0.45624
0.431256
0.460412
0.695045
0.622487
0.459613
0.499406
0.356944
0.466427
0.531493
0.65211
0.417646
0.569095
0.434105
0.474955
0.342442
0.36005
0.640151
0.447293
0.595587
0.426283
0.57627
0.543087
0.353517
0.326274
0.453335
0.536346
0.521302
0.553688
0.420867
0.531284
0.620486
0.581946
0.563337
0.482421
0.459407
0.582604
0.486547
0.419059
0.515089
0.347219
0.447803
0.512767
0.448744
0.454071
0.464015
0.625752
0.544894
0.407843
0.487363
0.552202
0.507112
0.442088
0.568605
0.513893
0.361316
0.311004
0.533609
0.595597
0.410554
0.408796
0.579121
0.505024
0.653148
0.341576
0.54928
0.316252
0.419086
0.238521
0.584843
0.404845
0.497452
0.225676
0.542553
0.507028
0.52073
0.497557
0.462561
0.634561
0.439707
0.508385
0.617282
0.551127
0.465739
0.566543
0.505505
0.565304
0.375071
0.552513
0.561099
0.619379
0.562875
0.492336
0.626066
0.452507
0.502655
0.505287
0.493216
0.490919
0.40963
0.606233
0.554161
0.567106
0.524656
0.679828
0.593827
0.594132
0.528254
0.555426
0.553136
0.52044
0.562242
0.59831
0.536976
0.564732
0.579466
0.59457
0.475067
0.579732
0.460069
0.643648
0.448763
0.617853
0.525733
0.484326
0.477342
0.471011
0.35128
0.366618
0.612769
0.431036
0.515976
0.343768
0.6224
0.566375
0.454893
0.595267
0.444576
0.534972
0.563592
0.603517
0.382494
0.352443
0.477426
0.493495
0.457248
0.408889
0.489661
0.706487
0.471364
0.476888
0.39065
0.615678
0.539659
0.677451
0.603209
0.603108
0.424686
0.469921
0.45734
0.504216
0.469533
0.406041
0.490416
0.487915
0.551175
0.437599
0.576895
0.576872
0.483081
0.291318
0.684622
0.324358
0.47622
0.62384
0.522713
0.450783
0.623099
0.443904
0.38903
0.50473
0.499919
0.638007
0.543181
0.550018
0.487413
0.460086
0.423965
0.392072
0.591398
0.444946
0.498171
0.543549
0.299538
0.479409
0.370564
0.490935
0.541283
0.614352
0.402903
0.360522
0.62343
0.625034
0.482783
0.593878
0.494197
0.426335
0.451058
0.429699
0.444202
0.523729
0.639591
0.550569
0.683168
0.530059
0.589017
0.489945
0.536688
0.502377
0.409214
0.506371
0.587812
0.55234
0.513091
0.518627
0.543716
0.457877
0.497328
0.357287
0.438169
0.353058
0.461632
0.524819
0.385978
0.397299
0.451053
0.468134
0.486076
0.524285
0.473887
0.554169
0.525368
0.445186
0.490634
0.400827
0.465934
0.529975
0.487477
0.552316
0.503653
0.514867
0.540688
0.599641
0.566761
0.583118
0.446372
0.533723
0.578373
0.540656
0.43288
0.480339
0.537399
0.657207
0.491244
0.502807
0.577825
0.367821
0.351913
0.470024
0.646744
0.428919
0.40406
0.574239
0.597014
0.597183
0.296701
0.3446
0.320892
0.548861
0.578807
0.539288
0.55645
0.581237
0.428609
0.510722
0.479053
0.537278
0.490208
0.525085
0.545656
0.568656
0.378619
0.579094
0.490124
0.501577
0.432314
0.493685
0.373275
0.494063
0.685314
0.776006
0.471792
0.472558
0.598846
0.427792
0.545635
0.509935
0.635544
0.239975
0.55404
0.256219
0.477154
0.550035
0.495666
0.557532
0.479653
0.250373
0.428932
0.498018
0.427682
0.422664
0.484024
0.473701
0.393145
0.634903
0.508556
0.456449
0.4208
0.374535
0.494313
0.630454
0.456652
0.40282
0.612986
0.48283
0.502886
0.502273
0.444271
0.50418
0.3261
0.450749
0.510166
0.504165
0.563529
0.492472
0.5348
0.471373
0.464924
0.687992
0.529552
0.505954
0.675738
0.511824
0.458714
0.527747
0.710224
0.328187
0.471427
0.411828
0.481012
0.612031
0.491068
0.527612
0.644731
0.294205
0.633734
0.656895
0.591167
0.396398
0.482972
0.540398
0.44646
0.583148
0.378318
0.351648
0.678782
0.494966
0.580731
0.521181
0.487919
0.438338
0.458442
0.533338
0.528147
0.595066
0.59221
0.392104
0.35676
0.575157
0.429468
0.501661
0.318579
0.474164
0.522286
0.531565
0.569734
0.607616
0.464556
0.535655
0.411987
0.581882
0.599275
0.468034
0.451833
0.522543
0.597272
0.588668
0.516565
0.618061
0.614187
0.475391
0.5525
0.648245
0.312978
0.558282
0.498478
0.653746
0.494714
0.566654
0.470764
0.464526
0.410869
0.528058
0.51342
0.441959
0.335797
0.682963
0.561191
0.600945
0.458549
0.477982
0.629927
0.365151
0.408664
0.574709
0.592519
0.670174
0.361003
0.560497
0.616305
0.566194
0.570215
0.471676
0.530858
0.483343
0.465849
0.338971
0.463062
0.609793
0.294614
0.439068
0.619317
0.394238
0.526754
0.385505
0.41271
0.421195
0.448981
0.616303
0.325949
0.619242
0.446863
0.53493
0.468815
0.549066
0.435046
0.335448
0.531878
0.579865
0.524149
0.491894
0.35617
0.399412
0.318649
0.516161
0.531488
0.614776
0.52053
0.587884
0.503969
0.487426
0.568951
0.434024
0.516546
0.608178
0.476645
0.48509
0.423854
0.55412
0.429242
0.559145
0.61614
0.581426
0.694162
0.623958
0.554699
0.694636
0.541215
0.461892
0.464294
0.394742
0.407486
0.511327
0.546038
0.445097
0.344579
0.482644
0.367151
0.505922
0.566744
0.446012
0.55197
0.274878
0.573889
0.46243
0.44159
0.432894
0.553936
0.678716
0.707447
0.531176
0.374474
0.431329
0.497151
0.567012
0.554099
0.503145
0.658817
0.582744
0.559322
0.551517
0.63315
0.483956
0.50339
0.675191
0.52047
0.609677
0.528818
0.611816
0.522849
0.599112
0.535937
0.557078
0.429505
0.586108
0.575184
0.570639
0.456564
0.614317
0.551355
0.683324
0.470254
0.602709
0.393527
0.5442
0.415589
0.402826
0.424778
0.445411
0.440558
0.475859
0.521346
0.436858
0.548792
0.479396
0.581311
0.492025
0.531672
0.49035
0.528374
0.410476
0.523789
0.502346
0.556744
0.441755
0.59366
0.422525
0.678652
0.489669
0.524538
0.554476
0.46644
0.605108
0.558167
0.690698
0.686683
0.499819
0.567253
0.549723
0.404232
0.512737
0.59044
0.479758
0.589557
0.434721
0.4065
0.612414
0.49324
0.346735
0.642468
0.386802
0.556916
0.450753
0.403355
0.576014
0.410458
0.371885
0.579125
0.434704
0.460639
0.484422
0.627496
0.448223
0.607002
0.463736
0.449183
0.500465
0.626117
0.490186
0.465104
0.489307
0.545881
0.530381
0.373072
0.605244
0.486992
0.495408
0.604457
0.650538
0.579176
0.524806
0.619268
0.412924
0.365244
0.369324
0.471076
0.519615
0.386498
0.544697
0.441171
0.384107
0.298489
0.602901
0.384309
0.519945
0.496598
0.416569
0.446368
0.732399
0.53637
0.69646
0.507229
0.610652
0.514011
0.561099
0.470128
0.529865
0.42792
0.551931
0.461715
0.534195
0.5726
0.536528
0.525036
0.40853
0.621759
0.466633
0.580591
0.558475
0.437879
0.557028
0.498616
0.504799
0.501011
0.525433
0.568704
0.460287
0.479995
0.382879
0.570827
0.493673
0.674817
0.588173
0.344815
0.597015
0.439235
0.57936
0.323311
0.459635
0.448309
0.569232
0.536168
0.513428
0.605936
0.441209
0.512261
0.551081
0.592926
0.406108
0.497624
0.430465
0.636681
0.479537
0.376792
0.365168
0.538951
0.513883
0.527233
0.462869
0.428645
0.468065
0.554673
0.509961
0.612137
0.522454
0.550114
0.41256
0.573965
0.345571
0.477324
0.490747
0.536299
0.593404
0.342516
0.484614
0.516026
0.671398
0.615923
0.467398
0.423752
0.513381
0.667948
0.47272
0.529517
0.430929
0.450515
0.529645
0.475459
0.360874
0.497239
0.661005
0.546147
0.487879
0.533995
0.537161
0.512777
0.443245
0.484412
0.389075
0.447881
0.38029
0.32284
0.571298
0.562667
0.500907
0.470238
0.527183
0.449596
0.4571
0.446461
0.545382
0.518247
0.675508
0.485356
0.508361
0.493001
0.252172
0.487055
0.320421
0.596557
0.339007
0.624828
0.464422
0.47372
0.392637
0.341827
0.47311
0.615427
0.480519
0.566002
0.412691
0.4234
0.438447
0.339469
0.563003
0.611298
0.647789
0.401559
0.540339
0.468727
0.349999
0.582747
0.345736
0.419895
0.440184
0.45963
0.533207
0.589219
0.480714
0.389104
0.579167
0.64161
0.35008
0.482836
0.49598
0.495673
0.491442
0.401119
0.369304
0.613486
0.4495
0.538145
0.610599
0.451142
0.583564
0.438725
0.602916
0.409653
0.418901
0.429419
0.379777
0.456319
0.447671
0.465049
0.613681
0.592125
0.514968
0.484508
0.502502
0.421193
0.524704
