0.497337
0.515611
0.557644
0.542491
0.446237
0.530142
0.527774
0.485168
0.517222
0.520934
0.482683
0.501202
0.456297
0.489266
0.535517
0.491656
0.464358
0.520329
0.446616
0.527114
0.460333
0.469026
0.535203
0.452882
0.471884
0.472547
0.464579
0.451912
0.475564
0.521616
0.522697
0.457329
0.48828
0.512263
0.499994
0.486434
0.491962
0.540023
0.546355
0.488051
0.533286
0.508406
0.479078
0.505106
0.520354
0.563546
0.473723
0.484296
0.498183
0.526872
0.459719
0.494744
0.484893
0.547698
0.482598
0.497492
0.51046
0.487606
0.534739
0.51773
0.489913
0.508475
0.516483
0.501616
0.442852
0.506065
0.509522
0.469571
0.491154
0.471002
0.484399
0.537932
0.536753
0.489053
0.484025
0.520821
0.491359
0.482563
0.445079
0.484115
0.51
0.514928
0.519154
0.493392
0.520254
0.439988
0.525544
0.497731
0.499045
0.46819
0.497526
0.531226
0.528895
0.521434
0.524039
0.544112
0.525483
0.498438
0.498598
0.515354
0.488399
0.482528
0.447358
0.498594
0.496972
0.493707
0.508174
0.53332
0.503036
0.526892
0.462538
0.493133
0.502518
0.47818
0.532288
0.50299
0.517714
0.531038
0.502926
0.517297
0.48214
0.494268
0.505461
0.510726
0.459822
0.443642
0.468622
0.503631
0.520906
0.529073
0.473331
0.483942
0.52546
0.449192
0.511304
0.477401
0.477347
0.475222
0.469662
0.568032
0.440038
0.456007
0.513418
0.480706
0.486246
0.47608
0.507724
0.497676
0.503252
0.498641
0.501747
0.520973
0.4458
0.515329
0.50605
0.482514
0.478434
0.514648
0.475358
0.523821
0.539158
0.440933
0.528572
0.457204
0.466279
0.495734
0.517921
0.530304
0.480334
0.493473
0.469119
0.495849
0.512944
0.543279
0.434399
0.488524
0.534497
0.508851
0.530307
0.4608
0.442523
0.548234
0.562124
0.419626
0.482632
0.505383
0.496795
0.505837
0.553901
0.495392
0.466237
0.498163
0.460578
0.595255
0.50291
0.543719
0.561976
0.542039
0.539508
0.516836
0.552442
0.470355
0.524664
0.498119
0.543261
0.510973
0.516531
0.45561
0.508387
0.522489
0.496125
0.499919
0.47586
0.487901
0.502292
0.515207
0.496796
0.467964
0.460183
0.467896
0.493818
0.423216
0.445115
0.484973
0.520807
0.516543
0.483678
0.523774
0.455846
0.508141
0.483983
0.525115
0.50923
0.494787
0.506906
0.481649
0.478424
0.525251
0.540225
0.443321
0.511833
0.463762
0.527502
0.471798
0.493273
0.483373
0.543596
0.545751
0.549004
0.491123
0.498696
0.478855
0.539209
0.516855
0.482712
0.5124
0.485791
0.517575
0.491946
0.474363
0.538365
0.479218
0.469874
0.476843
0.510315
0.527708
0.533946
0.463707
0.486796
0.521175
0.470262
0.48035
0.496557
0.495208
0.528004
0.507415
0.449452
0.433027
0.505502
0.490375
0.481522
0.522437
0.509801
0.526835
0.489526
0.471442
0.461614
0.523427
0.486777
0.514402
0.477525
0.504193
0.472185
0.530596
0.461329
0.442306
0.484362
0.50708
0.496373
0.487019
0.482668
0.437698
0.490782
0.497721
0.527082
0.510136
0.457437
0.476952
0.428761
0.542887
0.520586
0.534284
0.503168
0.464002
0.51096
0.512916
0.527648
0.483505
0.511271
0.480872
0.515314
0.511343
0.513966
0.488677
0.517136
0.572746
0.483107
0.475372
0.504091
0.522884
0.532267
0.51477
0.501258
0.492673
0.530296
0.493794
0.505736
0.547628
0.466849
0.484803
0.520246
0.511622
0.489544
0.563763
0.474313
0.507437
0.514623
0.466137
0.484882
0.485971
0.473001
0.502387
0.488256
0.47599
0.483561
0.464937
0.535226
0.496287
0.475587
0.458497
0.551274
0.492124
0.5322
0.485603
0.493712
0.46785
0.466678
0.519262
0.547645
0.507538
0.493526
0.474572
0.512628
0.50555
0.486183
0.411183
0.541881
0.54888
0.483231
0.498498
0.545964
0.49316
0.454985
0.475457
0.492757
0.524209
0.482342
0.456807
0.49564
0.486983
0.479758
0.477717
0.471735
0.443826
0.514231
0.488621
0.472103
0.523872
0.522166
0.512153
0.455744
0.525489
0.465995
0.484068
0.479306
0.453633
0.472429
0.499999
0.524347
0.473993
0.534214
0.549955
0.504056
0.485792
0.537269
0.5124
0.501277
0.525132
0.495081
0.579825
0.529741
0.530746
0.472228
0.447655
0.490354
0.484036
0.478911
0.478386
0.464433
0.505283
0.488364
0.522829
0.515766
0.517878
0.489023
0.460312
0.463357
0.512481
0.49332
0.48975
0.496741
0.462958
0.524992
0.553424
0.485747
0.495981
0.546765
0.495372
0.476577
0.486169
0.50029
0.476243
0.516072
0.538634
0.490219
0.486515
0.526059
0.470824
0.494282
0.529919
0.479631
0.535519
0.521243
0.528984
0.471249
0.516872
0.478617
0.444534
0.502536
0.40135
0.502011
0.511058
0.535644
0.45548
0.497979
0.489782
0.466057
0.51224
0.502251
0.511358
0.486719
0.487995
0.505222
0.50002
0.47535
0.48185
0.466568
0.451087
0.436835
0.499277
0.500875
0.5537
0.492555
0.511917
0.536137
0.480647
0.488533
0.535409
0.467025
0.467172
0.484277
0.477143
0.464772
0.530629
0.484192
0.535784
0.455574
0.462861
0.473431
0.514474
0.479369
0.567181
0.49007
0.509562
0.480869
0.531822
0.535471
0.486746
0.514728
0.481746
0.484717
0.506509
0.496711
0.530667
0.478988
0.500706
0.482747
0.485183
0.54176
0.532201
0.517736
0.482873
0.520689
0.469408
0.545988
0.536255
0.457071
0.527617
0.48517
0.504456
0.534743
0.48899
0.515627
0.484495
0.4903
0.49309
0.486965
0.514027
0.576511
0.46982
0.483767
0.467448
0.520793
0.536651
0.482303
0.487219
0.480644
0.502014
0.490137
0.482288
0.497877
0.556729
0.480476
0.525494
0.45356
0.475341
0.50316
0.521809
0.515521
0.489247
0.464149
0.459319
0.510293
0.493488
0.505397
0.45479
0.521381
0.509072
0.486983
0.51572
0.455721
0.482714
0.513366
0.520735
0.480206
0.485857
0.425652
0.510211
0.490162
0.514866
0.491738
0.468995
0.511631
0.544247
0.526216
0.503099
0.469356
0.504784
0.511903
0.502251
0.432335
0.488465
0.464882
0.460161
0.488811
0.532065
0.474919
0.454389
0.512587
0.491272
0.473137
0.557696
0.52253
0.527218
0.498826
0.512733
0.537149
0.537304
0.457251
0.45196
0.49611
0.512183
0.540346
0.474667
0.560573
0.440779
0.452162
0.512963
0.474221
0.495225
0.550948
0.508623
0.476859
0.517581
0.459733
0.482651
0.522454
0.470216
0.527294
0.53945
0.533495
0.481726
0.48138
0.47746
0.543547
0.480271
0.516059
0.488151
0.499869
0.486189
0.545082
0.495241
0.447984
0.46578
0.513122
0.536005
0.500058
0.478121
0.496765
0.53657
0.498976
0.4968
0.477141
0.553052
0.509991
0.51843
0.516053
0.520421
0.481806
0.559829
0.517493
0.510964
0.498986
0.48574
0.496405
0.504223
0.477555
0.438954
0.526593
0.470283
0.505665
0.50473
0.489619
0.538287
0.491207
0.491372
0.466592
0.482041
0.508241
0.498842
0.504713
0.45461
0.52412
0.49729
0.450443
0.513747
0.499181
0.487364
0.491187
0.520057
0.490879
0.484193
0.467348
0.519755
0.484243
0.516893
0.556648
0.493907
0.500519
0.455498
0.482573
0.456006
0.515891
0.517168
0.498823
0.48979
0.532131
0.463569
0.471648
0.559144
0.521083
0.491281
0.441935
0.481986
0.50483
0.507122
0.438932
0.510004
0.483433
0.480261
0.427466
0.476106
0.502113
0.502991
0.480559
0.511484
0.54975
0.482036
0.529283
0.464143
0.510579
0.492278
0.541758
0.440782
0.48095
0.504764
0.533149
0.553903
0.513033
0.500878
0.518546
0.526013
0.497344
0.484548
0.450602
0.532808
0.45596
0.464372
0.473797
0.487201
0.548304
0.517518
0.477215
0.496076
0.531376
0.497301
0.47769
0.431644
0.516297
0.486289
0.485224
0.499271
0.523053
0.526818
0.492522
0.443656
0.505301
0.490801
0.500539
0.515236
0.497121
0.470701
0.541908
0.518685
0.46359
0.473526
0.514122
0.495395
0.467043
0.509759
0.514348
0.4518
0.490903
0.429053
0.497746
0.48543
0.492963
0.514602
0.561171
0.520561
0.499975
0.478046
0.494127
0.535339
0.465437
0.516786
0.468855
0.562258
0.462454
0.485585
0.501428
0.533859
0.513529
0.514337
0.535722
0.455528
0.489189
0.503869
0.492146
0.557274
0.507288
0.481652
0.523005
0.476348
0.504892
0.539306
0.506364
0.472594
0.474598
0.493764
0.470296
0.458397
0.517177
0.483971
0.519385
0.525104
0.512406
0.544997
0.475362
0.5078
0.499972
0.53144
0.46374
0.4503
0.472319
0.581984
0.448339
0.462246
0.521309
0.497001
0.475564
0.510184
0.480583
0.501064
0.440307
0.504475
0.545484
0.512241
0.485363
0.50395
0.472431
0.490059
0.476226
0.500147
0.499599
0.494001
0.493136
0.513035
0.49081
0.454415
0.482262
0.510081
0.504472
0.517715
0.527888
0.550547
0.47948
0.487733
0.437479
0.436876
0.519924
0.45512
0.561507
0.435069
0.510493
0.506656
0.499906
0.475896
0.514449
0.516339
0.487027
0.47884
0.52604
0.54015
0.506986
0.49064
0.429242
0.536341
0.461254
0.510305
0.444678
0.493148
0.550392
0.542483
0.546621
0.515779
0.541777
0.491046
0.461931
0.504573
0.545222
0.544789
0.482811
0.536194
0.478345
0.557086
0.535263
0.469734
0.473569
0.491409
0.515105
0.489606
0.438631
0.474566
0.523433
0.497101
0.472466
0.51954
0.523407
0.532473
0.528356
0.5198
0.460219
0.45945
0.516201
0.536969
0.506142
0.524022
0.485802
0.533704
0.502515
0.509389
0.503018
0.473691
0.510546
0.488961
0.48069
0.500599
0.552812
0.469251
0.486181
0.497897
0.467325
0.484569
0.537439
0.481388
0.486044
0.48537
0.489422
0.466343
0.479699
0.502146
0.472797
0.471114
0.560817
0.526724
0.546756
0.52909
0.466809
0.532856
0.497847
0.490885
0.475007
0.497965
0.47668
0.488619
0.511511
0.467935
0.524391
0.474179
0.445739
0.496809
0.47074
0.463325
0.492535
0.483274
0.515706
0.557524
0.493733
0.495812
0.516475
0.495381
0.531025
0.498381
0.521673
0.515548
0.502033
0.488517
0.464737
0.522979
0.481448
0.489715
0.538288
0.530412
0.519107
0.499977
0.501386
0.496948
0.546891
0.508396
0.511542
0.54561
0.496321
0.471652
0.513358
0.511745
0.528714
0.522291
0.485678
0.564152
0.469791
0.510679
0.479111
0.490818
0.510595
0.532473
0.485822
0.481114
0.476609
0.533524
0.503441
0.476353
0.47694
0.524054
0.48499
0.490567
0.495443
0.484001
0.486681
0.513384
0.485671
0.4714
0.455473
0.486883
0.511511
0.455673
0.458266
0.49829
0.485392
0.507712
0.54459
0.470411
0.505935
0.488619
0.494682
0.521654
0.476923
0.488986
0.504819
0.517533
0.489463
0.520585
0.471779
0.485514
0.489216
0.512349
0.498309
0.485093
0.510572
0.482509
0.481473
0.524969
0.549641
0.448772
0.535757
0.519197
0.537942
0.508412
0.452807
0.514179
0.498653
0.490147
0.519668
0.478395
0.50731
0.499676
0.477404
0.516723
0.518824
0.500756
0.491983
0.481235
0.522689
0.553689
0.519279
0.500347
0.498261
0.503099
0.52609
0.488189
0.491977
0.526868
0.519036
0.466078
0.518393
0.468109
0.523205
0.497961
0.486923
0.532055
0.452441
0.481714
0.506133
0.529732
0.503127
0.488159
0.487488
0.520293
0.523359
0.49969
0.510416
0.483892
0.489369
0.480357
0.470562
0.486969
0.471081
0.489321
0.513114
0.481823
0.49867
0.499516
0.533069
0.462342
0.452011
0.533419
0.474322
0.527779
0.504871
0.497794
0.489442
0.486433
0.515742
0.489281
0.522022
0.48112
0.527174
0.542719
0.493471
0.498305
0.445495
0.514057
0.496121
0.512772
0.462777
0.519748
0.474533
0.489706
0.472943
0.46449
0.496865
0.476061
0.533875
0.499192
0.52819
0.483092
0.477401
0.501036
0.487625
0.531923
0.509046
0.447522
0.491163
0.504026
0.519399
0.506351
0.532062
0.47849
0.529006
0.473046
0.450686
0.497948
0.488623
0.508158
0.465663
0.495048
0.516743
0.535963
0.538231
0.491327
0.446238
0.496491
0.481658
0.470377
0.492021
0.492794
0.487604
0.497176
0.531578
0.495306
0.451303
0.475452
0.530263
0.495181
0.447429
0.544958
0.493219
0.498478
0.528547
0.490538
0.485808
0.523072
0.51799
0.494852
0.474422
0.530164
0.509068
0.496642
0.519545
0.502269
0.522461
0.496404
0.532953
0.489545
0.483687
0.531353
0.470915
0.476358
0.462508
0.501547
0.405275
0.509939
0.486158
0.47905
0.454295
0.473017
0.588261
0.542001
0.505121
0.482301
0.485324
0.485485
0.519759
0.464689
0.502665
0.441044
0.496434
0.513077
0.521665
0.516748
0.478202
0.503639
0.47021
0.549659
0.520691
0.496457
0.468203
0.512596
0.580854
0.461381
0.530024
0.497056
0.548594
0.510981
0.475796
0.54417
0.483157
0.522483
0.503357
0.505574
0.496141
0.51054
0.522794
0.486072
0.543024
0.532746
0.495424
0.459948
0.505067
0.489734
0.539087
0.51283
0.533472
0.521757
0.511638
0.510957
0.487671
0.473616
0.474507
0.499733
0.449625
0.459815
0.528202
0.49345
0.506001
0.531811
0.511625
0.548039
0.5001
0.489242
0.507092
0.528741
0.495429
0.497004
0.49291
0.464561
0.442762
0.520053
0.455406
0.491382
0.482595
0.537805
0.522268
0.475626
0.514853
0.470015
0.539085
0.470311
0.447725
0.435996
0.490952
0.505411
0.467506
0.509076
0.54102
0.524371
0.491325
0.488141
0.477858
0.508654
0.49462
0.478166
0.463522
0.572213
0.495252
0.441581
0.484178
0.507736
0.536119
0.522376
0.425177
0.486565
0.488156
0.484797
0.522446
0.534144
0.535585
0.498515
0.53207
0.48288
0.485302
0.492155
0.519947
0.474301
0.502265
0.487035
0.503383
0.442359
0.452764
0.483019
0.476507
0.469785
0.47745
0.548335
0.471376
0.499348
0.46599
0.525246
0.546655
0.521904
0.465234
0.473444
0.505732
0.473109
0.512754
0.463047
0.476161
0.540663
0.477647
0.479068
0.512287
0.493972
0.460467
0.479232
0.48295
0.498094
0.494159
0.517023
0.546126
0.493851
0.537878
0.481826
0.522389
0.535971
0.565564
0.468041
0.469065
0.491149
0.481141
0.505057
0.486953
0.497891
0.492235
0.479941
0.571494
0.540023
0.454257
0.444729
0.410256
0.465735
0.476758
0.480191
0.478609
0.454037
0.483898
0.477953
0.445474
0.500503
0.490937
0.472832
0.50101
0.51418
0.528595
0.507275
0.498125
0.497526
0.517177
0.529781
0.519675
0.491268
0.542316
0.499157
0.533235
0.506046
0.47424
0.466513
0.505312
0.512714
0.492401
0.476849
0.486877
0.563183
0.497377
0.502115
0.512088
0.503674
0.541889
0.507628
0.472084
0.542262
0.502836
0.503709
0.495723
0.502574
0.476207
0.504417
0.439135
0.505531
0.456743
0.485263
0.50597
0.521001
0.504242
0.471771
0.500218
0.551239
0.518357
0.530764
0.523465
0.497983
0.473785
0.536249
0.498473
0.4751
0.507705
0.541776
0.470952
0.51863
0.52135
0.46115
0.521399
0.486127
0.477586
0.509364
0.518882
0.457159
0.486369
0.505634
0.528644
0.486842
0.509958
0.450404
0.465394
0.484293
0.47976
0.48821
0.504172
0.487861
0.466685
0.548256
0.400658
0.51903
0.536873
0.504603
0.502794
0.536852
0.514681
0.54782
0.505606
0.494795
0.504806
0.539995
0.511088
0.501875
0.495406
0.504964
0.535032
0.539957
0.464105
0.505643
0.442681
0.529086
0.498756
0.510331
0.475066
0.442732
0.464829
0.499867
0.517918
0.524825
0.491314
0.497511
0.485024
0.50045
0.486995
0.46342
0.527895
0.522077
0.558986
0.485602
0.523636
0.533208
0.495397
0.469225
0.532875
0.461305
0.474004
0.436135
0.479645
0.541887
0.478803
0.476494
0.495076
0.49566
0.536313
0.524376
0.466784
0.540555
0.513521
0.529221
0.485832
0.490566
0.569322
0.51501
0.493124
0.523235
0.531346
0.479043
0.557132
0.487683
0.54004
0.522188
0.444802
0.515054
0.511878
0.522484
0.527537
0.533237
0.473581
0.513962
0.504121
0.497765
0.459214
0.482574
0.532461
0.520734
0.492045
0.521086
0.502024
0.529647
0.523024
0.474834
0.48884
0.448041
0.537779
0.460192
0.504948
0.489773
0.533988
0.547648
0.484165
0.488851
0.451004
0.49135
0.516045
0.466663
0.503619
0.527002
0.499902
0.518513
0.461824
0.51999
0.530787
0.481301
0.508458
0.495599
0.509273
0.544248
0.446608
0.533211
0.466939
0.484535
0.458641
0.476352
0.499422
0.499725
0.518745
0.530457
0.498911
0.43885
0.490845
0.520248
0.557956
0.504031
0.50378
0.48857
0.516481
0.484515
0.515607
0.508593
0.543852
0.534997
0.508915
0.501222
0.507899
0.500104
0.499017
0.489624
0.502749
0.466915
0.506897
0.512715
0.49736
0.447396
0.55879
0.499504
0.536613
0.472619
0.504269
0.546162
0.496857
0.550646
0.484709
0.487686
0.487769
0.489946
0.494007
0.46604
0.472405
0.500232
0.423442
0.496652
0.50732
0.472572
0.512523
0.51512
0.504639
0.530678
0.48774
0.456035
0.527932
0.535219
0.501049
0.465767
0.473796
0.513052
0.520005
0.491106
0.480997
0.493243
0.481392
0.555624
0.47906
0.461739
0.550235
0.47564
0.438173
0.476593
0.466069
0.48766
0.49229
0.475585
0.56834
0.499161
0.457295
0.508145
0.542809
0.514605
0.496119
0.513424
0.54084
0.498553
0.512665
0.476415
0.513441
0.527748
0.556433
0.523973
0.531935
0.524054
0.499713
0.502638
0.517144
0.520118
0.529218
0.520104
0.458945
0.539625
0.534038
0.532235
0.518086
0.484039
0.501786
0.507493
0.482133
0.527685
0.474816
0.530644
0.487423
0.483058
0.478378
0.477641
0.468897
0.508232
0.502595
0.473529
0.499689
0.528245
0.510136
0.495274
0.462344
0.492332
0.491452
0.481368
0.543546
0.548879
0.439459
0.450111
0.494226
0.459986
0.465536
0.478412
0.53692
0.467495
0.528722
0.533017
0.532267
0.462373
0.479975
0.536018
0.486506
0.509317
0.463381
0.506521
0.481855
0.488461
0.516171
0.520361
0.49165
0.496057
0.479447
0.499716
0.54211
0.486004
0.481459
0.494519
0.522608
0.424101
0.505338
0.487528
0.496329
0.476905
0.493144
0.504932
0.543174
0.497056
0.498103
0.50437
0.526805
0.526958
0.486918
0.502237
0.487688
0.472681
0.534022
0.462156
0.524023
0.529963
0.489646
0.486479
0.502423
0.534191
0.493585
0.522708
0.460229
0.496221
0.476528
0.506696
0.511332
0.475937
0.510838
0.494518
0.447371
0.535396
0.52264
0.494875
0.496189
0.533457
0.507112
0.463906
0.499423
0.483756
0.468843
0.504294
0.501092
0.467906
0.529124
0.500533
0.509076
0.505795
0.472074
0.502226
0.531343
0.464861
0.581448
0.497305
0.50881
0.530217
0.490011
0.507027
0.476709
0.487497
0.54337
0.454642
0.486335
0.490307
0.560105
0.499594
0.53905
0.514144
0.490113
0.479129
0.484414
0.45867
0.493
0.499202
0.504328
0.51021
0.498436
0.476534
0.495054
0.466347
0.490314
0.503713
0.46899
0.534493
0.48661
0.509208
0.518078
0.54631
0.496809
0.514161
0.55072
0.489854
0.498771
0.567857
0.444069
0.521322
0.536925
0.513712
0.463578
0.52827
0.483642
0.48769
0.501685
0.536183
0.485693
0.500997
0.487499
0.540267
0.457634
0.48894
0.469362
0.454344
0.534025
0.487826
0.51218
0.508721
0.532326
0.471765
0.521374
0.488901
0.468377
0.50127
0.495338
0.497035
0.496309
0.515515
0.448284
0.467957
0.484784
0.480123
0.475336
0.501699
0.511417
0.462383
0.50176
0.444364
0.507278
0.485734
0.488195
0.509211
0.503325
0.525428
0.53377
0.469845
0.530671
0.507219
0.508973
0.487386
0.536525
0.520971
0.520153
0.493477
0.467722
0.491046
0.507524
0.501031
0.453677
0.495366
0.55856
0.534562
0.470673
0.474995
0.528629
0.522003
0.549333
0.516152
0.470776
0.549868
0.517164
0.456492
0.4765
0.533635
0.498041
0.50757
0.449414
0.495242
0.500517
0.51532
0.503667
0.50954
0.526816
0.580465
0.498985
0.511607
0.504405
0.520703
0.494231
0.476788
0.501996
0.486556
0.511338
0.505323
0.521884
0.532766
0.571498
0.493464
0.470462
0.507085
0.515486
0.462929
0.448812
0.508371
0.509985
0.540592
0.475242
0.485836
0.491795
0.510262
0.451632
0.521328
0.4718
0.508444
0.435486
0.516536
0.520556
0.465946
0.519538
0.496975
0.457401
0.537213
0.500816
0.484629
0.454929
0.479258
0.511012
0.491144
0.48073
0.48207
0.480053
0.543418
0.47826
0.50237
0.414738
0.533492
0.528713
0.492592
0.474316
0.514591
0.535779
0.516966
0.494888
0.525212
0.525151
0.526568
0.484497
0.503118
0.520668
0.535231
0.500789
0.49112
0.458967
0.488171
0.473114
0.506523
0.454505
0.515219
0.480955
0.52611
0.496846
0.450521
0.520536
0.508533
0.51208
0.440595
0.501508
0.525996
0.490238
0.492606
0.46558
0.487098
0.490597
0.484747
0.488959
0.492715
0.476739
0.540589
0.500492
0.50679
0.493237
0.489283
0.487374
0.473915
0.485852
0.533488
0.530295
0.445574
0.467105
0.496894
0.489913
0.486918
0.519112
0.543225
0.466514
0.475959
0.475546
0.498592
0.524742
0.457048
0.504602
0.519062
0.505276
0.480516
0.504846
0.515335
0.525321
0.460349
0.485825
0.526396
0.54979
0.481779
0.475295
0.45401
0.495066
0.480662
0.494968
0.529946
0.487191
0.476514
0.486633
0.527802
0.516389
0.51109
0.460533
0.5013
0.489771
0.50437
0.477873
0.520936
0.474113
0.509834
0.499338
0.510848
0.510577
0.510901
0.441488
0.507793
0.463253
0.460399
0.462907
0.544085
0.543388
0.504958
0.511988
0.5364
0.501187
0.51618
0.488221
0.482288
0.467062
0.490471
0.50886
0.446298
0.45419
0.529423
0.472852
0.49757
0.544269
0.512589
0.513888
0.530782
0.448346
0.484561
0.49447
0.502312
0.514582
0.518203
0.522849
0.513516
0.504839
0.505921
0.524725
0.522962
0.45196
0.540848
0.551578
0.499527
0.489616
0.509812
0.487502
0.488216
0.516597
0.529972
0.526419
0.520571
0.507423
0.520983
0.501555
0.471572
0.521145
0.494582
0.459039
0.494871
0.480219
0.513456
0.487512
0.468259
0.501317
0.501272
0.515622
0.491235
0.539963
0.535743
0.54926
0.49654
0.46086
0.496614
0.450444
0.48755
0.435782
0.470424
0.489697
0.463389
0.490911
0.483936
0.453811
0.483644
0.4955
0.418107
0.500867
0.484549
0.533717
0.554465
0.464383
0.518528
0.531562
0.485771
0.468468
0.468955
0.550736
0.492852
0.455864
0.492015
0.511313
0.479464
0.500731
0.487544
0.455118
0.517069
0.488076
0.52071
0.511665
0.521399
0.551678
0.496428
0.498548
0.472683
0.4924
0.538372
0.488136
0.501408
0.538754
0.554453
0.502478
0.521498
0.511596
0.530662
0.518261
0.442775
0.584833
0.555123
0.463723
0.514584
0.533999
0.464255
0.51938
0.502454
0.4646
0.502905
0.554441
0.509673
0.482084
0.520332
0.530803
0.505647
0.485312
0.503911
0.506478
0.472926
0.525417
0.462446
0.520347
0.504764
0.451921
0.580947
0.4601
0.515089
0.48797
0.538765
0.47525
0.502763
0.516589
0.482946
0.487087
0.482007
0.499813
0.438686
0.467455
0.460856
0.452567
0.498766
0.498215
0.52953
0.51319
0.483826
0.463281
0.430594
0.492451
0.515375
0.475101
0.502777
0.482958
0.463391
0.497453
0.47033
0.470814
0.500403
0.506433
0.499791
0.501408
0.513915
0.481518
0.466048
0.511213
0.529066
0.458567
0.539555
0.457461
0.513375
0.466637
0.446582
0.507574
0.515476
0.510504
0.524393
0.500232
0.469687
0.490741
0.493192
0.479942
0.528317
0.483244
0.466744
0.486983
0.483566
0.490075
0.493529
0.514619
0.500898
0.443504
0.480305
0.465433
0.515772
0.525109
0.499967
0.55867
0.495584
0.521826
0.495557
0.43046
0.518723
0.500823
0.512319
0.4588
0.552595
0.49505
0.549661
0.515165
0.422491
0.521376
0.564912
0.554618
0.503192
0.52316
0.46073
0.476318
0.535162
0.48914
0.548057
0.486263
0.457224
0.500519
0.496478
0.464181
0.49758
0.478115
0.513877
0.566414
0.445059
0.50146
0.487242
0.476695
0.492465
0.501714
0.466521
0.456669
0.523892
0.52027
0.523378
0.468055
0.537901
0.514931
0.516747
0.518307
0.498414
0.505532
0.497036
0.521655
0.515206
0.480875
0.520881
0.527413
0.495876
0.518859
0.498304
0.497402
0.491168
0.471684
0.514156
0.504391
0.495512
0.557989
0.505734
0.483413
0.524667
0.473815
0.518418
0.467842
0.492343
0.504261
0.491237
0.482089
0.517662
0.497705
0.494211
0.482822
0.485357
0.50447
0.579358
0.47055
0.500558
0.49181
0.487241
0.453474
0.490063
0.527086
0.470921
0.535463
0.47195
0.501016
0.549206
0.490036
0.515419
0.492861
0.491051
0.472231
0.522734
0.509433
0.533009
0.53022
0.505135
0.499799
0.461575
0.518564
0.474604
0.51755
0.492341
0.47497
0.483353
0.472511
0.537791
0.492425
0.512914
0.473778
0.515646
0.548595
0.4847
0.515938
0.519617
0.434346
0.493921
0.480365
0.504447
0.493276
0.488717
0.523453
0.527112
0.544126
0.466401
0.473677
0.516064
0.467946
0.458664
0.449335
0.510377
0.471895
0.54764
0.498869
0.500695
0.491546
0.484693
0.505621
0.493824
0.523567
0.503801
0.468917
0.542878
0.490662
0.501412
0.553331
0.484824
0.470649
0.554662
0.508034
0.477323
0.511527
0.489803
0.51807
0.506729
0.484443
0.522739
0.42946
0.509126
0.486402
0.483533
0.509999
0.496274
0.484613
0.496768
0.497619
0.518351
0.494338
0.529629
0.468193
0.475344
0.512127
0.479581
0.494663
0.50899
0.466304
0.483533
0.509359
0.507121
0.456582
0.480338
0.451383
0.532299
0.494694
0.528531
0.530942
0.446613
0.507892
0.501151
0.462496
0.504509
0.487211
0.479556
0.498599
0.485544
0.51236
0.46807
0.49631
0.498909
0.465121
0.451368
0.468047
0.501632
0.483125
0.486451
0.528759
0.472306
0.505887
0.491105
0.511293
0.552234
0.484975
0.510698
0.501822
0.525861
0.520175
0.485214
0.477231
0.552368
0.493549
0.498377
0.496304
0.500299
0.473236
0.520755
0.516619
0.49711
0.508899
0.518711
0.529003
0.485493
0.540663
0.501079
0.521432
0.54837
0.483441
0.555442
0.49425
0.454424
0.498521
0.49588
0.538582
0.446036
0.514269
0.474073
0.479815
0.481517
0.497857
0.495626
0.548022
0.483497
0.469853
0.503489
0.497204
0.495352
0.493581
0.510362
0.515224
0.497543
0.511104
0.471941
0.506315
0.515744
0.457719
0.46289
0.508025
0.442632
0.506825
0.477417
0.494481
0.50521
0.497052
0.516319
0.527853
0.549545
0.503523
0.462381
0.539878
0.454797
0.495116
0.475998
0.465332
0.498401
0.50961
0.522893
0.519319
0.494297
0.498587
0.455817
0.550254
0.55606
0.513966
0.522093
0.480413
0.526829
0.528038
0.518886
0.505928
0.517892
0.548889
0.478075
0.518102
0.537803
0.423071
0.532592
0.487911
0.483926
0.50741
0.476122
0.435581
0.53825
0.44182
0.478021
0.517104
0.519374
0.504991
0.515329
0.469576
0.532533
0.48484
0.483768
0.467227
0.489524
0.525591
0.549585
0.520016
0.500434
0.513357
0.484114
0.526675
0.499017
0.472112
0.452948
0.484067
0.473615
0.491904
0.511577
0.504739
0.505492
0.541218
0.489381
0.504544
0.476449
0.485326
0.433845
0.502207
0.517608
0.472532
0.496871
0.532703
0.511231
0.500163
0.505075
0.50634
0.457446
0.522199
0.525918
0.515399
0.497767
0.480404
0.491577
0.500225
0.487273
0.480837
0.522402
0.49663
0.497327
0.507623
0.541862
0.486496
0.490699
0.455851
0.524826
0.483444
0.480988
0.455483
0.491078
0.51544
0.478193
0.478134
0.485929
0.556231
0.472335
0.488619
0.469804
0.507467
0.516981
0.483127
0.508678
0.513387
0.454556
0.475895
0.567238
0.519964
0.565323
0.446273
0.516639
0.480348
0.541893
0.508034
0.548745
0.518521
0.441154
0.522828
0.52871
0.503006
0.495481
0.489628
0.497788
0.502529
0.545112
0.562063
0.468243
0.465496
0.49356
0.465514
0.532231
0.495159
0.507933
0.495827
0.486535
0.482359
0.456054
0.501541
0.515019
0.497708
0.442223
0.441494
0.510691
0.505083
0.473537
0.559689
0.459229
0.508329
0.438607
0.509283
0.535868
0.473011
0.570566
0.537589
0.547502
0.485129
0.526248
0.473952
0.501891
0.468633
0.413389
0.502392
0.535843
0.513646
0.497752
0.520865
0.504241
0.477247
0.492032
0.499038
0.501803
0.548699
0.52843
0.47644
0.539427
0.490998
0.506757
0.472877
0.527031
0.510613
0.459955
0.442966
0.534722
0.527292
0.478901
0.536684
0.514205
0.44582
0.488379
0.497797
0.532282
0.491583
0.486082
0.522038
0.518332
0.511835
0.476532
0.486924
0.527635
0.474534
0.461784
0.485075
0.462428
0.516608
0.520794
0.482915
0.47255
0.493559
0.45932
0.516627
0.487574
0.522244
0.532243
0.53724
0.532277
0.518735
0.510166
0.486724
0.467342
0.503112
0.502179
0.54696
0.517161
0.493087
0.496666
0.513476
0.536602
0.528312
0.502016
0.4758
0.438638
0.467257
0.539126
0.486332
0.504694
0.508533
0.527563
0.499589
0.469595
0.498534
0.477266
0.50371
0.48299
0.517272
0.527662
0.506087
0.499119
0.504276
0.49606
0.485006
0.476818
0.496442
0.527219
0.49917
0.521606
0.479692
0.475942
0.496972
0.461765
0.496339
0.504594
0.507406
0.490254
0.490006
0.527395
0.494477
0.474359
0.509999
0.503381
0.426997
0.504934
0.446996
0.499906
0.545636
0.517121
0.521923
0.468548
0.5191
0.494423
0.489909
0.525308
0.501319
0.477993
0.491174
0.506966
0.481517
0.463029
0.490745
0.465482
0.499031
0.494142
0.478855
0.472301
0.49477
0.521575
0.513923
0.544448
0.54117
0.50014
0.509961
0.454289
0.50254
0.552768
0.490318
0.484822
0.517656
0.490518
0.539601
0.522386
0.546491
0.440944
0.485675
0.458652
0.442944
0.51669
0.533601
0.513785
0.495461
0.466176
0.453396
0.502628
0.4874
0.508264
0.443481
0.525817
0.459034
0.512772
0.471703
0.507666
0.48306
0.488714
0.5358
0.512724
0.535482
0.502138
0.455178
0.502868
0.503761
0.49544
0.485888
0.496804
0.504084
0.480023
0.510672
0.50386
0.47965
0.55419
0.495944
0.543935
0.511825
0.518127
0.467599
0.525496
0.486064
0.537869
0.52751
0.533472
0.474458
0.550103
0.462595
0.49895
0.496786
0.489715
0.498324
0.52252
0.491954
0.461916
0.468554
0.49317
0.441681
0.500855
0.503544
0.514581
0.518321
0.516583
0.488049
0.490717
0.498696
0.452231
0.52135
0.462575
0.505796
0.493297
0.491111
0.557972
0.510249
0.470905
0.492918
0.536241
0.493413
0.480911
0.477398
0.489723
0.49398
0.510738
0.496771
0.513907
0.479953
0.525806
0.472731
0.488124
0.497888
0.467442
0.537507
0.488638
0.511258
0.524134
0.490007
0.506032
0.459833
0.448013
0.528895
0.508757
0.481928
0.498434
0.574489
0.504712
0.491421
0.49453
0.461355
0.482745
0.55139
0.548619
0.563466
0.505928
0.536261
0.502334
0.473806
0.508512
0.49434
0.49735
0.490292
0.518399
0.442593
0.502587
0.489891
0.507045
0.485566
0.459768
0.482802
0.518635
0.460301
0.539193
0.478582
0.510431
0.519141
0.537619
0.476096
0.466147
0.492288
0.510109
0.45915
0.494251
0.501991
0.477738
0.439705
0.523033
0.50024
0.543018
0.490519
0.504357
0.471841
0.504921
0.479126
0.477935
0.504749
0.505385
0.50499
0.528019
0.499532
0.509161
0.54174
0.504378
0.429831
0.498888
0.536343
0.489443
0.505718
0.467269
0.487096
0.503478
0.511797
0.508218
0.462311
0.519673
0.491936
0.428861
0.481573
0.481024
0.442516
0.534258
0.501432
0.470863
0.506047
0.476728
0.537424
0.518943
0.517048
0.501641
0.504275
0.544921
0.502056
0.481573
0.496182
0.471134
0.545643
0.520673
0.509036
0.506537
0.504309
0.501134
0.526455
0.493675
0.510133
0.48364
0.501522
0.510573
0.48606
0.533665
0.496083
0.459409
0.504683
0.525487
0.489493
0.463845
0.482416
0.535812
0.448678
0.506906
0.50092
0.508869
0.471393
0.501262
0.457657
0.50485
0.494541
0.483797
0.477449
0.523582
0.459448
0.496351
0.516928
0.485297
0.485944
0.504483
0.523726
0.470369
0.457144
0.486158
0.502311
0.509911
0.566797
0.502219
0.478319
0.559091
0.501076
0.550516
0.51327
0.53505
0.506686
0.465579
0.52154
0.44129
0.477171
0.445695
0.501465
0.510418
0.519282
0.509283
0.52245
0.50711
0.521294
0.472422
0.549954
0.533177
0.495135
0.539417
0.500242
0.516606
0.524219
0.438281
0.416755
0.486444
0.568835
0.503006
0.469998
0.49542
0.520985
0.504486
0.512796
0.602151
0.500545
0.521986
0.48282
0.524836
0.494613
0.487024
0.48423
0.50829
0.491923
0.50153
0.500337
0.516208
0.444214
0.502182
0.479133
0.460527
0.536404
0.462763
0.503589
0.519762
0.537464
0.436443
0.528572
0.478195
0.493863
0.519843
0.50628
0.47778
0.44745
0.500759
0.482047
0.50466
0.469658
0.481426
0.522412
0.512148
0.5039
0.479196
0.467313
0.532063
0.438036
0.506496
0.528292
0.496287
0.51878
0.521959
0.534576
0.520431
0.469928
0.514579
0.478915
0.531458
0.506275
0.53279
0.545057
0.521176
0.505107
0.510324
0.518717
0.487438
0.467132
0.480737
0.54394
0.494955
0.498729
0.482467
0.46671
0.557575
0.557392
0.496306
0.477693
0.483916
0.502244
0.457162
0.455988
0.468219
0.481489
0.511979
0.545757
0.49831
0.488688
0.475695
0.497609
0.492522
0.459724
0.507115
0.49662
0.467484
0.53234
0.496566
0.538852
0.458617
0.490115
0.50722
0.558259
0.505247
0.512764
0.501949
0.515847
0.492176
0.504626
0.457596
0.462962
0.539614
0.473224
0.48853
0.540586
0.483333
0.479766
0.441364
0.516517
0.496917
0.453467
0.482713
0.512299
0.527992
0.491562
0.471858
0.491787
0.5103
0.50689
0.500206
0.443216
0.513503
0.494914
0.549402
0.596652
0.502583
0.552075
0.549985
0.508698
0.488718
0.527317
0.492455
0.496328
0.473506
0.498705
0.502623
0.541739
0.498417
0.476964
0.473132
0.520062
0.521342
0.507852
0.483003
0.581854
0.442115
0.49522
0.467105
0.4922
0.53889
0.536638
0.557404
0.518334
0.547238
0.483472
0.567875
0.507633
0.493842
0.457272
0.514957
0.507875
0.476677
0.474358
0.505415
0.481617
0.473523
0.510469
0.533486
0.556589
0.510719
0.507364
0.479197
0.503964
0.474005
0.523232
0.459711
0.496383
0.523347
0.528801
0.515589
0.497614
0.433603
0.481017
0.453839
0.495716
0.482923
0.496157
0.479626
0.49158
0.550739
0.504272
0.548521
0.524733
0.507239
0.486818
0.541158
0.518265
0.486181
0.519351
0.462185
0.48477
0.482944
0.441174
0.495371
0.505158
0.539663
0.513798
0.466752
0.492234
0.489353
0.480092
0.457689
0.480901
0.470873
0.486014
0.459715
0.506866
0.51662
0.466767
0.523041
0.495738
0.524821
0.459293
0.460601
0.514366
0.488297
0.532946
0.489511
0.496328
0.391581
0.470238
0.461809
0.513404
0.468258
0.489531
0.476362
0.504946
0.530405
0.501544
0.473813
0.546999
0.522006
0.461554
0.45643
0.523048
0.518215
0.509166
0.484754
0.498279
0.522349
0.507527
0.492899
0.499215
0.53247
0.533855
0.464397
0.49061
0.499456
0.493167
0.490449
0.521475
0.528407
0.51707
0.512466
0.502105
0.495286
0.509498
0.530773
0.473996
0.530656
0.531268
0.521352
0.474506
0.502389
0.525327
0.522485
0.498156
0.519232
0.494567
0.533202
0.476436
0.477087
0.47409
0.47538
0.467986
0.489903
0.519782
0.511377
0.491038
0.457028
0.505086
0.48909
0.499989
0.548927
0.507841
0.516287
0.467977
0.473111
0.539068
0.516106
0.487339
0.502173
0.46557
0.505599
0.499824
0.535795
0.488227
0.519171
0.528443
0.448608
0.44786
0.448825
0.492812
0.535774
0.530537
0.483055
0.48989
0.468168
0.5142
0.536282
0.441966
0.499033
0.488482
0.520703
0.473772
0.523992
0.439595
0.472424
0.540614
0.486275
0.522159
0.543758
0.489373
0.509048
0.549852
0.543555
0.514266
0.496724
0.54675
0.527454
0.479241
0.487113
0.491241
0.509911
0.508871
0.506306
0.534375
0.539896
0.449634
0.51815
0.544538
0.512124
0.483449
0.550203
0.450316
0.495701
0.525338
0.45804
0.493432
0.562052
0.447099
0.459779
0.473619
0.504021
0.548859
0.492707
0.417319
0.477994
0.53038
0.513885
0.51207
0.490946
0.493997
0.5166
0.538462
0.494271
0.511067
0.434538
0.551541
0.46627
0.483787
0.505566
0.543527
0.525187
0.464283
0.536976
0.449724
0.524642
0.482817
0.46409
0.559502
0.503366
0.487007
0.494084
0.554223
0.531087
0.483927
0.526909
0.47398
0.53246
0.436958
0.505198
0.505035
0.550904
0.549276
0.455005
0.459823
0.524233
0.485844
0.519286
0.471399
0.46394
0.475784
0.565969
0.494203
0.470025
0.547003
0.522501
0.52302
0.443234
0.464955
0.538747
0.48201
0.526582
0.507403
0.540108
0.535673
0.448042
0.477069
0.51275
0.473645
0.436268
0.52403
0.52279
0.471176
0.471234
0.469754
0.55135
0.477181
0.451653
0.474637
0.487323
0.52174
0.451066
0.540926
0.499744
0.494901
0.494466
0.482885
0.511635
0.538697
0.517329
0.426112
0.467197
0.504211
0.468938
0.517841
0.494231
0.4856
0.501868
0.530143
0.493655
0.512928
0.509507
0.487867
0.507998
0.515697
0.483485
0.513225
0.48074
0.548944
0.512902
0.528872
0.418382
0.533783
0.437204
0.521378
0.557112
0.494263
0.474607
0.496946
0.495944
0.502425
0.467926
0.511264
0.478214
0.473416
0.479695
0.455367
0.47329
0.502562
0.458447
0.459373
0.530388
0.506245
0.478034
0.475982
0.516368
0.488483
0.531855
0.455597
0.469363
0.505072
0.493877
0.524963
0.470154
0.487175
0.508307
0.531173
0.483125
0.456231
0.459819
0.462942
0.528704
0.50205
0.486171
0.511003
0.439154
0.495986
0.505133
0.559515
0.469579
0.531044
0.497553
0.520348
0.466044
0.480815
0.47848
0.492124
0.502654
0.489095
0.488189
0.525895
0.489494
0.482078
0.464994
0.529315
0.453291
0.474992
0.521725
0.501207
0.532671
0.46505
0.487741
0.50837
0.539898
0.472599
0.518357
0.516535
0.500955
0.552336
0.473555
0.457311
0.515856
0.536461
0.497859
0.553021
0.511052
0.51166
0.483247
0.471287
0.53582
0.531773
0.506977
0.501257
0.534488
0.498029
0.456192
0.563325
0.496401
0.478735
0.541202
0.53424
0.555473
0.450268
0.569287
0.479467
0.42122
0.531275
0.510921
0.544682
0.533143
0.481933
0.520285
0.558272
0.480333
0.440153
0.481934
0.526711
0.508177
0.496605
0.485508
0.514702
0.444039
0.530433
0.450355
0.531938
0.523787
0.557544
0.491931
0.488378
0.491054
0.453334
0.531882
0.4699
0.491086
0.481735
0.48364
0.526209
0.521072
0.482458
0.475449
0.46288
0.478825
0.498299
0.532669
0.459402
0.551685
0.51439
0.551244
0.455104
0.507516
0.491275
0.464209
0.484842
0.439692
0.48367
0.513107
0.436307
0.487916
0.496794
0.506193
0.50085
0.506778
0.552148
0.495303
0.479679
0.553899
0.534607
0.503257
0.477315
0.489565
0.462708
0.553673
0.494182
0.519694
0.454005
0.485074
0.480198
0.524042
0.477368
0.521151
0.541249
0.521501
0.524102
0.489064
0.520419
0.53437
0.479756
0.547662
0.455849
0.523484
0.488503
0.487479
0.447108
0.516058
0.501962
0.494401
0.501934
0.498137
0.524338
0.538864
0.545242
0.503519
0.52576
0.552471
0.482255
0.531024
0.465677
0.503889
0.497647
0.491997
0.528212
0.495912
0.472561
0.489897
0.491318
0.485563
0.471386
0.493873
0.451643
0.509098
0.490164
0.508183
0.456949
0.453815
0.478508
0.519341
0.477989
0.508506
0.526888
0.442857
0.531689
0.544459
0.531187
0.521463
0.537528
0.478867
0.516381
0.536677
0.468995
0.492523
0.511225
0.485599
0.461974
0.503684
0.535819
0.474804
0.501959
0.479963
0.473935
0.483209
0.501957
0.510137
0.481967
0.505791
0.532962
0.487747
0.476397
0.48003
0.518872
0.508348
0.511628
0.516951
0.517719
0.502313
0.500089
0.538636
0.531105
0.565032
0.516459
0.574096
0.503689
0.456409
0.477899
0.455358
0.504634
0.481518
0.55217
0.585656
0.502862
0.484296
0.4755
0.491596
0.438004
0.466149
0.502089
0.521168
0.498924
0.52134
0.507111
0.529491
0.501677
0.501051
0.465108
0.464144
0.508796
0.507967
0.525627
0.481984
0.511759
0.473284
0.488002
0.479309
0.518543
0.497999
0.517127
0.447241
0.4881
0.520361
0.512124
0.494221
0.523668
0.471365
0.479755
0.52746
0.476768
0.460148
0.514475
0.51526
0.53377
0.471186
0.526979
0.542045
0.476903
0.505136
0.503145
0.467996
0.461584
0.525234
0.465218
0.485164
0.441939
0.571087
0.517137
0.541927
0.526394
0.521767
0.465855
0.547676
0.495207
0.480058
0.510557
0.439599
0.461822
0.499741
0.501614
0.463437
0.49991
0.517798
0.491186
0.500095
0.487989
0.543392
0.527318
0.529973
0.503473
0.485521
0.523424
0.5369
0.488055
0.501198
0.535023
0.48354
0.496269
0.476052
0.465608
0.460147
0.529131
0.529211
0.523522
0.508549
0.474719
0.48435
0.461709
0.523227
0.527569
0.548772
0.482229
0.491372
0.518769
0.532407
0.517398
0.563786
0.518621
0.458593
0.509435
0.468517
0.51374
0.51852
0.540492
0.499085
0.550481
0.511215
0.514938
0.499187
0.496551
0.480935
0.475774
0.515749
0.472697
0.473847
0.487054
0.502205
0.466326
0.475874
0.574187
0.473875
0.448958
0.533573
0.503996
0.467317
0.479361
0.519931
0.516403
0.455529
0.514259
0.50694
0.469628
0.530875
0.488482
0.486843
0.520764
0.527612
0.496437
0.503913
0.563605
0.505887
0.496767
0.49864
0.50561
0.489095
0.492085
0.506214
0.485871
0.506447
0.475647
0.501164
0.535964
0.522645
0.476842
0.520033
0.515548
0.486536
0.457381
0.493971
0.534607
0.550607
0.44005
0.513108
0.474186
0.493207
0.451909
0.494598
0.547519
0.525376
0.493802
0.48619
0.473402
0.524134
0.468074
0.487217
0.503704
0.504135
0.456345
0.508874
0.516881
0.479538
0.469228
0.525651
0.479375
0.507976
0.509874
0.489811
0.52676
0.4985
0.4932
0.490775
0.496532
0.525383
0.472694
0.481295
0.464387
0.47963
0.536654
0.482289
0.535902
0.480106
0.485757
0.518217
0.455449
0.476126
0.513809
0.504863
0.51426
0.5034
0.513576
0.481407
0.519481
0.545202
0.539544
0.528661
0.526122
0.520638
0.449512
0.515338
0.473748
0.46189
0.476869
0.524238
0.519815
0.512306
0.475441
0.480216
0.5115
0.45722
0.518781
0.481815
0.497922
0.479368
0.475784
0.498435
0.464607
0.480776
0.544485
0.46492
0.452099
0.553006
0.48593
0.465417
0.510562
0.517618
0.559996
0.508417
0.482273
0.508738
0.425017
0.514817
0.463866
0.529594
0.483115
0.510902
0.470209
0.494909
0.463096
0.558112
0.511784
0.521013
0.472781
0.501472
0.447453
0.535557
0.552672
0.488559
0.484475
0.498701
0.502793
0.520878
0.477655
0.427652
0.474615
0.47953
0.549501
0.516427
0.529914
0.43704
0.493261
0.452715
0.49845
0.527222
0.45071
0.503712
0.496344
0.514954
0.456581
0.49281
0.537016
0.467744
0.511487
0.459003
0.466572
0.510955
0.475237
0.530905
0.515508
0.508572
0.492394
0.507229
0.518603
0.451372
0.441979
0.455622
0.454889
0.534391
0.493169
0.501727
0.499555
0.485546
0.488882
0.510342
0.529677
0.477298
0.439115
0.490551
0.545637
0.493228
0.475913
0.526707
0.490111
0.481392
0.50185
0.517144
0.506501
0.506353
0.483877
0.472479
0.488685
0.491731
0.474444
0.465398
0.513962
0.465186
0.481736
0.523784
0.471062
0.517669
0.480924
0.529077
0.545105
0.488847
0.4883
0.561728
0.481367
0.470563
0.510156
0.525627
0.519757
0.470204
0.518305
0.483387
0.511844
0.525862
0.474101
0.474348
0.48234
0.525151
0.492846
0.517177
0.456896
0.449564
0.530447
0.478953
0.538093
0.526248
0.514206
0.48259
0.5315
0.539053
0.509617
0.484493
0.493675
0.520753
0.535044
0.484312
0.463991
0.508305
0.526151
0.548665
0.492142
0.503011
0.491968
0.490718
0.50323
0.507478
0.494461
0.507486
0.472293
0.461232
0.463479
0.476733
0.47014
0.52687
0.518963
0.465349
0.4724
0.488634
0.482286
0.561075
0.493617
0.515253
0.468587
0.469452
0.488308
0.52897
0.482006
0.527872
0.460821
0.512583
0.445655
0.518601
0.465907
0.486421
0.508233
0.512653
0.531838
0.517087
0.519139
0.526389
0.497987
0.449875
0.493976
0.492714
0.488717
0.47672
0.452295
0.48875
0.475462
0.481564
0.529486
0.511859
0.498885
0.525003
0.494665
0.515887
0.49297
0.530099
0.526446
0.529515
0.502935
0.471231
0.428465
0.488577
0.478847
0.517855
0.496541
0.544228
0.526788
0.485057
0.499337
0.548846
0.469481
0.502755
0.494404
0.551522
0.478229
0.495456
0.491483
0.505029
0.488038
0.484409
0.484933
0.496145
0.477826
0.454056
0.487171
0.501194
0.507558
0.464639
0.524986
0.528687
0.484212
0.482849
0.490617
0.530945
0.468433
0.46238
0.509453
0.526564
0.473753
0.526277
0.506244
0.465606
0.51026
0.522945
0.471695
0.489392
0.554581
0.477691
0.461309
0.516768
0.508063
0.481682
0.478369
0.528723
0.505013
0.490187
0.502915
0.533224
0.462895
0.501987
0.488617
0.472163
0.476333
0.501813
0.489389
0.482268
0.536815
0.487707
0.467642
0.471866
0.48996
0.495159
0.526042
0.505375
0.512235
0.479913
0.444645
0.537393
0.488983
0.521312
0.535296
0.548258
0.47565
0.548045
0.485149
0.462962
0.464076
0.498193
0.461199
0.52529
0.515734
0.465432
0.517693
0.439056
0.513784
0.543269
0.518298
0.468315
0.49582
0.489198
0.524898
0.548422
0.479188
0.480635
0.5249
0.489821
0.580747
0.524524
0.478917
0.51643
0.512945
0.462474
0.460707
0.510498
0.518089
0.493305
0.501248
0.515819
0.562693
0.534893
0.468814
0.491162
0.523753
0.477164
0.536933
0.505811
0.51885
0.488135
0.522101
0.539066
0.511952
0.494857
0.543126
0.485605
0.51677
0.511159
0.493982
0.498568
0.529565
0.474039
0.502037
0.542238
0.50328
0.530605
0.523542
0.536197
0.504851
0.507417
0.47825
0.502833
0.5676
0.544126
0.495041
0.530071
0.510559
0.483268
0.490422
0.471207
0.576624
0.518098
0.461795
0.473708
0.501396
0.470338
0.547345
0.488871
0.464588
0.519707
0.484437
0.544201
0.515884
0.507117
0.478398
0.510391
0.517105
0.473406
0.513546
0.494773
0.512581
0.465482
0.46836
0.523127
0.52958
0.471753
0.486651
0.571705
0.500686
0.498723
0.52661
0.431358
0.479997
0.48062
0.539619
0.54564
0.50501
0.513939
0.480691
0.514762
0.476081
0.528775
0.532409
0.477263
0.535327
0.528811
0.434257
0.461292
0.47684
0.511847
0.509201
0.437353
0.540104
0.462747
0.449395
0.524411
0.448474
0.490658
0.532907
0.451211
0.494598
0.522409
0.533312
0.51471
0.534665
0.533932
0.554052
0.537468
0.533332
0.461606
0.529413
0.515901
0.491239
0.545383
0.494028
0.471257
0.516946
0.525572
0.492739
0.485181
0.475206
0.515172
0.51273
0.521772
0.503422
0.499605
0.469787
0.487974
0.498172
0.475744
0.51056
0.444197
0.453685
0.512098
0.45271
0.507046
0.444126
0.482038
0.51481
0.466006
0.52158
0.521932
0.507878
0.515998
0.451604
0.516069
0.520417
0.547642
0.54822
0.490248
0.50883
0.517132
0.490228
0.505893
0.525098
0.487576
0.510713
0.506597
0.513586
0.523692
0.481618
0.468937
0.498854
0.471729
0.475263
0.519462
0.536348
0.51648
0.524681
0.559712
0.497853
0.497279
0.534645
0.511153
0.503567
0.514844
0.485272
0.511897
0.532688
0.500841
0.500055
0.487082
0.504384
0.522052
0.540233
0.514798
0.521007
0.531018
0.507336
0.45941
0.455454
0.525026
0.51581
0.534185
0.50452
0.45533
0.52758
0.455068
0.500139
0.488461
0.530434
0.487501
0.45038
0.51152
0.482101
0.498156
0.502075
0.503317
0.50189
0.523447
0.556945
0.533232
0.451787
0.486716
0.52312
0.489682
0.538852
0.485942
0.483902
0.44006
0.480826
0.513876
0.54567
0.464018
0.506797
0.462456
0.476781
0.471985
0.504808
0.503379
0.499357
0.500774
0.498292
0.506723
0.50583
0.518172
0.493194
0.559472
0.462113
0.478376
0.437661
0.495826
0.519279
0.530152
0.466176
0.461185
0.475621
0.539598
0.510017
0.471654
0.460967
0.499375
0.505896
0.480976
0.475128
0.476297
0.50468
0.57674
0.48235
0.529136
0.492047
0.497755
0.483644
0.468535
0.522964
0.494467
0.478882
0.530886
0.501853
0.494278
0.540509
0.478067
0.480337
0.453659
0.480775
0.4949
0.494414
0.538923
0.474337
0.506207
0.482964
0.527535
0.528127
0.465342
0.499436
0.491836
0.490338
0.526073
0.528616
0.507048
0.49043
0.549686
0.450328
0.485453
0.512008
0.469195
0.501961
0.538594
0.490456
0.542521
0.521682
0.469399
0.557204
0.446517
0.484225
0.546093
0.482505
0.523732
0.491118
0.43976
0.548583
0.453755
0.517231
0.477456
0.505045
0.431053
0.485515
0.502727
0.518423
0.471141
0.551812
0.515415
0.517716
0.466994
0.491607
0.502626
0.48782
0.48754
0.450599
0.482735
0.492711
0.550147
0.470963
0.444307
0.490255
0.53894
0.505184
0.551797
0.500533
0.480862
0.479333
0.489922
0.499536
0.491318
0.557659
0.49856
0.520127
0.521304
0.520378
0.54007
0.492123
0.487883
0.476528
0.500895
0.45339
0.52988
0.493767
0.449323
0.503818
0.480689
0.496994
0.501295
0.464047
0.480041
0.497655
0.556117
0.540834
0.576631
0.515626
0.513962
0.540912
0.513465
0.515532
0.467031
0.535244
0.517807
0.529392
0.526261
0.465519
0.517605
0.50745
0.53543
0.504794
0.53626
0.489077
0.504563
0.514127
0.437624
0.545622
0.50449
0.547103
0.493095
0.507068
0.48445
0.494106
0.512693
0.464398
0.484595
0.548229
0.521972
0.499516
0.535299
0.504688
0.426674
0.524617
0.505108
0.535614
0.526967
0.542877
0.549246
0.492105
0.513171
0.472332
0.490519
0.485404
0.48482
0.524827
0.554518
0.479091
0.504961
0.541909
0.510971
0.474143
0.501545
0.469542
0.463144
0.478766
0.527796
0.543505
0.49715
0.494842
0.503426
0.47737
0.543041
0.552894
0.52858
0.494916
0.499567
0.467423
0.522378
0.478863
0.434471
0.514511
0.477929
0.567804
0.562196
0.51354
0.525696
0.483194
0.460878
0.474936
0.49709
0.508298
0.540503
0.525772
0.460161
0.510943
0.564098
0.53515
0.539257
0.511971
0.51384
0.501192
0.520542
0.521259
0.513944
0.521554
0.495236
0.533184
0.512221
0.529312
0.482453
0.483402
0.472166
0.526103
0.523512
0.518822
0.487465
0.574403
0.509601
0.492652
0.470784
0.510806
0.494666
0.566384
0.498722
0.502187
0.475397
0.480599
0.4948
0.496617
0.500189
0.516465
0.462367
0.480911
0.548952
0.529806
0.509284
0.436684
0.505651
0.479607
0.516279
0.466785
0.535438
0.482848
0.510831
0.493987
0.458264
0.457521
0.538478
0.453807
0.490836
0.565723
0.473398
0.463338
0.478803
0.478688
0.47016
0.507952
0.461043
0.50564
0.448512
0.47777
0.487915
0.458338
0.523082
0.525748
0.535373
0.513186
0.489859
0.489289
0.506794
0.512797
0.471345
0.587215
0.504416
0.468859
0.532239
0.484009
0.522238
0.538214
0.467534
0.533184
0.522283
0.523985
0.484904
0.511655
0.486075
0.563662
0.493245
0.526996
0.503221
0.536002
0.479267
0.529449
0.578968
0.558614
0.543981
0.540567
0.452605
0.498128
0.500988
0.520363
0.518594
0.504791
0.458422
0.534836
0.4723
0.503396
0.466432
0.475756
0.452196
0.482391
0.502077
0.49458
0.490411
0.513067
0.493506
0.492373
0.483514
0.450685
0.525303
0.507611
0.49539
0.50942
0.496868
0.473736
0.494088
0.552999
0.525705
0.488346
0.474532
0.512912
0.497511
0.565893
0.478936
0.446059
0.544907
0.445751
0.496841
0.513721
0.506725
0.497554
0.556607
0.54372
0.529697
0.485656
0.53027
0.517652
0.544431
0.504598
0.503612
0.505062
0.467555
0.507458
0.553339
0.496433
0.55189
0.518953
0.493226
0.486874
0.476546
0.53518
0.431123
0.502373
0.428791
0.521853
0.508668
0.500495
0.449595
0.522926
0.445621
0.527399
0.424705
0.481471
0.480652
0.543046
0.503132
0.50469
0.500496
0.556475
0.494927
0.494926
0.48932
0.513028
0.520118
0.47856
0.520194
0.475385
0.510683
0.504663
0.520541
0.510298
0.557438
0.455278
0.543429
0.502896
0.483711
0.50921
0.536594
0.520421
0.547677
0.431193
0.551056
0.5673
0.47523
0.478314
0.531219
0.483393
0.525267
0.465574
0.508308
0.507324
0.489264
0.522443
0.499046
0.476744
0.477007
0.452307
0.511414
0.447418
0.540363
0.506667
0.5394
0.47301
0.456964
0.525965
0.498588
0.477421
0.505678
0.508921
0.494478
0.461589
0.545741
0.492249
0.4654
0.496594
0.511428
0.562631
0.471905
0.464963
0.544131
0.512814
0.52451
0.512039
0.493733
0.483724
0.47166
0.479298
0.471133
0.524454
0.489792
0.521482
0.50382
0.522008
0.49738
0.509423
0.506351
0.542679
0.52482
0.49044
0.487617
0.51693
0.452044
0.508176
0.486771
0.479657
0.465735
0.483756
0.489701
0.507708
0.558017
0.480134
0.507902
0.516533
0.518488
0.491514
0.501645
0.497837
0.481488
0.46971
0.519303
0.47012
0.500455
0.499326
0.514718
0.483969
0.491268
0.503631
0.454477
0.503977
0.506428
0.532997
0.546976
0.489176
0.471972
0.497789
0.425148
0.483845
0.488982
0.547561
0.514721
0.470575
0.47157
0.538462
0.479903
0.487468
0.453214
0.500694
0.548335
0.521338
0.513317
0.557922
0.52722
0.448792
0.555864
0.470503
0.522487
0.507074
0.462058
0.514404
0.462861
0.516529
0.508802
0.477691
0.510726
0.516585
0.454905
0.47646
0.551647
0.497104
0.476893
0.47209
0.504433
0.436999
0.506289
0.491683
0.483604
0.471973
0.500244
0.493579
0.486158
0.483274
0.527393
0.469809
0.514486
0.529319
0.490815
0.49737
0.467334
0.522084
0.469955
0.460191
0.510673
0.48012
0.513412
0.52367
0.480358
0.480074
0.494441
0.503652
0.458444
0.488593
0.481055
0.461724
0.50505
0.466488
0.512607
0.508708
0.467621
0.517016
0.494715
0.438219
0.479491
0.520183
0.534421
0.492169
0.519597
0.544917
0.487435
0.520083
0.535234
0.471005
0.51937
0.504117
0.519727
0.502651
0.512816
0.511639
0.496883
0.50555
0.54214
0.517254
0.494108
0.449336
0.487889
0.526148
0.52606
0.557291
0.532666
0.490627
0.540718
0.52518
0.500352
0.48172
0.489733
0.501091
0.470562
0.497732
0.544945
0.508168
0.540188
0.481605
0.552934
0.54208
0.533927
0.458986
0.469484
0.495138
0.445654
0.518852
0.445837
0.488911
0.51252
0.498582
0.518605
0.497221
0.543651
0.535349
0.52522
0.511398
0.505318
0.555707
0.476803
0.519663
0.494462
0.525238
0.540303
0.472518
0.49244
0.560152
0.501822
0.526016
0.530871
0.5427
0.492954
0.464792
0.541455
0.52228
0.452052
0.476712
0.441649
0.484118
0.522275
0.481045
0.508058
0.447381
0.448298
0.532002
0.509429
0.484619
0.533562
0.479537
0.491123
0.484395
0.489932
0.48928
0.512936
0.508983
0.451643
0.513469
0.522137
0.529014
0.425413
0.504775
0.513614
0.506933
0.488584
0.484866
0.508995
0.491158
0.477184
0.53962
0.466611
0.472798
0.495773
0.48283
0.504189
0.456824
0.550947
0.520297
0.496145
0.489549
0.510386
0.486178
0.507351
0.504312
0.489308
0.533459
0.525249
0.517217
0.546216
0.510445
0.502192
0.484828
0.4898
0.495119
0.489884
0.485675
0.518885
0.539266
0.477796
0.467456
0.527282
0.524222
0.517431
0.481806
0.515431
0.480134
0.514308
0.50851
0.460708
0.530592
0.449558
0.481037
0.468264
0.46453
0.52298
0.49526
0.48428
0.487246
0.49946
0.543256
0.503505
0.502433
0.500604
0.504034
0.452964
0.497092
0.503478
0.443098
0.493692
0.491197
0.508315
0.512689
0.462392
0.493998
0.497085
0.464608
0.444869
0.548815
0.514769
0.527468
0.503133
0.478235
0.505257
0.520279
0.438042
0.471543
0.563697
0.494218
0.529342
0.536298
0.507213
0.514467
0.595017
0.505911
0.535833
0.453998
0.541779
0.495099
0.455529
0.471176
0.458609
0.495105
0.54522
0.463051
0.495208
0.500537
0.519633
0.476224
0.527227
0.519723
0.459885
0.437152
0.520172
0.440441
0.523668
0.503778
0.543833
0.482907
0.516898
0.510341
0.529137
0.471892
0.498733
0.557271
0.489279
0.509849
0.511795
0.528015
0.547017
0.472915
0.459504
0.504687
0.530013
0.461674
0.492385
0.47441
0.50607
0.488548
0.55522
0.488225
0.49017
0.483697
0.516928
0.504448
0.495169
0.481291
0.475049
0.498337
0.508027
0.508052
0.49669
0.539964
0.543453
0.505917
0.487834
0.552142
0.476839
0.520705
0.482867
0.480307
0.508348
0.448675
0.536205
0.526212
0.520051
0.522829
0.517896
0.497314
0.497964
0.490854
0.475073
0.493737
0.520881
0.516564
0.521129
0.424664
0.487866
0.486729
0.474493
0.496063
0.56628
0.50515
0.498885
0.531597
0.472225
0.515879
0.476909
0.458605
0.475268
0.52743
0.528884
0.471023
0.519337
0.489884
0.518766
0.551132
0.501643
0.546737
0.539047
0.52199
0.521524
0.443392
0.456505
0.502437
0.561067
0.534146
0.520676
0.48654
0.469402
0.509565
0.506928
0.489366
0.492524
0.59611
0.516007
0.510932
0.490533
0.489897
0.541937
0.470239
0.464158
0.526462
0.53014
0.501242
0.512445
0.538408
0.517655
0.542635
0.49348
0.482803
0.50734
0.493341
0.480028
0.540215
0.507912
0.465554
0.471955
0.507252
0.541719
0.477243
0.477312
0.514476
0.502113
0.495957
0.48396
0.481584
0.522289
0.525834
0.533606
0.481708
0.517483
0.529677
0.520122
0.516732
0.462388
0.497968
0.50403
0.525482
0.455676
0.446709
0.475024
0.476673
0.463487
0.505947
0.544404
0.508493
0.493773
0.490873
0.499294
0.456681
0.493366
0.497367
0.480526
0.483003
0.539644
0.483852
0.526061
0.515963
0.498672
0.481349
0.471818
0.545663
0.511692
0.513602
0.481794
0.474659
0.541841
0.489136
0.489347
0.476703
0.462965
0.477145
0.521509
0.505234
0.482408
0.459067
0.518223
0.513507
0.459653
0.457729
0.498354
0.488225
0.492684
0.485934
0.524374
0.548551
0.52395
0.496368
0.457572
0.512378
0.447805
0.5147
0.495689
0.471727
0.431296
0.517751
0.514831
0.509154
0.48017
0.518605
0.547546
0.537036
0.481993
0.510537
0.43894
0.471612
0.508235
0.521639
0.482704
0.493657
0.5172
0.45201
0.518928
0.537662
0.489697
0.485393
0.515578
0.501392
0.469293
0.497125
0.495508
0.477701
0.519049
0.490286
0.470887
0.520483
0.526609
0.491915
0.486911
0.556617
0.489505
0.501164
0.456676
0.47581
0.522565
0.521281
0.519094
0.470174
0.529304
0.507275
0.491713
0.445458
0.469146
0.481157
0.510329
0.515764
0.522391
0.476622
0.49726
0.503662
0.504769
0.495047
0.520158
0.537544
0.493471
0.494686
0.463225
0.528126
0.466532
0.494935
0.482732
0.55594
0.497435
0.53753
0.588681
0.461718
0.48682
0.486577
0.544519
0.461527
0.483164
0.519269
0.476761
0.548538
0.484306
0.519165
0.506391
0.523292
0.49171
0.483926
0.483938
0.564363
0.489311
0.509359
0.530079
0.47126
0.498849
0.511657
0.523664
0.501469
0.493546
0.509707
0.529015
0.503502
0.462008
0.509346
0.4944
0.48782
0.50423
0.591428
0.493536
0.417519
0.551571
0.475589
0.532007
0.560641
0.482581
0.541579
0.510471
0.515997
0.486555
0.500038
0.496524
0.524363
0.516681
0.52459
0.447104
0.49694
0.484668
0.46713
0.48331
0.492939
0.468718
0.498179
0.489503
0.448175
0.476732
0.484185
0.538571
0.466541
0.526602
0.513638
0.515234
0.466236
0.415491
0.523884
0.489256
0.482629
0.499955
0.4805
0.490448
0.51962
0.498789
0.541119
0.487329
0.491393
0.50048
0.515572
0.481333
0.526417
0.457124
0.484218
0.498416
0.515578
0.476701
0.476352
0.489958
0.536321
0.535572
0.500545
0.494828
0.464671
0.513076
0.458815
0.534478
0.507007
0.550099
0.476478
0.50296
0.493475
0.503495
0.519579
0.483719
0.534892
0.518233
0.501757
0.48506
0.495052
0.46914
0.482438
0.52614
0.470265
0.49412
0.46821
0.495381
0.518044
0.510727
0.499279
0.493167
0.526791
0.527954
0.492855
0.4507
0.488364
0.495128
0.48537
0.506901
0.5354
0.469778
0.525375
0.485215
0.495269
0.476354
0.499021
0.512207
0.532536
0.447665
0.489968
0.43982
0.561801
0.480926
0.485624
0.483171
0.512795
0.500271
0.531572
0.535753
0.509609
0.507618
0.466066
0.503935
0.465928
0.483762
0.476469
0.522614
0.498142
0.471566
0.509514
0.473909
0.518223
0.523121
0.457255
0.490766
0.508218
0.502767
0.530584
0.477353
0.468264
0.497825
0.512196
0.518109
0.47997
0.538941
0.550872
0.477341
0.517063
0.471897
0.46895
0.491223
0.495163
0.462774
0.454873
0.464091
0.482563
0.508339
0.47267
0.550892
0.55389
0.503532
0.470266
0.467679
0.518524
0.52793
0.488477
0.502005
0.475642
0.563054
0.492578
0.485122
0.517777
0.49241
0.538312
0.487823
0.47475
0.496119
0.514222
0.471838
0.49986
0.532031
0.472165
0.45863
0.480207
0.495184
0.47791
0.517484
0.543018
0.517486
0.513667
0.504755
0.519858
0.469504
0.494442
0.496159
0.480591
0.496214
0.490076
0.503968
0.538977
0.51862
0.524866
0.490998
0.471769
0.533076
0.516617
0.503254
0.523201
0.500228
0.44702
0.513123
0.496721
0.465412
0.475217
0.534961
0.47586
0.452418
0.506443
0.494985
0.506107
0.492466
0.527601
0.447318
0.529664
0.510291
0.471664
0.458071
0.474955
0.529194
0.492766
0.409339
0.472773
0.536951
0.513863
0.514988
0.490922
0.51444
0.478836
0.510092
0.499247
0.48887
0.470913
0.515925
0.526921
0.543489
0.489284
0.482346
0.503857
0.53563
0.475788
0.489487
0.498132
0.494998
0.473535
0.530593
0.501287
0.494039
0.509356
0.487905
0.543384
0.542298
0.47194
0.493449
0.519698
0.46662
0.507539
0.456621
0.510908
0.509075
0.465125
0.480423
0.518675
0.464483
0.542852
0.498247
0.508472
0.49942
0.497722
0.523065
0.491546
0.49456
0.470316
0.520904
0.467887
0.54226
0.486465
0.50049
0.512075
0.521225
0.527746
0.480925
0.483888
0.480164
0.532666
0.469274
0.525533
0.502283
0.500415
0.509946
0.457392
0.542515
0.529066
0.517728
0.464141
0.549337
0.45009
0.486364
0.48313
0.493072
0.501064
0.524542
0.526892
0.492531
0.488449
0.451171
0.561654
0.471892
0.422311
0.491813
0.52374
0.499663
0.474862
0.458165
0.535715
0.501637
0.504691
0.532437
0.484175
0.519679
0.488564
0.478534
0.521026
0.508253
0.47267
0.521885
0.480164
0.520537
0.445183
0.469819
0.46139
0.476021
0.53202
0.514349
0.533473
0.511449
0.497661
0.529245
0.518207
0.536989
0.512922
0.503265
0.547357
0.5095
0.511538
0.521431
0.514357
0.554774
0.487441
0.466209
0.512635
0.510633
0.494613
0.480479
0.502455
0.47274
0.491374
0.514171
0.498128
0.445021
0.52099
0.476431
0.507487
0.476553
0.50048
0.515205
0.475485
0.496806
0.519483
0.476105
0.48381
0.521109
0.501076
0.562444
0.478371
0.468215
0.526407
0.518301
0.566542
0.491839
0.445018
0.476504
0.496042
0.528051
0.552742
0.543395
0.507312
0.550386
0.519044
0.512257
0.501284
0.524561
0.485672
0.477288
0.514395
0.50466
0.508509
0.469972
0.522738
0.512675
0.504493
0.45975
0.507218
0.553265
0.485477
0.470844
0.501588
0.465623
0.510908
0.547125
0.485242
0.534305
0.481201
0.496887
0.502637
0.470926
0.463683
0.549416
0.461221
0.458562
0.502974
0.52521
0.479746
0.510764
0.527693
0.531749
0.50883
0.517047
0.505352
0.466663
0.525656
0.546716
0.487326
0.520202
0.544673
0.512933
0.485757
0.488857
0.506181
0.498872
0.454281
0.512021
0.464668
0.487856
0.45445
0.523566
0.478779
0.529334
0.489721
0.520201
0.514798
0.512595
0.518885
0.458496
0.485495
0.500072
0.540819
0.472445
0.506248
0.502124
0.532431
0.483434
0.49028
0.525171
0.501669
0.554505
0.464912
0.495044
0.507476
0.500771
0.490688
0.467446
0.498569
0.527884
0.505268
0.447381
0.4629
0.490397
0.513941
0.509434
0.499693
0.481927
0.488645
0.510772
0.515925
0.468975
0.467376
0.508757
0.509122
0.44028
0.525845
0.535013
0.528345
0.45359
0.473267
0.507867
0.505259
0.441721
0.504157
0.46499
0.497122
0.52977
0.518012
0.51816
0.473619
0.475375
0.508736
0.511982
0.499364
0.513881
0.45571
0.488469
0.46399
0.530296
0.498358
0.479341
0.511672
0.499905
0.496101
0.437928
0.501972
0.499427
0.525557
0.482544
0.523872
0.530581
0.466886
0.493215
0.514889
0.487938
0.521126
0.513623
0.497111
0.452935
0.530421
0.540165
0.482078
0.50593
0.543002
0.489969
0.486333
0.468168
0.514791
0.499769
0.509554
0.475528
0.469523
0.547507
0.51713
0.445939
0.509244
0.498529
0.519044
0.522333
0.54706
0.568256
0.536967
0.513004
0.474023
0.503209
0.541403
0.481262
0.492022
0.502253
0.460786
0.486242
0.45455
0.539946
0.474399
0.546756
0.507237
0.423858
0.460977
0.490053
0.520001
0.497743
0.444883
0.507367
0.462715
0.492433
0.51173
0.528129
0.496249
0.536335
0.485318
0.494714
0.480771
0.467396
0.547763
0.499602
0.513181
0.488428
0.564698
0.486823
0.46554
0.477648
0.487418
0.489567
0.506397
0.496321
0.493836
0.465831
0.476854
0.515379
0.490142
0.533977
0.493276
0.522889
0.545024
0.470078
0.498498
0.504244
0.488333
0.518921
0.47342
0.546957
0.496072
0.54056
0.510847
0.481921
0.513569
0.524265
0.453475
0.463036
0.478725
0.52177
0.507868
0.477036
0.517205
0.501678
0.526326
0.475441
0.501445
0.496903
0.518504
0.510466
0.525353
0.497029
0.484663
0.506785
0.476578
0.497445
0.46243
0.501022
0.498227
0.477159
0.48893
0.520838
0.501891
0.52713
0.480185
0.485498
0.533875
0.491029
0.519638
0.509777
0.496486
0.540276
0.507681
0.533104
0.496275
0.515242
0.524067
0.505795
0.511086
0.504495
0.465079
0.514266
0.547811
0.493942
0.507329
0.457095
0.4827
0.497778
0.480055
0.503807
0.516126
0.543082
0.457815
0.488259
0.463661
0.539956
0.465422
0.4685
0.455346
0.529077
0.497016
0.574984
0.445037
0.498533
0.521144
0.488998
0.45168
0.511824
0.463714
0.483201
0.504421
0.458897
0.540713
0.526133
0.513397
0.442098
0.512551
0.522567
0.458097
0.518905
0.501911
0.511601
0.465174
0.513327
0.516979
0.50433
0.507569
0.477842
0.501936
0.473013
0.456827
0.487739
0.516572
0.45357
0.480485
0.459757
0.526914
0.503322
0.496404
0.486882
0.488726
0.435815
0.535916
0.471175
0.505777
0.544629
0.507668
0.536525
0.474726
0.498033
0.454027
0.503176
0.558523
0.476362
0.511942
0.535927
0.520188
0.503999
0.430108
0.477861
0.508844
0.497827
0.514338
0.471489
0.499884
0.514035
0.492991
0.529184
0.501138
0.55514
0.494355
0.514772
0.45693
0.569124
0.477839
0.488163
0.451885
0.482528
0.510859
0.484895
0.516363
0.489408
0.503304
0.542464
0.485408
0.508009
0.481427
0.475312
0.453075
0.467045
0.523072
0.460361
0.514005
0.483446
0.466079
0.514951
0.484143
0.48346
0.45177
0.489072
0.492452
0.508976
0.475372
0.553747
0.555516
0.510952
0.465259
0.467469
0.536889
0.501811
0.452884
0.482531
0.493087
0.508691
0.515292
0.523162
0.538074
0.509419
0.472057
0.507306
0.528138
0.483084
0.508557
0.483958
0.559017
0.467081
0.527426
0.477894
0.527158
0.502513
0.490087
0.503699
0.516985
0.46981
0.50022
0.480957
0.486038
0.506453
0.55105
0.48247
0.509884
0.528667
0.468334
0.497399
0.55864
0.458966
0.490909
0.511184
0.507018
0.491429
0.480686
0.484133
0.489741
0.476562
0.523964
0.500542
0.514218
0.487649
0.525935
0.500231
0.432353
0.550443
0.490262
0.524367
0.443352
0.548084
0.47559
0.487447
0.499418
0.50312
0.490888
0.527318
0.486202
0.518496
0.461476
0.515112
0.509877
0.519401
0.507625
0.466968
0.572726
0.487833
0.497594
0.509411
0.479111
0.551763
0.486994
0.530273
0.493688
0.490782
0.466339
0.477025
0.513765
0.480086
0.518666
0.574398
0.497661
0.474698
0.519104
0.483158
0.460942
0.455775
0.478252
0.511932
0.472418
0.490907
0.461258
0.543931
0.501768
0.540248
0.524464
0.580472
0.510677
0.560386
0.501492
0.503156
0.459342
0.487803
0.490653
0.526584
0.490244
0.493815
0.505546
0.503485
0.481049
0.51286
0.490724
0.484135
0.478511
0.466009
0.504311
0.49193
0.465261
0.541577
0.539424
0.467006
0.491345
0.494716
0.506303
0.489761
0.492402
0.487841
0.507001
0.486174
0.456339
0.4738
0.494516
0.506779
0.520393
0.443632
0.488249
0.491178
0.450446
0.510797
0.507645
0.479965
0.494473
0.473768
0.505914
0.515943
0.50199
0.518836
0.485685
0.476497
0.451391
0.485019
0.438487
0.479003
0.487038
0.492949
0.499913
0.471156
0.487978
0.5196
0.502366
0.538077
0.490169
0.460749
0.497233
0.468089
0.504088
0.473034
0.468392
0.519029
0.529595
0.477482
0.498901
0.516965
0.499921
0.526395
0.482764
0.53921
0.526674
0.555455
0.553632
0.513492
0.517715
0.492927
0.472329
0.545161
0.529792
0.567842
0.505068
0.394315
0.487814
0.529029
0.514239
0.524701
0.432616
0.506863
0.483633
0.496291
0.489117
0.469627
0.499995
0.463385
0.496728
0.496335
0.482759
0.440135
0.483893
0.417913
0.493859
0.525344
0.478634
0.478602
0.459482
0.478441
0.546978
0.52946
0.515639
0.488486
0.501141
0.51584
0.539424
0.488084
0.489342
0.490715
0.527855
0.494091
0.499119
0.525733
0.516139
0.546985
0.486034
0.451864
0.487276
0.530764
0.519627
0.51153
0.464839
0.475267
0.518504
0.524076
0.540833
0.502773
0.466428
0.546472
0.470496
0.50077
0.521294
0.461113
0.48591
0.522757
0.528861
0.512594
0.490318
0.498955
0.493108
0.485329
0.485
0.488813
0.515106
0.473907
0.490597
0.53717
0.482259
0.458031
0.494751
0.475955
0.519812
0.48395
0.507939
0.503302
0.526483
0.444222
0.529375
0.461949
0.496104
0.497718
0.514859
0.5588
0.487139
0.451715
0.478436
0.527523
0.501966
0.517967
0.55976
0.496067
0.527776
0.544628
0.509014
0.530953
0.510996
0.525894
0.531284
0.530239
0.517076
0.451249
0.502244
0.477019
0.497542
0.516185
0.517037
0.515328
0.496175
0.526273
0.494226
0.510345
0.426202
0.506453
0.466686
0.494747
0.500357
0.487427
0.521317
0.523108
0.485712
0.501031
0.489442
0.516206
0.505123
0.49645
0.52979
0.487119
0.4672
0.51916
0.495904
0.530984
0.466637
0.50447
0.519878
0.490288
0.506818
0.427538
0.504286
0.477578
0.446541
0.481737
0.524179
0.557455
0.472751
0.517248
0.491021
0.529726
0.501155
0.461745
0.490451
0.525603
0.516594
0.505065
0.465733
0.488803
0.515043
0.469719
0.528773
0.553442
0.519115
0.519132
0.510587
0.440591
0.498956
0.485484
0.49308
0.565366
0.520382
0.519016
0.474019
0.506432
0.552156
0.450704
0.487081
0.509794
0.464271
0.490134
0.498833
0.498748
0.539106
0.4705
0.504544
0.471874
0.45735
0.472558
0.494677
0.520936
0.520542
0.479442
0.46396
0.470572
0.502133
0.534196
0.494893
0.491644
0.428915
0.481912
0.45758
0.510129
0.484714
0.48834
0.507746
0.483417
0.508211
0.456847
0.474831
0.4559
0.516772
0.495601
0.492021
0.505719
0.548149
0.446856
0.5001
0.514557
0.541954
0.520209
0.476998
0.502331
0.492745
0.491711
0.504901
0.498683
0.496633
0.520694
0.516809
0.473124
0.523259
0.50621
0.51441
0.485724
0.555035
0.474936
0.519154
0.480206
0.495513
0.502425
0.518381
0.53133
0.498754
0.519597
0.548409
0.548443
0.481588
0.446311
0.536429
0.487059
0.520624
0.503925
0.473099
0.560359
0.495891
0.5087
0.527701
0.482469
0.502985
0.48793
0.497749
0.475407
0.475599
0.54067
0.514907
0.51157
0.470308
0.46494
0.459108
0.513618
0.465481
0.513281
0.492735
0.483665
0.496207
0.47853
0.476751
0.493619
0.52709
0.481697
0.430643
0.45856
0.504816
0.493821
0.498057
0.515037
0.482332
0.49367
0.470015
0.486145
0.51655
0.533166
0.477555
0.505267
0.471413
0.502414
0.515706
0.490355
0.478234
0.5062
0.540651
0.520619
0.535154
0.523841
0.511951
0.487507
0.507612
0.494265
0.50173
0.541844
0.501691
0.538179
0.482654
0.539011
0.492226
0.509222
0.486631
0.46403
0.467539
0.485963
0.526052
0.498449
0.502678
0.516624
0.449498
0.470872
0.453041
0.538401
0.47375
0.503041
0.520254
0.463268
0.514003
0.463322
0.542182
0.482115
0.48414
0.509478
0.478939
0.51913
0.458952
0.512611
0.466789
0.498259
0.450182
0.534132
0.551793
0.503664
0.468253
0.537648
0.515096
0.486008
0.521573
0.547639
0.521711
0.506482
0.485275
0.546789
0.47469
0.500423
0.511282
0.523862
0.496552
0.482408
0.521565
0.533985
0.469832
0.504698
0.496463
0.483223
0.45865
0.540907
0.509955
0.49931
0.513149
0.52677
0.533745
0.490418
0.488693
0.509887
0.512038
0.523849
0.471701
0.480314
0.508893
0.466496
0.543979
0.47388
0.470011
0.49898
0.477434
0.510106
0.500847
0.485321
0.481049
0.536594
0.53291
0.550015
0.471988
0.441768
0.480137
0.484408
0.492697
0.517841
0.447204
0.544225
0.5259
0.515881
0.531666
0.510135
0.499344
0.494845
0.501774
0.513236
0.502171
0.536478
0.481878
0.467321
0.464804
0.457916
0.517261
0.549805
0.534208
0.46391
0.470295
0.503194
0.516409
0.500505
0.469794
0.508963
0.478145
0.502086
0.465429
0.50572
0.50952
0.463634
0.47909
0.493539
0.549539
0.460092
0.515069
0.516317
0.506404
0.554699
0.510929
0.51406
0.464435
0.498178
0.550948
0.536938
0.529498
0.510647
0.504004
0.543019
0.464816
0.498128
0.497777
0.521529
0.519034
0.515534
0.481148
0.543527
0.478417
0.518
0.496661
0.521869
0.465051
0.482448
0.474934
0.512331
0.492924
0.541241
0.482884
0.507775
0.453771
0.489818
0.45765
0.517216
0.564538
0.510179
0.518076
0.481691
0.498363
0.542089
0.49565
0.468774
0.530926
0.48389
0.486748
0.487644
0.474068
0.544779
0.508082
0.506552
0.498532
0.50044
0.487207
0.514583
0.457712
0.493903
0.499982
0.489577
0.524282
0.483497
0.526841
0.554086
0.511583
0.509781
0.509758
0.511249
0.451642
0.513326
0.511787
0.542446
0.50169
0.515217
0.541035
0.508619
0.45107
0.512157
0.530965
0.48713
0.510394
0.478048
0.478881
0.496031
0.504833
0.473919
0.464492
0.467617
0.543416
0.538077
0.45041
0.483148
0.516203
0.478363
0.526473
0.550603
0.531219
0.538377
0.529756
0.467348
0.50302
0.509552
0.492158
0.519591
0.474762
0.510964
0.497423
0.530499
0.465647
0.488724
0.449487
0.508849
0.465635
0.516859
0.514013
0.5001
0.529278
0.481536
0.484998
0.501742
0.500565
0.510511
0.508322
0.524812
0.510642
0.479679
0.464116
0.493447
0.470297
0.498601
0.459822
0.534349
0.479066
0.506872
0.505821
0.508036
0.472851
0.493224
0.465506
0.533754
0.51192
0.519222
0.491677
0.489933
0.521156
0.509439
0.481118
0.452044
0.464441
0.509973
0.539254
0.459754
0.515052
0.5272
0.476747
0.465234
0.463922
0.498616
0.50991
0.464513
0.447677
0.49766
0.556812
0.473735
0.478284
0.484384
0.480958
0.49221
0.446221
0.453848
0.504404
0.514124
0.509019
0.484115
0.5222
0.470787
0.48706
0.465722
0.470017
0.515294
0.538511
0.494497
0.466846
0.471469
0.505259
0.489602
0.514645
0.468976
0.441729
0.46868
0.446796
0.436466
0.518457
0.49197
0.497261
0.544634
0.482297
0.517272
0.442305
0.531066
0.485125
0.477647
0.456664
0.448742
0.512937
0.503701
0.496025
0.520088
0.507192
0.482354
0.537708
0.468427
0.470291
0.483957
0.481412
0.478724
0.45706
0.509632
0.561901
0.519494
0.524114
0.510711
0.495518
0.517743
0.498978
0.492152
0.51238
0.518823
0.49084
0.481803
0.516152
0.513077
0.464805
0.557391
0.503261
0.49114
0.501533
0.533111
0.503422
0.509784
0.474137
0.497687
0.473368
0.510168
0.484202
0.525788
0.475641
0.52038
0.478818
0.494664
0.49433
0.504144
0.470493
0.497883
0.429623
0.507552
0.511819
0.458042
0.463059
0.535723
0.496767
0.480329
0.49534
0.481238
0.570495
0.48881
0.518598
0.526245
0.469533
0.587311
0.504964
0.500093
0.504219
0.496783
0.483349
0.504385
0.495277
0.511007
0.506277
0.497317
0.446387
0.542531
0.468673
0.489175
0.48465
0.560703
0.460462
0.500874
0.530799
0.503679
0.514865
0.507403
0.501043
0.496284
0.504264
0.538067
0.472419
0.50559
0.535505
0.485381
0.503525
0.486102
0.456528
0.514505
0.492504
0.476415
0.446183
0.495097
0.534166
0.469218
0.509115
0.517437
0.468111
0.466526
0.4976
0.474736
0.479732
0.472013
0.492187
0.503459
0.49598
0.542315
0.483044
0.513578
0.457752
0.539187
0.463869
0.5106
0.510791
0.474378
0.500241
0.511267
0.506965
0.499117
0.514293
0.504785
0.517796
0.480062
0.517579
0.511466
0.502135
0.453605
0.494004
0.510665
0.459823
0.4704
0.534708
0.499869
0.543251
0.50199
0.476753
0.516831
0.518661
0.481411
0.447519
0.516609
0.509091
0.489641
0.436657
0.465398
0.520816
0.40978
0.477492
0.523022
0.495172
0.490824
0.56974
0.435964
0.477642
0.472913
0.535423
0.442802
0.516063
0.495939
0.459845
0.523944
0.489849
0.493363
0.469521
0.507515
0.512084
0.513143
0.478918
0.513284
0.516383
0.477634
0.497889
0.536504
0.450373
0.534334
0.491679
0.533541
0.487687
0.489362
0.475372
0.491159
0.490333
0.455524
0.484655
0.531348
0.483326
0.526868
0.44478
0.513561
0.513447
0.461574
0.459591
0.446242
0.514002
0.525084
0.492493
0.52951
0.497475
0.495315
0.471243
0.520884
0.507927
0.501862
0.488434
0.485919
0.485027
0.531037
0.509541
0.495632
0.491589
0.458646
0.500421
0.512587
0.506498
0.512354
0.506123
0.517513
0.494876
0.545532
0.462892
0.488347
0.477396
0.454449
0.445249
0.453548
0.480587
0.550692
0.470003
0.501588
0.470033
0.540686
0.499092
0.498468
0.498315
0.544182
0.463109
0.505153
0.529594
0.503604
0.497401
0.506795
0.542698
0.496116
0.54261
0.485612
0.554582
0.510284
0.451535
0.509308
0.506057
0.509223
0.504179
0.496907
0.531637
0.532084
0.512878
0.52387
0.495401
0.535774
0.43936
0.488377
0.47473
0.508766
0.475631
0.500644
0.503806
0.48889
0.500549
0.557155
0.488735
0.496975
0.463969
0.491676
0.516177
0.458212
0.490336
0.464938
0.477367
0.503116
0.503583
0.524853
0.479375
0.529965
0.525239
0.469139
0.495511
0.470587
0.477591
0.502241
0.506727
0.511377
0.4838
0.508405
0.535906
0.411401
0.516829
0.552795
0.456904
0.47949
0.449063
0.472518
0.510222
0.492173
0.504509
0.43944
0.497184
0.474337
0.515422
0.526664
0.5645
0.484489
0.455263
0.510537
0.501078
0.536492
0.549847
0.520084
0.478974
0.529647
0.498553
0.535712
0.490341
0.469004
0.557487
0.479093
0.522264
0.547771
0.516457
0.43607
0.52135
0.503697
0.541643
0.514482
0.489945
0.551304
0.505837
0.498778
0.485863
0.481849
0.528122
0.503285
0.487492
0.512875
0.534874
0.516025
0.516153
0.529249
0.473956
0.50493
0.507599
0.517538
0.47398
0.508359
0.514509
0.485621
0.500511
0.451761
0.531874
0.46939
0.54109
0.532394
0.497125
0.518432
0.450955
0.463935
0.486908
0.48256
0.471322
0.492897
0.482351
0.531067
0.522115
0.478694
0.484719
0.43658
0.481015
0.509249
0.483326
0.475386
0.510697
0.514014
0.547571
0.456119
0.456143
0.556275
0.504988
0.478651
0.473891
0.476624
0.49717
0.495105
0.495105
0.459461
0.475453
0.484828
0.534343
0.50441
0.518231
0.525216
0.465885
0.494531
0.491772
0.500269
0.50951
0.48318
0.476424
0.488742
0.50759
0.451416
0.520065
0.573766
0.445379
0.517816
0.480693
0.49583
0.526366
0.48258
0.520023
0.460975
0.484575
0.467795
0.479951
0.536099
0.485683
0.525737
0.523795
0.463225
0.478831
0.457087
0.534148
0.46463
0.461001
0.530932
0.499245
0.520692
0.475842
0.458428
0.549714
0.502336
0.448806
0.482002
0.537577
0.489958
0.490488
0.521964
0.479383
0.460698
0.510023
0.512411
0.54535
0.495935
0.450436
0.508281
0.496384
0.470886
0.507805
0.49546
0.510855
0.498172
0.516118
0.505792
0.533009
0.467246
0.499697
0.518873
0.494874
0.451531
0.505074
0.512519
0.503562
0.465169
0.514172
0.463755
0.545811
0.531241
0.450687
0.432234
0.531673
0.533333
0.491543
0.447928
0.529197
0.522332
0.485278
0.564987
0.511997
0.510316
0.489258
0.52364
0.511576
0.453429
0.527581
0.511998
0.49628
0.52559
0.561553
0.519652
0.498758
0.50494
0.464598
0.524931
0.493805
0.554884
0.503499
0.497697
0.498454
0.481604
0.53782
0.489547
0.50621
0.529929
0.529408
0.543313
0.52728
0.509423
0.48383
0.443716
0.496686
0.502574
0.535629
0.471056
0.50214
0.456962
0.549278
0.459824
0.50354
0.503273
0.487701
0.534085
0.535983
0.521033
0.460233
0.481541
0.478146
0.503955
0.481902
0.488117
0.477935
0.566743
0.485905
0.474969
0.507259
0.525264
0.501152
0.509769
0.487806
0.531927
0.52675
0.504164
0.519712
0.458177
0.525309
0.529262
0.544971
0.51595
0.526941
0.541036
0.477487
0.50999
0.475827
0.447511
0.451626
0.462884
0.561224
0.559618
0.521154
0.504692
0.504798
0.48758
0.480423
0.499065
0.476139
0.474715
0.449696
0.497699
0.54836
0.520521
0.586474
0.505022
0.495622
0.454927
0.454701
0.494975
0.514492
0.505581
0.483733
0.471776
0.490982
0.500047
0.468929
0.436521
0.495169
0.47479
0.495755
0.481522
0.535247
0.51283
0.499262
0.494239
0.532907
0.471919
0.480826
0.582685
0.521899
0.525145
0.494016
0.544181
0.501673
0.505814
0.541469
0.499343
0.447962
0.448495
0.494643
0.453156
0.512173
0.478108
0.48833
0.505035
0.511488
0.488914
0.471795
0.469727
0.491517
0.445305
0.458428
0.48094
0.503404
0.526241
0.455768
0.539574
0.547252
0.505241
0.437793
0.528426
0.473735
0.537767
0.511328
0.495239
0.475783
0.467916
0.488471
0.505985
0.472208
0.536256
0.516896
0.450239
0.505154
0.440709
0.479905
0.480532
0.523228
0.482344
0.538124
0.447556
0.512215
0.547958
0.504692
0.443086
0.495224
0.531313
0.505838
0.512508
0.504158
0.504922
0.488714
0.488822
0.444379
0.494234
0.478355
0.519988
0.484434
0.536117
0.465648
0.501503
0.472731
0.483493
0.43818
0.496076
0.453034
0.488023
0.525844
0.472278
0.500644
0.482689
0.523074
0.454038
0.551159
0.506174
0.479586
0.472869
0.543664
0.550902
0.491499
0.474687
0.500254
0.496612
0.504718
0.513115
0.463739
0.551346
0.542437
0.451124
0.505424
0.461726
0.448657
0.492908
0.534826
0.474388
0.479583
0.447856
0.483219
0.47046
0.504771
0.478496
0.54286
0.474946
0.499917
0.454289
0.483798
0.502899
0.493138
0.523156
0.55011
0.504262
0.526647
0.52259
0.48747
0.529231
0.535675
0.532255
0.533902
0.526049
0.496527
0.46993
0.455603
0.483075
0.515647
0.512674
0.499718
0.487016
0.541556
0.485101
0.485915
0.4392
0.481551
0.476614
0.498675
0.521759
0.505039
0.479507
0.522134
0.505602
0.495367
0.509774
0.549376
0.472042
0.48204
0.46253
0.48804
0.48997
0.515194
0.523903
0.534129
0.480437
0.494197
0.431271
0.515875
0.510519
0.462258
0.513732
0.509557
0.488351
0.508916
0.494665
0.529133
0.491196
0.432289
0.548274
0.531567
0.538421
0.492943
0.521975
0.479722
0.491271
0.501281
0.486508
0.504701
0.50129
0.520304
0.415656
0.489501
0.489294
0.535627
0.497427
0.485864
0.486748
0.46463
0.538598
0.456196
0.471431
0.506617
0.45447
0.482425
0.539263
0.475847
0.495738
0.493686
0.474172
0.529329
0.464324
0.51469
0.457869
0.491246
0.50006
0.536668
0.541417
0.525881
0.510104
0.502754
0.430448
0.470929
0.462949
0.469691
0.485937
0.503063
0.518907
0.547725
0.51237
0.477628
0.488943
0.500573
0.535209
0.464345
0.523739
0.467328
0.489518
0.570896
0.544845
0.518189
0.461623
0.426259
0.52982
0.495878
0.455688
0.485682
0.473211
0.484632
0.497072
0.489155
0.515263
0.538631
0.524356
0.555271
0.530224
0.471752
0.501905
0.522333
0.496127
0.480509
0.514833
0.518604
0.537926
0.512068
0.46827
0.463551
0.545845
0.539202
0.472779
0.521975
0.540841
0.48406
0.517818
0.482903
0.489029
0.452642
0.465107
0.515098
0.496965
0.521827
0.523789
0.491083
0.489649
0.530857
0.499251
0.431549
0.47313
0.499129
0.477476
0.492009
0.503585
0.51219
0.516818
0.473591
0.514747
0.487796
0.479054
0.479834
0.465557
0.543908
0.531605
0.531364
0.509919
0.500521
0.502793
0.510328
0.520428
0.52717
0.532003
0.536457
0.50794
0.478019
0.536645
0.486635
0.488883
0.516382
0.487764
0.469849
0.512152
0.500569
0.486199
0.5194
0.547485
0.462922
0.501148
0.474233
0.507192
0.453922
0.523021
0.531285
0.543099
0.483238
0.422453
0.540705
0.500605
0.509594
0.54736
0.50584
0.561699
0.511328
0.489902
0.539838
0.478839
0.529525
0.515235
0.51077
0.501546
0.495587
0.483924
0.507124
0.497606
0.515122
0.459895
0.50556
0.520742
0.510033
0.495797
0.502792
0.51663
0.470667
0.537654
0.483483
0.499157
0.49991
0.530673
0.506008
0.528757
0.501106
0.478099
0.507985
0.454737
0.501661
0.474972
0.503435
0.513447
0.484217
0.488677
0.49344
0.504176
0.527278
0.518157
0.502188
0.514645
0.497142
0.533656
0.520278
0.497977
0.483033
0.488883
0.497145
0.433017
0.537302
0.467457
0.4845
0.489875
0.54257
0.505515
0.472645
0.532569
0.547687
0.492364
0.511551
0.500643
0.454389
0.49103
0.458557
0.531636
0.526518
0.490612
0.514584
0.496272
0.493691
0.472286
0.520724
0.558253
0.521283
0.520847
0.487088
0.500523
0.498605
0.44367
0.505783
0.499889
0.517153
0.538954
0.489895
0.541855
0.500791
0.455125
0.480357
0.527568
0.519768
0.453279
0.532563
0.48473
0.490412
0.49454
0.524628
0.494361
0.492404
0.4842
0.479134
0.505292
0.445487
0.504527
0.530278
0.51825
0.497503
0.518101
0.478261
0.501421
0.515615
0.51357
0.482812
0.499367
0.492597
0.485694
0.51772
0.487159
0.540076
0.501543
0.478247
0.491616
0.520584
0.484739
0.49329
0.481517
0.450308
0.51961
0.514186
0.47866
0.464404
0.477124
0.49201
0.541652
0.506758
0.514497
0.485262
0.504289
0.516065
0.540326
0.579809
0.53042
0.500102
0.447141
0.562954
0.527158
0.460064
0.503244
0.523516
0.538308
0.486853
0.495708
0.529785
0.459909
0.541173
0.456414
0.457239
0.489734
0.519332
0.452997
0.517888
0.512656
0.5366
0.496588
0.523124
0.523726
0.54002
0.458207
0.511954
0.510857
0.482531
0.5457
0.456486
0.52898
0.560285
0.493086
0.486548
0.467551
0.505038
0.544194
0.475314
0.473282
0.473478
0.472455
0.517806
0.519974
0.565374
0.49874
0.524157
0.517319
0.532415
0.519104
0.479503
0.420555
0.459627
0.494317
0.532377
0.51285
0.521221
0.483064
0.483495
0.562277
0.472768
0.510672
0.446783
0.515268
0.481561
0.495257
0.524545
0.528419
0.487055
0.503155
0.508636
0.47052
0.473238
0.485514
0.52951
0.506677
0.494829
0.497929
0.485033
0.516419
0.509168
0.534979
0.470915
0.457648
0.475672
0.481559
0.494662
0.498317
0.434733
0.482873
0.494894
0.457703
0.507944
0.424964
0.467934
0.49916
0.501505
0.51765
0.483514
0.516221
0.524703
0.531759
0.501494
0.433919
0.495344
0.512514
0.481463
0.497214
0.463986
0.470963
0.507094
0.488391
0.49888
0.465318
0.487126
0.48531
0.503474
0.484081
0.514859
0.502378
0.478359
0.482835
0.468024
0.436124
0.539533
0.496568
0.510913
0.497243
0.534867
0.519411
0.530636
0.510998
0.500624
0.503662
0.489389
0.507836
0.519936
0.469979
0.554595
0.526116
0.525092
0.510595
0.488809
0.5188
0.525516
0.517463
0.471251
0.475999
0.463328
0.497174
0.532841
0.485246
0.488326
0.494548
0.486622
0.501364
0.494309
0.546749
0.495432
0.527812
0.488578
0.509828
0.468711
0.541375
0.526512
0.469539
0.520314
0.462087
0.483083
0.448328
0.519201
0.480249
0.513197
0.490349
0.454886
0.502419
0.52272
0.436402
0.49952
0.488257
0.502077
0.47065
0.488471
0.51009
0.464291
0.481004
0.511292
0.547081
0.539349
0.505042
0.564946
0.485869
0.516746
0.483338
0.431152
0.519561
0.568113
0.462087
0.539752
0.526947
0.46178
0.536879
0.509943
0.523813
0.481157
0.489522
0.491275
0.578233
0.458813
0.50977
0.48628
0.451711
0.47812
0.483841
0.5266
0.518039
0.48434
0.531595
0.504503
0.491764
0.487033
0.544253
0.471648
0.458128
0.535654
0.524526
0.546988
0.496352
0.510227
0.541025
0.495675
0.528149
0.468949
0.498847
0.480846
0.493339
0.484626
0.498183
0.510164
0.574434
0.491794
0.502849
0.488993
0.542072
0.506409
0.490601
0.482073
0.483182
0.449984
0.497106
0.475588
0.503741
0.530044
0.515463
0.491472
0.488011
0.488767
0.493119
0.535862
0.496123
0.451706
0.498093
0.523547
0.491885
0.488443
0.486339
0.520304
0.462696
0.557066
0.522169
0.464983
0.463422
0.51434
0.433567
0.493233
0.526134
0.513446
0.484307
0.564723
0.507566
0.511163
0.474723
0.515747
0.496169
0.516367
0.483019
0.519094
0.460648
0.451725
0.508995
0.543033
0.481836
0.430456
0.482052
0.52132
0.509809
0.55004
0.505365
0.466071
0.498085
0.504736
0.538092
0.515402
0.476808
0.468804
0.487498
0.497695
0.426776
0.492288
0.512856
0.474371
0.486197
0.451245
0.473023
0.463044
0.512043
0.454292
0.489545
0.512927
0.497878
0.527346
0.457177
0.514377
0.460037
0.508434
0.463686
0.464438
0.524029
0.494446
0.490825
0.46027
0.463041
0.521703
0.508335
0.462329
0.470411
0.482221
0.522862
0.539184
0.487959
0.507545
0.513667
0.445833
0.54204
0.522025
0.536984
0.547408
0.529189
0.507408
0.500933
0.510127
0.513251
0.490626
0.552832
0.531382
0.465856
0.486651
0.490799
0.500835
0.472117
0.438297
0.49152
0.484389
0.503433
0.494833
0.52605
0.472916
0.469258
0.471299
0.455528
0.507622
0.479732
0.430378
0.50868
0.493912
0.52102
0.448727
0.482978
0.495635
0.505269
0.469611
0.501348
0.481588
0.537024
0.523739
0.466278
0.516154
0.458005
0.51017
0.523218
0.475935
0.5221
0.499153
0.505146
0.504279
0.552464
0.478797
0.510164
0.455552
0.502589
0.487426
0.464009
0.541048
0.493223
0.513502
0.509357
0.538402
0.527019
0.485001
0.523774
0.516383
0.492777
0.530095
0.448225
0.516947
0.541163
0.531037
0.497975
0.466412
0.473782
0.453106
0.45779
0.507652
0.477466
0.530505
0.523295
0.465158
0.475672
0.511068
0.490372
0.514867
0.488847
0.501667
0.514466
0.490613
0.505647
0.456184
0.481681
0.439087
0.506879
0.487926
0.523539
0.53518
0.484043
0.458362
0.487273
0.539578
0.524345
0.514049
0.483533
0.550492
0.504069
0.543629
0.483384
0.56139
0.502162
0.50677
0.506456
0.44661
0.495928
0.526921
0.472144
0.456734
0.490689
0.499767
0.465705
0.455586
0.465303
0.509244
0.541158
0.530742
0.535403
0.513008
0.512834
0.489414
0.50623
0.489212
0.547469
0.511598
0.516954
0.556481
0.568707
0.492345
0.508331
0.46896
0.52589
0.485044
0.485593
0.518293
0.479015
0.527582
0.488436
0.454435
0.511718
0.463262
0.479978
0.497145
0.504179
0.48835
0.536574
0.490055
0.467813
0.518132
0.450349
0.499181
0.453618
0.543343
0.526335
0.50775
0.556064
0.428862
0.466083
0.51922
0.494397
0.506536
0.499617
0.480373
0.503222
0.543999
0.547624
0.506348
0.484253
0.481387
0.475737
0.50949
0.511106
0.497802
0.472788
0.4839
0.508989
0.509404
0.514925
0.497543
0.541195
0.491011
0.507436
0.513808
0.484246
0.513086
0.48619
0.514384
0.473581
0.485968
0.480534
0.455327
0.491653
0.513246
0.459561
0.518195
0.480311
0.516129
0.513579
0.508134
0.53935
0.490705
0.462702
0.480771
0.523091
0.539947
0.4844
0.509809
0.47688
0.53236
0.491906
0.447185
0.465372
0.519125
0.515344
0.497677
0.52447
0.56163
0.547459
0.449824
0.468813
0.511251
0.495821
0.465042
0.496669
0.453271
0.483379
0.506806
0.524114
0.536801
0.539239
0.491781
0.460379
0.482579
0.52154
0.524764
0.516226
0.550528
0.504306
0.499325
0.497246
0.498949
0.510153
0.506013
0.493935
0.49721
0.470708
0.560006
0.460437
0.453826
0.476641
0.500083
0.483824
0.531788
0.549162
0.530783
0.475785
0.483024
0.534874
0.489638
0.478607
0.50387
0.495847
0.501345
0.497312
0.513418
0.486791
0.520759
0.529838
0.526616
0.491206
0.466582
0.467125
0.484013
0.528383
0.497611
0.494997
0.46999
0.533125
0.50344
0.469694
0.521391
0.47007
0.511477
0.488951
0.518396
0.514488
0.492147
0.53049
0.46953
0.431431
0.534176
0.469787
0.502682
0.485103
0.471808
0.479017
0.493996
0.51033
0.495847
0.529023
0.516525
0.478008
0.490387
0.486204
0.480512
0.466399
0.487114
0.456191
0.417183
0.53015
0.559052
0.486179
0.487908
0.528912
0.465624
0.487802
0.510633
0.527436
0.500906
0.502417
0.525433
0.479019
0.486958
0.550675
0.501073
0.504166
0.454084
0.468259
0.504453
0.476366
0.539923
0.47965
0.494805
0.556831
0.459228
0.501815
0.504522
0.500087
0.526213
0.519673
0.508494
0.542297
0.491342
0.495232
0.463823
0.464169
0.504444
0.532256
0.491796
0.490356
0.516012
0.508346
0.473988
0.50719
0.488575
0.446311
0.504368
0.470655
0.470011
0.496697
0.489294
0.466443
0.550685
0.483359
0.49725
0.544001
0.456272
0.503935
0.470231
0.496418
0.488149
0.497119
0.488619
0.478038
0.543239
0.488587
0.531448
0.491675
0.475163
0.467464
0.543922
0.527302
0.488594
0.465205
0.494068
0.484084
0.508669
0.488757
0.520386
0.467647
0.517356
0.509891
0.482388
0.504437
0.498633
0.542562
0.495893
0.515055
0.494359
0.500191
0.514945
0.428445
0.572716
0.514728
0.472245
0.548806
0.431097
0.499373
0.469961
0.4871
0.455307
0.536848
0.502791
0.48904
0.466958
0.525067
0.545161
0.47142
0.460937
0.462098
0.504431
0.568679
0.444815
0.502292
0.521972
0.501559
0.53207
0.515441
0.524007
0.549737
0.501011
0.510855
0.494084
0.510307
0.461263
0.518218
0.47905
0.483992
0.519702
0.497118
0.540405
0.500947
0.457704
0.477102
0.522919
0.558045
0.491588
0.520151
0.502371
0.489504
0.488128
0.427439
0.494302
0.492747
0.48701
0.502252
0.495644
0.481355
0.502102
0.540952
0.491105
0.467001
0.523426
0.513843
0.506184
0.542226
0.521689
0.477832
0.5187
0.465945
0.507265
0.522745
0.510688
0.513552
0.485488
0.553192
0.492565
0.4735
0.530147
0.487825
0.471414
0.492225
0.527043
0.467906
0.465286
0.549303
0.52949
0.487017
0.545372
0.504703
0.537637
0.49382
0.50794
0.430011
0.49348
0.489722
0.527895
0.525508
0.433448
0.513331
0.495852
0.494974
0.480424
0.513575
0.520584
0.480087
0.517092
0.493353
0.538728
0.536298
0.512475
0.515602
0.513625
0.502056
0.453537
0.523649
0.485159
0.533263
0.493735
0.527731
0.532486
0.524817
0.490386
0.519543
0.511506
0.461138
0.462727
0.536701
0.468983
0.467544
0.492544
0.499
0.475155
0.494348
0.539246
0.488324
0.47673
0.525556
0.471255
0.494095
0.502147
0.474039
0.515589
0.476139
0.470952
0.475056
0.487516
0.506837
0.519191
0.489999
0.51215
0.534434
0.562681
0.512242
0.469863
0.509389
0.500038
0.506962
0.537397
0.455639
0.48733
0.476807
0.496536
0.488645
0.536245
0.515293
0.502227
0.452104
0.527631
0.449799
0.522017
0.525196
0.492301
0.516035
0.478685
0.462244
0.520958
0.495863
0.47794
0.476661
0.555138
0.51034
0.483068
0.52106
0.481021
0.519861
0.468385
0.515399
0.50801
0.463275
0.513401
0.54504
0.513932
0.487856
0.539536
0.470593
0.468751
0.451995
0.471288
0.521426
0.558656
0.522488
0.51372
0.464709
0.512409
0.478305
0.528135
0.501869
0.491824
0.462705
0.497822
0.524335
0.488249
0.475579
0.47575
0.510444
0.50693
0.507887
0.516072
0.515386
0.471135
0.540074
0.541326
0.486054
0.467901
0.516334
0.537207
0.532691
0.557292
0.536599
0.45678
0.489195
0.497039
0.52813
0.486011
0.473956
0.494431
0.478576
0.52249
0.503112
0.527343
0.53239
0.469227
0.488092
0.526262
0.522465
0.515387
0.489315
0.529202
0.488871
0.455845
0.487932
0.501369
0.506567
0.501435
0.497478
0.481463
0.483965
0.511765
0.487311
0.496475
0.534209
0.49248
0.499714
0.496879
0.531066
0.458837
0.50253
0.464067
0.521287
0.507479
0.509219
0.491924
0.525311
0.518272
0.468188
0.474406
0.508205
0.518093
0.493297
0.510992
0.512694
0.518429
0.477392
0.521907
0.496172
0.498671
0.530756
0.504961
0.51356
0.50698
0.506344
0.4759
0.477886
0.480595
0.483681
0.504141
0.450471
0.507451
0.493299
0.465757
0.432583
0.511008
0.523582
0.495594
0.490445
0.520128
0.491901
0.480399
0.555467
0.495914
0.501914
0.494824
0.471574
0.527351
0.518893
0.552184
0.421514
0.507654
0.504978
0.491852
0.534014
0.523175
0.546202
0.535156
0.483655
0.536756
0.493192
0.541655
0.505354
0.517406
0.537398
0.51768
0.51532
0.488161
0.484738
0.488991
0.490353
0.49402
0.508529
0.439452
0.467377
0.491822
0.493583
0.507585
0.475061
0.443943
0.523333
0.562875
0.469428
0.497683
0.511881
0.523709
0.475304
0.552223
0.462821
0.498821
0.535494
0.495026
0.506739
0.474117
0.499557
0.449559
0.479237
0.526758
0.474062
0.4562
0.481373
0.47837
0.476181
0.488222
0.474393
0.459263
0.49252
0.514717
0.520621
0.445528
0.52504
0.502337
0.502382
0.520896
0.495958
0.487732
0.500846
0.505219
0.553493
0.512552
0.436656
0.501465
0.480344
0.522893
0.504211
0.503086
0.506758
0.525069
0.531495
0.483652
0.460083
0.489564
0.497318
0.480603
0.532658
0.495063
0.497834
0.475021
0.469942
0.534426
0.514238
0.499271
0.520731
0.464469
0.463479
0.434403
0.531355
0.481456
0.433905
0.499187
0.535726
0.474142
0.547685
0.472648
0.493103
0.486274
0.451891
0.581989
0.505467
0.530398
0.440125
0.477761
0.546364
0.51487
0.48655
0.528175
0.513096
0.495926
0.574216
0.434407
0.504144
0.496705
0.469542
0.528797
0.473685
0.485078
0.494837
0.497792
0.455083
0.492184
0.460733
0.471529
0.475234
0.523527
0.520407
0.51192
0.50163
0.474512
0.527462
0.481116
0.474029
0.462312
0.469348
0.542229
0.532597
0.505914
0.478194
0.544187
0.524392
0.476245
0.510923
0.492591
0.47009
0.508236
0.500539
0.528454
0.52279
0.506704
0.42044
0.476699
0.530812
0.537927
0.513651
0.48628
0.53633
0.498792
0.498841
0.493821
0.51174
0.50538
0.525001
0.512623
0.475623
0.482877
0.516661
0.488935
0.510181
0.478667
0.48152
0.487355
0.522028
0.430506
0.532362
0.487232
0.5082
0.501632
0.475129
0.471957
0.509267
0.504692
0.525044
0.473001
0.511421
0.49637
0.46263
0.510589
0.489413
0.494575
0.521531
0.542882
0.52221
0.460078
0.479982
0.475532
0.503261
0.504465
0.497828
0.503502
0.447228
0.486281
0.460946
0.497011
0.535069
0.49725
0.554959
0.453482
0.519354
0.480429
0.45011
0.527384
0.501669
0.592188
0.479175
0.469814
0.473999
0.519877
0.490285
0.489719
0.485964
0.507068
0.466539
0.478622
0.499775
0.468233
0.544277
0.490729
0.554791
0.514748
0.551888
0.500292
0.483553
0.474083
0.501036
0.4981
0.501163
0.484069
0.512165
0.508981
0.499893
0.474095
0.476176
0.52218
0.530887
0.495142
0.494131
0.476496
0.484844
0.500491
0.476877
0.44205
0.51355
0.539014
0.466451
0.530553
0.524127
0.5029
0.521152
0.545967
0.487893
0.481702
0.496149
0.537407
0.465685
0.51458
0.551498
0.506186
0.551544
0.482607
0.46945
0.50886
0.476613
0.523024
0.512917
0.568154
0.455142
