0.729649
0.571835
0.656019
0.836567
0.168325
0.545858
0.0646429
0.193293
0.479138
0.239268
0.616809
0.159259
0.501858
0.369351
0.67838
0.680137
0.0527608
0.970267
0.918855
0.0179424
0.713423
0.399022
0.53815
0.00588523
0.114256
0.140477
0.239596
0.639112
0.674932
0.326858
0.436887
0.526464
0.701668
0.936537
0.881923
0.0111441
0.738611
0.856702
0.587904
0.945156
0.0394158
0.496286
0.0565693
0.92542
0.346334
0.936633
0.077921
0.676876
0.187432
0.131838
0.151512
0.764042
0.446211
0.248449
0.495809
0.148137
0.809048
0.601655
6.50839e-05
0.65894
0.110417
0.944785
0.884437
0.252274
0.798294
0.149701
0.540154
0.164785
0.425977
0.0326086
0.512642
0.603275
0.903759
0.5942
0.0756727
0.418164
0.345451
0.0225449
0.75144
0.967934
0.82013
0.125488
0.606644
0.898078
0.737219
0.496669
0.563199
0.304841
0.49004
0.661897
0.38828
0.357885
0.365263
0.0931333
0.774618
0.200077
0.567818
0.614558
0.0099059
0.266412
0.956131
0.0641672
0.403962
0.163297
0.143219
0.72648
0.853052
0.175995
0.875931
0.0347245
0.85009
0.234196
0.907214
0.278176
0.793889
0.827837
0.24302
0.872227
0.725472
0.648229
0.963373
0.391621
0.458542
0.510108
0.542215
0.673576
0.527443
0.921717
0.447408
0.416218
0.220677
0.201815
0.984122
0.783795
0.191588
0.640372
0.0138574
0.444939
0.449103
0.365542
0.968427
0.48138
0.85826
0.471537
0.0829585
0.885752
0.26901
0.894728
0.0626834
0.498624
0.907819
0.46931
0.512163
0.702899
0.293807
0.676246
0.898408
0.8909
0.482314
0.603026
0.0657914
0.444531
0.415391
0.49661
0.314009
0.927078
0.310928
0.613408
0.702778
0.48768
0.809043
0.600221
0.939308
0.643959
0.693617
0.787026
0.286446
0.0584855
0.814981
0.100646
0.219155
0.490817
0.971983
0.0385305
0.841746
0.525052
0.302
0.650992
0.613867
0.0858339
0.728528
0.80144
0.944363
0.212265
0.499454
0.297018
0.391959
0.514422
0.305053
0.65213
0.222599
0.552346
0.102202
0.266717
0.0458637
0.82013
0.018075
0.327946
0.286895
0.761891
0.709016
0.592656
0.914085
0.372028
0.673723
0.849239
0.673372
0.425563
0.348291
0.918469
0.0834361
0.638184
0.646719
0.816419
0.596733
0.368594
0.975756
0.608448
0.0727898
0.553021
0.887631
0.626958
0.45436
0.0146905
0.397258
0.35927
0.164956
0.137075
0.759708
0.343616
0.107429
0.0528782
0.0755378
0.905484
0.556079
0.310866
0.581205
0.243973
0.986332
0.676298
0.723284
0.115433
0.732144
0.940286
0.161239
0.692681
0.0267121
0.907901
0.465603
0.791894
0.65995
0.0591316
0.466789
0.901693
0.338866
0.592453
0.673405
0.821778
0.49511
0.935098
0.8456
0.38004
0.347277
0.511206
0.325081
0.961824
0.562405
0.17876
0.954342
0.423548
0.908516
0.765044
0.947165
0.502278
0.354015
0.440764
0.703477
0.85625
0.624737
0.073889
0.815592
0.318151
0.21893
0.400666
0.129914
0.40902
0.216472
0.954555
0.167462
0.397711
0.282034
0.721539
0.145632
0.607353
0.402423
0.866253
0.679131
0.830453
0.934118
0.427705
0.585059
0.83897
0.255422
0.352358
0.409769
0.441858
0.974309
0.758609
0.886112
0.383316
0.462729
0.95901
0.790419
0.779837
0.164121
0.960092
0.0893977
0.608818
0.3153
0.2756
0.056913
0.987839
0.567585
0.695008
0.627205
0.280094
0.584676
0.819103
0.780907
0.242162
0.604638
0.788322
0.598504
0.966148
0.71759
0.673722
0.846602
0.886118
0.235205
0.86756
0.888306
0.901909
0.987394
0.799202
0.351628
0.16123
0.1191
0.117653
0.589308
0.329287
0.387902
0.735694
0.478893
0.51577
0.962167
0.839928
0.720901
0.330278
0.139198
0.0599374
0.392074
0.863501
0.561758
0.78823
0.215195
0.463433
0.696479
0.387022
0.650782
0.870544
0.304916
0.350814
0.551837
0.12638
0.111958
0.96394
0.522295
0.365912
0.0503585
0.55489
0.273006
0.490887
0.496349
0.965576
0.885105
0.301306
0.44057
0.591392
0.897085
0.0932932
0.160447
0.480742
0.1754
0.328331
0.743087
0.0907304
0.474102
0.711956
0.788784
0.865331
0.0209368
0.0164159
0.310253
0.726026
0.188165
0.0247017
0.70634
0.641602
0.837652
0.00224025
0.674473
0.878487
0.0117009
0.713086
0.945771
0.437053
0.732679
0.941601
0.161244
0.0703288
0.453438
0.1666
0.406579
0.583328
0.563344
0.027193
0.704942
0.653802
0.916667
0.738788
0.919182
0.935009
0.945023
0.0408839
0.292609
0.840643
0.0964364
0.618578
0.485763
0.220142
0.381645
0.426612
0.138703
0.564421
0.193935
0.803925
0.366318
0.798763
0.510966
0.700143
0.309011
0.888986
0.513433
0.401248
0.0122722
0.082667
0.71259
0.654488
0.0646603
0.70941
0.231765
0.52291
0.121528
0.0591115
0.0200905
0.274848
0.687396
0.337537
0.792429
0.416365
0.297801
0.363083
0.409433
0.0445542
0.975032
0.222427
0.476014
0.132394
0.943578
0.157235
0.104267
0.403544
0.961216
0.526722
0.235748
0.0262095
0.099995
0.705532
0.544507
0.513472
0.716367
0.563131
0.8616
0.683992
0.968474
0.966112
0.107986
0.188654
0.326912
0.190956
0.948432
0.478805
0.807869
0.780814
0.555823
0.869625
0.327649
0.180779
0.99337
0.883618
0.797412
0.303273
0.490506
0.846139
0.977313
0.276115
0.234612
0.905512
0.289711
0.184456
0.871557
0.579056
0.820168
0.214081
0.568535
0.553988
0.649541
0.723941
0.826989
0.925605
0.96665
0.312786
0.0440616
0.117579
0.583141
0.697205
0.629642
0.340122
0.453859
0.391375
0.032868
0.196857
0.509245
0.883645
0.775836
0.702401
0.91189
0.759376
0.211094
0.9282
0.107023
0.447005
0.609635
0.318428
0.564782
0.79517
0.962866
0.631544
0.697612
0.259333
0.879386
0.843279
0.335037
0.229124
0.72802
0.226659
0.574914
0.0115359
0.994048
0.393605
0.49844
0.655146
0.166039
0.186322
0.797783
0.518089
0.565183
0.947171
0.951134
0.0150871
0.795326
0.531096
0.289746
0.000356608
0.0763471
0.269483
0.703619
0.833652
0.991531
0.419218
0.363877
0.322483
0.214987
0.0626608
0.706616
0.827168
0.890784
0.246486
0.999407
0.155732
0.532777
0.799238
0.541434
0.167768
0.843261
0.8448
0.343169
0.86163
0.668727
0.783693
0.872727
0.155237
0.599664
0.354379
0.992935
0.511197
0.37523
0.377063
0.864282
0.332004
0.387755
0.643507
0.641209
0.897026
0.0305735
0.0250938
0.998669
0.172416
0.448241
0.760955
0.616994
0.646917
0.202326
0.747932
0.919369
0.385688
0.448876
0.830087
0.75958
0.612209
0.144324
0.0794697
0.0291869
0.592584
0.48279
0.0299806
0.892329
0.580927
0.865899
0.0870143
0.631519
0.669107
0.0816306
0.857698
0.935973
0.0553194
0.605289
0.0570325
0.391268
0.396176
0.83625
0.727207
0.40988
0.335277
0.170079
0.700309
0.819933
0.212469
0.817237
0.134247
0.716262
0.463622
0.67586
0.309927
0.35464
0.838319
0.0247448
0.102783
0.18625
0.716185
0.720147
0.198055
0.403606
0.321742
0.571645
0.427519
0.388283
0.259041
0.971961
0.942616
0.470771
0.653393
0.216153
0.338245
0.658209
0.347233
0.538366
0.492478
0.15007
0.505439
0.2097
0.635666
0.206994
0.00378092
0.287549
0.00988832
0.395034
0.870051
0.212906
0.0846394
0.495928
0.494678
0.563965
0.471453
0.0221667
0.406401
0.257132
0.899611
0.840691
0.105099
0.424371
0.504051
0.896754
0.150786
0.391214
0.518353
0.414617
0.723937
0.65446
0.699618
0.677524
0.902658
0.752555
0.533935
0.968002
0.558274
0.394159
0.732867
0.36179
0.0700951
0.338896
0.641198
0.664273
0.926323
0.205514
0.998524
0.175435
0.0414072
0.731675
0.75281
0.455307
0.516858
0.860445
0.189806
0.592377
0.245297
0.434003
0.0513305
0.377211
0.755067
0.00651083
0.257378
0.445818
0.970195
0.335884
0.667533
0.0443019
0.979249
0.187189
0.518165
0.208885
0.734085
0.106433
0.911548
0.453074
0.00971235
0.44903
0.32593
0.574951
0.529348
0.0374335
0.532239
0.979372
0.380672
0.961403
0.670623
0.458194
0.612854
0.0247088
0.341543
0.161
0.0079406
0.705421
0.341088
0.462665
0.669721
0.973369
0.71433
0.504481
0.379605
0.35697
0.865792
0.733382
0.149887
0.950118
0.960669
0.138647
0.483876
0.994657
0.338801
0.905691
0.359826
0.880419
0.366217
0.659251
0.627734
0.206826
0.443334
0.609392
0.487444
0.500399
0.807779
0.967751
0.0519473
0.552652
0.502787
0.661827
0.146406
0.623026
0.2749
0.30392
0.812492
0.150712
0.21919
0.699389
0.246831
0.565158
0.364701
0.00590974
0.775367
0.424237
0.901665
0.549645
0.032511
0.806701
0.865979
0.802878
0.761235
0.725672
0.442499
0.136476
0.970501
0.615211
0.909922
0.654286
0.878281
0.693976
0.0660518
0.138399
0.837141
0.46889
0.838643
0.296449
0.896136
0.766486
0.95577
0.985463
0.815257
0.648028
0.929021
0.740901
0.14066
0.273017
0.257188
0.0828256
0.70052
0.339554
0.408203
0.990629
0.82884
0.983229
0.659848
0.389385
0.410609
0.0114814
0.808439
0.199224
0.014995
0.859156
0.778653
0.657543
0.899062
0.663623
0.632729
0.394445
0.383961
0.0831427
0.88527
0.75544
0.296367
0.848069
0.539132
0.721734
0.00385295
0.187308
0.182735
0.545709
0.634093
0.077541
0.80036
0.93464
0.840469
0.304001
0.77154
0.78505
0.853508
0.401816
0.656673
0.568147
0.337363
0.187573
0.723014
0.43665
0.95839
0.532068
0.353844
0.877362
0.680036
0.726169
0.255914
0.652719
0.142398
0.930028
0.14437
0.207991
0.48969
0.168076
0.904729
0.487127
0.504597
0.753534
0.328868
0.986551
0.631402
0.230532
0.773236
0.138388
0.562424
0.462095
0.525957
0.977218
0.573558
0.639782
0.484481
0.200945
0.179587
0.23574
0.782753
0.848703
0.299826
0.469484
0.268395
0.0179664
0.747099
0.147527
0.87442
0.42855
0.151894
0.900466
0.77084
0.781582
0.488829
0.254674
0.190059
0.293705
0.170681
0.718173
0.622979
0.51673
0.608703
0.435412
0.963533
0.555224
0.50564
0.995015
0.577418
0.512525
0.654819
0.898254
0.281678
0.841429
0.276259
0.97317
0.0976577
0.130271
0.946525
0.827479
0.288643
0.567853
0.896812
0.169275
0.679971
0.22001
0.193642
0.603264
0.303966
0.603766
0.314842
0.165779
0.891892
0.617694
0.532763
0.446961
0.183291
0.404063
0.865856
0.434608
0.129096
0.37284
0.113732
0.191685
0.174485
0.571798
0.51111
0.857141
0.422505
0.471731
0.0901466
0.165436
0.758217
0.650611
0.10237
0.360353
0.270068
0.873978
0.400876
0.898604
0.510913
0.717786
0.00694394
0.282351
0.422689
0.670486
0.0753535
0.529847
0.889312
0.0576685
0.928255
0.711383
0.821411
0.098605
0.953547
0.383878
0.0096837
0.841658
0.071686
0.110752
0.463012
0.0154742
0.682264
0.231873
0.981091
0.324947
0.932348
0.0479421
0.863734
0.233316
0.632607
0.219765
0.150923
0.591707
0.92092
0.789608
0.995987
0.860651
0.979134
0.361848
0.73223
0.33937
0.795616
0.90495
0.0904086
0.471158
0.589459
0.846681
0.70624
0.589156
0.432836
0.83834
0.525752
0.537127
0.59374
0.189416
0.629752
0.543971
0.845958
0.667959
0.17166
0.117189
0.536703
0.489292
0.0259382
0.0863006
0.551238
0.960504
0.00444916
0.278245
0.860558
0.713104
0.398405
0.617692
0.381684
0.762958
0.583614
0.159245
0.125354
0.0251224
0.582205
0.0879047
0.664264
0.340711
0.0568374
0.94971
0.844043
0.721003
0.131804
0.145803
0.302739
0.277207
0.753872
0.358608
0.0926993
0.297855
0.74485
0.365543
0.747872
0.993672
0.134725
0.389462
0.152073
0.604748
0.331905
0.460588
0.0887206
0.628283
0.875186
0.415253
0.344837
0.867532
0.266147
0.294572
0.563162
0.532553
0.20277
0.661976
0.953605
0.668978
0.583356
0.332024
0.662768
0.398537
0.238778
0.262376
0.637981
0.689828
0.451345
0.943428
0.696591
0.223823
0.0572109
0.0316836
0.114634
0.178473
0.0893077
0.688114
0.180372
0.952144
0.438878
0.0448717
0.0225711
0.716587
0.491408
0.344918
0.732149
0.695799
0.879106
0.960188
0.866486
0.885136
0.795229
0.0445699
0.282178
0.951929
0.300043
0.83647
0.714277
0.909814
0.934559
0.379221
0.344553
0.168059
0.123619
0.931979
0.920528
0.27704
0.327307
0.823541
0.84984
0.393167
0.878811
0.650198
0.555931
0.661304
0.773164
0.198261
0.602526
0.568917
0.346935
0.413325
0.443357
0.291691
0.471971
0.241059
0.80399
0.27153
0.391265
0.796868
0.734475
0.1101
0.122551
0.621148
0.271219
0.408147
0.072361
0.749029
0.806512
0.73572
0.423135
0.942904
0.983377
0.502385
0.418059
0.146276
0.916969
0.349966
0.9683
0.430387
0.402844
0.772146
0.297168
0.301739
0.524796
0.153187
0.523685
0.0685622
0.644259
0.208615
0.238471
0.345801
0.469736
0.0190576
0.95858
0.998518
0.00457505
0.308714
0.741747
0.638501
0.297258
0.384672
0.727801
0.922984
0.619081
0.994166
0.645051
0.551079
0.924692
0.263989
0.718097
0.174898
0.0727832
0.56866
0.442638
0.0692395
0.56489
0.559354
0.510669
0.935803
0.67353
0.320491
0.0904193
0.723458
0.356935
0.570471
0.660202
0.862293
0.782668
0.571386
0.790989
0.341853
0.499122
0.762263
0.452135
0.0877343
0.101011
0.603092
0.51778
0.0489162
0.837651
0.45272
0.773737
0.212988
0.122343
0.96168
0.618018
0.798617
0.835155
0.118887
0.220875
0.483806
0.0936113
0.145342
0.726717
0.533114
0.626402
0.493812
0.361175
0.874083
0.760451
0.624864
0.429026
0.798574
0.464214
0.539324
0.185646
0.253142
0.928618
0.526768
0.625825
0.327296
0.266848
0.729181
0.204612
0.211671
0.43635
0.127516
0.387544
0.710606
0.198768
0.864174
0.380167
0.454968
0.509653
0.563003
0.223752
0.839704
0.249985
0.865446
0.136181
0.943591
0.661951
0.850937
0.151153
0.28187
0.624788
0.654341
0.0482023
0.170524
0.301478
0.454565
0.710194
0.187208
0.408944
0.326745
0.48945
0.110432
0.0242695
0.184551
0.160559
0.686289
0.455108
0.366956
0.495408
0.460584
0.197545
0.24168
0.478435
0.0418317
0.70942
0.62078
0.408355
0.814485
0.877734
0.646434
0.483472
0.0577812
0.297939
0.159586
0.474506
0.368263
0.359345
0.182311
0.440965
0.426858
0.599795
0.0167477
0.490253
0.656326
0.715341
0.298156
0.814862
0.812926
0.254615
0.0649298
0.830343
0.646797
0.566623
0.170603
0.489757
0.517218
0.585015
0.0273456
0.73963
0.298716
0.00769516
0.321112
0.735145
0.567735
0.260617
0.778186
0.631399
0.391985
0.117516
0.812911
0.452755
0.998828
0.188286
0.687046
0.309051
0.0875099
0.799015
0.121552
0.827872
0.953237
0.583956
0.799278
0.51431
0.258988
0.817688
0.278615
0.39815
0.0415837
0.964647
0.118819
0.00389501
0.159263
0.849156
0.831477
0.758468
0.134546
0.394952
0.172126
0.467966
0.443162
0.0975069
0.542904
0.637986
0.440682
0.730488
0.381501
0.0274577
0.965212
0.610712
0.572601
0.915607
0.338111
0.821506
0.56315
0.78375
0.104613
0.796342
0.138704
0.282675
0.980971
0.673071
0.0899802
0.942961
0.641331
0.830275
0.350556
0.716755
0.191838
0.40389
0.921195
0.398465
0.41617
0.653039
0.0349663
0.697978
0.579006
0.50412
0.800409
0.329054
0.154141
0.0628852
0.94654
0.179474
0.182755
0.363145
0.461068
0.35654
0.91446
0.0416288
0.758468
0.716011
0.257504
0.321541
0.652609
0.105348
0.651969
0.88877
0.673588
0.86003
0.0369244
0.597142
0.212864
0.618051
0.333767
0.991344
0.376344
0.951846
0.506885
0.34333
0.261868
0.00457043
0.95133
0.121402
0.36465
0.76087
0.326284
0.818359
0.879282
0.939132
0.602365
0.029994
0.456517
0.0772612
0.0885842
0.177745
0.352318
0.167874
0.588139
0.795957
0.459671
0.308539
0.107103
0.74745
0.243105
0.0513358
0.181021
0.889774
0.623224
0.40321
0.834822
0.793783
0.124074
0.33989
0.36342
0.227235
0.55886
0.00359343
0.894743
0.776661
0.867049
0.866508
0.423343
0.614555
0.824818
0.622568
0.499526
0.856051
0.846325
0.640065
0.813216
0.926093
0.30933
0.844069
0.779407
0.0171565
0.328144
0.933738
0.137667
0.107732
0.931045
0.0647199
0.215086
0.588065
0.668566
0.386861
0.532379
0.663468
0.992298
0.124078
0.987571
0.144322
0.728863
0.874943
0.0301747
0.659682
0.77697
0.313548
0.609629
0.828067
0.142159
0.951372
0.781928
0.471041
0.678037
0.709083
0.693782
0.955097
0.727159
0.0256599
0.208912
0.493906
0.270748
0.540392
0.139507
0.441398
0.444403
0.116922
0.309662
0.867611
0.315765
0.389427
0.387504
0.051414
0.827617
0.0075886
0.428423
0.870896
0.682425
0.40353
0.691683
0.75351
0.79731
0.921205
0.813728
0.100241
0.625656
0.413663
0.59971
0.563794
0.175904
0.459472
0.254661
0.788823
0.730956
0.865757
0.0107002
0.167666
0.0732737
0.457539
0.978804
0.689232
0.160162
0.803266
0.293904
0.329167
0.598696
0.652859
0.829884
0.820072
0.586635
0.781613
0.00492174
0.631395
0.0798079
0.611776
0.514615
0.0659983
0.401835
0.550271
0.726257
0.436976
0.131282
0.219311
0.417201
0.122714
0.406102
0.605825
0.486735
0.115761
0.515555
0.211458
0.126452
0.592896
0.264839
0.299411
0.0795438
0.557635
0.775021
0.715637
0.404482
0.165963
0.51715
0.0745327
0.401401
0.771524
0.0897467
0.563756
0.847381
0.754077
0.867329
0.616317
0.675576
0.967394
0.726849
0.253686
0.947301
0.208687
0.870484
0.210853
0.0992363
0.926228
0.797299
0.858768
0.661839
0.80642
0.941898
0.443339
0.070812
0.68368
0.823018
0.921292
0.9306
0.070031
0.875643
0.506343
0.705823
0.586304
0.841742
0.414743
0.8503
0.679615
0.751266
0.844546
0.839832
0.624968
0.439254
0.220906
0.428771
0.231218
0.238266
0.629937
0.144924
0.608237
0.198159
0.241773
0.984689
0.414443
0.876417
0.641483
0.351366
0.209262
0.58953
0.252505
0.343842
0.80759
0.915879
0.515905
0.868797
0.202862
0.308328
0.900546
0.00425505
0.928344
0.744346
0.0412303
0.341571
0.305228
0.465624
0.867311
0.401441
0.429951
0.809412
0.182408
0.850594
0.936857
0.900256
0.132685
0.301561
0.3973
0.262626
0.858335
0.589221
0.95005
0.15967
0.518911
0.184244
0.574268
0.307614
0.132199
0.893533
0.895482
0.424289
0.239277
0.248304
0.0431285
0.427977
0.43218
0.49753
0.748081
0.811878
0.0383201
0.382585
0.378812
0.30156
0.687047
0.81153
0.170647
0.0979818
0.684119
0.0906351
0.61522
0.27601
0.841353
0.88727
0.364334
0.925605
0.0595556
0.941911
0.487773
0.786442
0.107435
0.535978
0.338349
0.0519308
0.898261
0.643678
0.355811
0.0393563
0.516563
0.805878
0.0268867
0.0919839
0.322293
0.286784
0.960438
0.667828
0.849103
0.70336
0.0895599
0.568735
0.762411
0.71493
0.737825
0.881353
0.853696
0.657251
0.452262
0.866277
0.578155
0.301098
0.784977
0.889572
0.807987
0.778387
0.678612
0.907292
0.743751
0.686224
0.764374
0.0724785
0.928539
0.456896
0.107841
0.0381527
0.327201
0.244222
0.0359102
0.500568
0.905134
0.267344
0.353158
0.704603
0.163741
0.183961
0.118951
0.976724
0.914761
0.517144
0.225378
0.0380713
0.111181
0.28273
0.214311
0.77754
0.863134
0.0763339
0.429753
0.447286
0.573463
0.267276
0.955412
0.715089
0.306702
0.367097
0.479677
0.721967
0.590112
0.817427
0.809811
0.0210424
0.525654
0.569105
0.179139
0.00497304
0.713072
0.0638379
0.616773
0.873391
0.548532
0.212011
0.746485
0.27641
0.128747
0.285351
0.623473
0.141869
0.571616
0.379156
0.185271
0.717788
0.0319177
0.282974
0.0719186
0.12157
0.171345
0.736785
0.85368
0.486448
0.119488
0.616436
0.890585
0.655056
0.975597
0.530792
0.342177
0.0300864
0.245897
0.535794
0.359253
0.111682
0.0397502
0.558267
0.739804
0.108292
0.768316
0.0245219
0.742449
0.198659
0.0660026
0.923839
0.15268
0.162652
0.9086
0.892014
0.826385
0.521769
0.809525
0.131042
0.934007
0.589064
0.570294
0.312412
0.0462149
0.194509
0.532587
0.736683
0.493077
0.815527
0.472809
0.603158
0.454888
0.61278
0.197885
0.411398
0.771464
0.875765
0.201212
0.370646
0.16184
0.768111
0.23487
0.802339
0.507816
0.393675
0.818925
0.421835
0.059208
0.165759
0.167947
0.0841653
0.25833
0.555672
0.0519231
0.0496912
0.65521
0.544898
0.163026
0.512228
0.798239
0.747651
0.726869
0.446763
0.648781
0.166451
0.628929
0.657104
0.000291221
0.0703389
0.131953
0.0852366
0.506514
0.44
0.402796
0.302344
0.56946
0.921486
0.268025
0.923249
0.742416
0.104543
0.753665
0.227534
0.10878
0.245396
0.568928
0.256268
0.85291
0.058749
0.455995
0.276523
0.899434
0.899947
0.593798
0.92879
0.924019
0.254715
0.514995
0.225893
0.498913
0.878332
0.43039
0.455625
0.804562
0.825073
0.768168
0.0214657
0.794274
0.847386
0.0973359
0.373502
0.428703
0.806687
0.542583
0.940913
0.493213
0.626447
0.09457
0.852718
0.373097
0.454993
0.814964
0.168232
0.193898
0.830343
0.424979
0.245049
0.0483647
0.211454
0.901736
0.131101
0.145182
0.937162
0.896661
0.828098
0.0515622
0.892395
0.598793
0.754878
0.592043
0.516114
0.314012
0.527775
0.145777
0.610899
0.895781
0.527202
0.196783
0.262879
0.27718
0.859561
0.0849208
0.324273
0.907314
0.944931
0.434732
0.839445
0.733265
0.725705
0.0662626
0.717959
0.493567
0.530357
0.083901
0.302567
0.158957
0.039481
0.970171
0.392625
0.185335
0.156386
0.961238
0.129561
0.303139
0.419127
0.736021
0.0145448
0.483647
0.91061
0.90383
0.512278
0.779329
0.403056
0.22514
0.220193
0.371675
0.155909
0.651619
0.68971
0.471609
0.784428
0.736153
0.634403
0.956709
0.810483
0.758871
0.626766
0.704098
0.747152
0.965013
0.367233
0.552555
0.17294
0.944884
0.321408
0.422771
0.506868
0.641466
0.798091
0.217819
0.85828
0.390079
0.434399
0.249813
0.11944
0.325671
0.336503
0.783077
0.588385
0.39185
0.785568
0.194499
0.0159947
0.913104
0.167272
0.730036
0.695829
0.515245
0.547563
0.040932
0.6575
0.272887
0.743654
0.928365
0.252574
0.90675
0.692717
0.981769
0.473372
0.134078
0.985502
0.190952
0.725339
0.785153
0.410728
0.928451
0.957599
0.836453
0.770219
0.875909
0.987183
0.281666
0.814469
0.102212
0.442318
0.876752
0.372712
0.343745
0.380052
0.772196
0.288378
0.996529
0.652812
0.308292
0.0163785
0.970698
0.325799
0.627838
0.30845
0.600463
0.669334
0.991352
0.640557
0.624279
0.723399
0.905396
0.474987
0.883696
0.380182
0.443626
0.37069
0.0246907
0.0478293
0.907911
0.848873
0.967871
0.906919
0.604555
0.99583
0.245831
0.681324
0.7659
0.469225
0.145202
0.816609
0.204254
0.0139831
0.752186
0.56042
0.223198
0.154924
0.954118
0.207452
0.617227
0.499122
0.823001
0.712481
0.657013
0.354584
0.883056
0.963147
0.0830146
0.174587
0.982665
0.683096
0.0199961
0.909179
0.947328
0.617831
0.990364
0.645923
0.136373
0.220984
0.862828
0.128621
0.370337
0.357407
0.548475
0.752095
0.502655
0.889793
0.879047
0.558211
0.899217
0.704558
0.608309
0.437344
0.13948
0.51639
0.509518
0.222986
0.896327
0.393745
0.648935
0.426843
0.878192
0.562976
0.0521772
0.987592
0.271847
0.83895
0.00829756
0.307648
0.809643
0.625625
0.443352
0.956439
0.559031
0.430925
0.314786
0.372297
0.109428
0.314529
0.410203
0.563471
0.982554
0.67218
0.765403
0.77579
0.944247
0.761515
0.0394963
0.163038
0.231646
0.866947
0.398304
0.187526
0.468962
0.928103
0.966147
0.532919
0.823604
0.729814
0.821935
0.188129
0.504013
0.752622
0.355664
0.737688
0.429546
0.860726
0.989923
0.166967
0.375443
0.97762
0.637834
0.27522
0.333142
0.555546
0.550363
0.419527
0.604826
0.239077
0.544678
0.341224
0.304343
0.880305
0.050069
0.524646
0.654019
0.6766
0.413936
0.396312
0.594003
0.333822
0.838821
0.900001
0.75969
0.939087
0.940006
0.00724367
0.491578
0.757299
0.895604
0.690061
0.035185
0.0130186
0.587513
0.158543
0.936934
0.42102
0.988256
0.834129
0.472363
0.790809
0.728329
0.892851
0.0386218
0.427247
0.579945
0.292905
0.243599
0.724372
0.221129
0.237949
0.0248023
0.714897
0.710286
0.980392
0.784247
0.274278
0.623215
0.915508
0.139332
0.03557
0.705927
0.953823
0.528427
0.16764
0.507592
0.301235
0.294349
0.291978
0.0148293
0.857634
0.876075
0.718075
0.453946
0.518187
0.902038
0.588813
0.710464
0.49838
0.986776
0.638834
0.190392
0.394641
0.232047
0.242575
0.276568
0.745844
0.325982
0.895428
0.0835764
0.305005
0.877414
0.830864
0.160077
0.711444
0.531784
0.196815
0.707888
0.636889
0.460623
0.133127
0.2693
0.348427
0.125505
0.714424
0.570271
0.789526
0.572799
0.523834
0.0963437
0.24915
0.856925
0.546076
0.225315
0.208391
0.112824
0.0255434
0.457261
0.483168
0.0550788
0.307027
0.985996
0.997924
0.679536
0.813292
0.970346
0.825653
0.248086
0.0331689
0.218675
0.128915
0.468961
0.48325
0.332452
0.669067
0.520597
0.321587
0.806618
0.169193
0.239877
0.857535
0.205159
0.291848
0.594996
0.311467
0.774561
0.815881
0.334825
0.493606
0.087067
0.976238
0.452586
0.723529
0.287479
0.294587
0.480033
0.400584
0.925465
0.723242
0.45355
0.728948
0.269996
0.915498
0.136508
0.736399
0.410048
0.00605353
0.369576
0.908905
0.738507
0.738485
0.535924
0.46859
0.893333
0.134168
0.510601
0.993694
0.596334
0.398899
0.208719
0.128094
0.696864
0.368727
0.207206
0.435505
0.112923
0.682863
0.798187
0.869351
0.18925
0.935536
0.302781
0.171777
0.591287
0.415494
0.253131
0.0715218
0.461549
0.525523
0.0146471
0.176201
0.823613
0.637558
0.103014
0.674602
0.677439
0.753293
0.540911
0.572241
0.843155
0.895703
0.443344
0.34071
0.240082
0.362771
0.119895
0.199229
0.201223
0.75852
0.495373
0.364796
0.794557
0.724795
0.89157
0.573853
0.531303
0.395266
0.153012
0.0305226
0.774155
0.364887
0.865499
0.180081
0.508033
0.216236
0.791186
0.816032
0.700811
0.89027
0.56737
0.948306
0.466956
0.173326
0.783704
0.500812
0.764401
0.753578
0.516281
0.649704
0.921693
0.356506
0.665011
0.808852
0.332558
0.796558
0.577517
0.734584
0.998375
0.996452
0.669056
0.744767
0.982148
0.460414
0.440628
0.883685
0.402857
0.895773
0.489806
0.238556
0.395473
0.930322
0.990214
0.21915
0.944477
0.660814
0.531784
0.111133
0.0287478
0.299975
0.166889
0.737124
0.860796
0.893178
0.65533
0.706762
0.837315
0.0979159
0.0584594
0.0766604
0.22096
0.724674
0.470111
0.810018
0.531557
0.210734
0.416472
0.229861
0.531053
0.741544
0.591739
0.673864
0.839379
0.369091
0.560816
0.225891
0.322988
0.443402
0.950177
0.131937
0.0656198
0.930886
0.715179
0.186772
0.979186
0.919461
0.22495
0.852098
0.865682
0.701735
0.208713
0.45556
0.328519
0.399186
0.780996
0.809815
0.590129
0.976295
0.684355
0.737788
0.644675
0.746674
0.0903307
0.0188963
0.808958
0.864828
0.471827
0.374732
0.586311
0.817633
0.548517
0.453615
0.68871
0.287755
0.613403
0.982361
0.339063
0.884948
0.831271
0.930213
0.772509
0.776806
0.673129
0.7425
0.752696
0.0634533
0.485351
0.487287
0.402614
0.414749
0.415244
0.62303
0.612366
0.826608
0.309211
0.513518
0.526987
0.876512
0.705139
0.731624
0.341163
0.307403
0.252734
0.517721
0.945852
0.602898
0.566263
0.872806
0.401846
0.112936
0.051677
0.0201357
0.181164
0.643936
0.218961
0.180818
0.448821
0.85668
0.611286
0.565402
0.0913653
0.652279
0.132322
0.441032
0.877187
0.524614
0.264898
0.316628
0.105757
0.887912
0.637662
0.390371
0.82381
0.14096
0.457117
0.0864378
0.51727
0.913805
0.482393
0.902438
0.896149
0.986401
0.137552
0.994897
0.649363
0.91798
0.845548
0.515793
0.937711
0.846261
0.19986
0.215661
0.902249
0.29086
0.791372
0.254048
0.984754
0.428229
0.662224
0.480707
0.685572
0.217584
0.90491
0.11417
0.227029
0.188823
0.959186
0.160487
0.0591511
0.613364
0.933646
0.964652
0.256078
0.344909
0.701111
0.8203
0.530319
0.735804
0.6518
0.897911
0.167799
0.821183
0.556354
0.175217
0.895865
0.251463
0.868969
0.321512
0.18169
0.296635
0.522569
0.324806
0.268541
0.414804
0.522395
0.250589
0.347389
0.362651
0.777382
0.0454721
0.492521
0.336034
0.1222
0.378999
0.629834
0.0924658
0.535035
0.752124
0.0291937
0.0701887
0.461512
0.559551
0.197562
0.0463526
0.88437
0.512446
0.0840879
0.453188
0.458492
0.313845
0.0843808
0.898982
0.444908
0.205968
0.247698
0.241446
0.264845
0.919984
0.552841
0.475044
0.851569
0.566666
0.237436
0.179955
0.355466
0.491703
0.458635
0.0163021
0.564932
0.431765
0.454874
0.129675
0.206475
0.265132
0.698272
0.977874
0.302735
0.0409453
0.0119095
0.328348
0.373945
0.0496937
0.418056
0.56364
0.499671
0.689088
0.631427
0.239784
0.303223
0.477349
0.0706175
0.560286
0.626345
0.432224
0.39249
0.264986
0.028819
0.299631
0.625944
0.816599
0.934599
0.880316
0.66705
0.844338
0.0674084
0.534672
0.277055
0.939251
0.245224
0.381972
0.784603
0.173471
0.261585
0.756618
0.826173
0.438391
0.755416
0.115211
0.963199
0.88625
0.0995669
0.247608
0.595452
0.656014
0.517167
0.74485
0.859629
0.626692
0.116139
0.0976901
0.177013
0.347151
0.224101
0.391086
0.718611
0.437506
0.372704
0.640809
0.620259
0.758538
0.243088
0.675321
0.540194
0.336262
0.719375
0.855206
0.750119
0.461563
0.438312
0.568271
0.936623
0.331107
0.559635
0.534344
0.218104
0.0458437
0.259291
0.661884
0.414282
0.446262
0.16816
0.149663
0.60874
0.0669598
0.800661
0.320551
0.693354
0.0834136
0.25498
0.379237
0.45714
0.366421
0.0903993
0.938636
0.36725
0.238483
0.424238
0.26663
0.379219
0.0440955
0.724441
0.240263
0.705815
0.724083
0.443372
0.901964
0.674203
0.962912
0.139522
0.203838
0.7208
0.616363
0.818636
0.382485
0.729836
0.702778
0.302368
0.77775
0.739005
0.650792
0.0654475
0.612601
0.34386
0.355238
0.39221
0.0751679
0.667972
0.234783
0.267127
0.243642
0.671065
0.462545
0.1649
0.194851
0.891066
0.125922
0.0331765
0.731302
0.913394
0.754373
0.110774
0.211368
0.293215
0.64294
0.798317
0.103957
0.091307
0.122577
0.254688
0.212112
0.295546
0.5324
0.546093
0.587808
0.267794
0.49894
0.495518
0.529954
0.966611
0.307458
0.495913
0.725004
0.442152
0.963028
0.743731
0.529418
0.279838
0.00588731
0.0599942
0.0486575
0.988813
0.506823
0.789452
0.45068
0.401302
0.882944
0.456741
0.743895
0.987248
0.419964
0.819795
0.899722
0.518866
0.560489
0.759669
0.0267965
0.0721541
0.233984
0.803053
0.594452
0.163189
0.597157
0.866074
0.213355
0.528826
0.576101
0.568652
0.935557
0.223062
0.325194
0.887212
0.628277
0.266855
0.132665
0.335632
0.867373
0.921964
0.118001
0.791832
0.618714
0.0259489
0.209526
0.678713
0.328031
0.899716
0.00820678
0.7775
0.990725
0.700919
0.10117
0.469866
0.359602
0.232535
0.769512
0.799212
0.17652
0.0185483
0.642582
0.194605
0.657984
0.726751
0.206383
0.952373
0.368267
0.957271
0.917411
0.216067
0.988726
0.135917
0.464024
0.98732
0.719458
0.27131
0.13312
0.046267
0.478991
0.07798
0.676938
0.125103
0.51761
0.264087
0.148407
0.48274
0.317325
0.368632
0.217722
0.549364
0.972254
0.551468
0.0502974
0.580116
0.851908
0.238928
0.188628
0.466697
0.939948
0.963569
0.527922
0.849999
0.474416
0.469701
0.616749
0.457962
0.523261
0.954576
0.577097
0.818852
0.0106403
0.852255
0.0695845
0.98561
0.0333995
0.923228
0.294428
0.122406
0.610468
0.574278
0.101062
0.377143
0.296417
0.692311
0.181785
0.676467
0.338825
0.131864
0.0689887
0.372418
0.710646
0.053727
0.481587
0.137784
0.815674
0.182992
0.433226
0.402587
0.828244
0.75638
0.600461
0.85501
0.337117
0.384748
0.649782
0.16102
0.536478
0.597361
0.653431
0.808579
0.931172
0.696061
0.219333
0.73168
0.154601
0.372581
0.572917
0.649682
0.760756
0.879632
0.32959
0.557936
0.939918
0.351224
0.0764341
0.872328
0.182885
0.00123518
0.849232
0.864943
0.611856
0.659096
0.0739703
0.38882
0.607115
0.601486
0.187052
0.791249
0.555617
0.489135
0.820663
0.327796
0.067695
0.904642
0.723253
0.440385
0.357182
0.403066
0.282472
0.735324
0.132915
0.930964
0.150747
0.330774
0.249218
0.146379
0.782186
0.0333419
0.421615
0.693584
0.132629
0.302366
0.912647
0.369512
0.0301735
0.576105
0.580778
0.787829
0.187894
0.830996
0.881357
0.431328
0.118943
0.44408
0.0996571
0.620356
0.660779
0.906513
0.537811
0.0566716
0.972638
0.726102
0.79483
0.277434
0.0100256
0.148354
0.365005
0.0280043
0.092247
0.9644
0.197085
0.596155
0.472662
0.662256
0.735481
0.311807
0.224384
0.173444
0.405024
0.379311
0.412814
0.284428
0.0708302
0.0536517
0.806119
0.892402
0.241732
0.88412
0.359375
0.314554
0.695351
0.72155
0.700455
0.0922995
0.759879
0.716944
0.867241
0.606586
0.135274
0.335369
0.836634
0.432818
0.287078
0.0805963
0.905188
0.966363
0.980185
0.190845
0.906591
0.350004
0.287317
0.947778
0.479294
0.19767
0.726019
0.769878
0.243467
0.75497
0.335773
0.173657
0.644207
0.843422
0.259243
0.624553
0.420199
0.735002
0.463288
0.812527
0.935388
0.686261
0.819545
0.93048
0.955836
0.572341
0.0232845
0.967966
0.573843
0.402895
0.393638
0.125783
0.804309
0.632181
0.0678711
0.38285
0.550688
0.409109
0.545455
0.58527
0.0250176
0.220315
0.991376
0.665032
0.892286
0.887468
0.678309
0.624998
0.196696
0.372151
0.908543
0.546456
0.037521
0.257268
0.652269
0.290669
0.735623
0.708643
0.881083
0.887923
0.327157
0.926426
0.545294
0.353988
0.316365
0.981049
0.69029
0.268689
0.111073
0.0575161
0.149351
0.724331
0.067835
0.725208
0.374885
0.9395
0.922543
0.285299
0.533001
0.0787366
0.129578
0.557399
0.212261
0.669676
0.549556
0.840615
0.679686
0.921498
0.502779
0.0676414
0.217763
0.583234
0.651588
0.365628
0.826148
0.50527
0.91762
0.00263203
0.570648
0.456081
0.826021
0.847971
0.678172
0.0788594
0.66322
0.479368
0.646824
0.135668
0.721837
0.556413
0.171079
0.772544
0.988478
0.331785
0.54748
0.746539
0.929024
0.628265
0.870117
0.0899737
0.781783
0.366619
0.159182
0.159588
0.940513
0.0388103
0.47113
0.446421
0.774636
0.29098
0.86501
0.829833
0.489317
0.0756088
0.164647
0.476326
0.48886
0.373002
0.0477808
0.546964
0.00691525
0.145641
0.866731
0.928819
0.559159
0.508217
0.4854
0.89486
0.829755
0.760789
0.497686
0.878074
0.912423
0.288167
0.634858
0.280726
0.0991408
0.877268
0.604948
0.696075
0.572268
0.90406
0.635379
0.271479
0.0556138
0.407173
0.679216
0.768553
0.581907
0.267147
0.632715
0.664428
0.622291
0.67541
0.503127
0.280598
0.70058
0.588771
0.735556
0.221272
0.802497
0.862822
0.799492
0.556592
0.12835
0.83693
0.561507
0.308884
0.485374
0.0564498
0.311359
0.409874
0.551207
0.97246
0.914096
0.817301
0.759023
0.420386
0.248911
0.740714
0.273004
0.666824
0.653715
0.664806
0.774077
0.205809
0.778416
0.216877
0.112904
0.314801
0.284425
0.951913
0.581481
0.83634
0.906208
0.279283
0.0965645
0.579176
0.17501
0.390546
0.1866
0.134934
0.725885
0.935953
0.75645
0.440903
0.666665
0.0116609
0.317643
0.901123
0.549681
0.840642
0.0812427
0.777013
0.591181
0.343964
0.0997438
0.502477
0.935154
0.998249
0.816442
0.84986
0.932479
0.258405
0.956915
0.911745
0.0461224
0.0973348
0.917845
0.765164
0.51082
0.487515
0.632425
0.701217
0.15196
0.940728
0.496713
0.942581
0.65302
0.455645
0.224026
0.898414
0.372149
0.728448
0.570056
0.941426
0.833456
0.495606
0.573824
0.312296
0.0131747
0.0428554
0.34153
0.595436
0.229668
0.779163
0.233422
0.956767
0.0226181
0.294145
0.588113
0.334337
0.0328119
0.353284
0.543341
0.528319
0.200518
0.105004
0.0147829
0.806291
0.187234
0.551023
0.121582
0.537241
0.860812
0.646461
0.164055
0.464112
0.00488953
0.735317
0.249549
0.646899
0.625894
0.282647
0.629347
0.639498
0.809344
0.836003
0.274409
0.0431713
0.965087
0.0404091
0.920737
0.803322
0.410558
0.454738
0.215336
0.236193
0.953019
0.390397
0.368797
0.19639
0.795655
0.439516
0.266919
0.589159
0.52667
0.60947
0.926798
0.813855
0.942336
0.769905
0.836422
0.0739939
0.260055
0.589959
0.643674
0.837858
0.120622
0.346074
0.132381
0.271285
0.353283
0.369524
0.929768
0.0367417
0.445055
0.839149
0.140435
0.461956
0.14791
0.876059
0.524476
0.385561
0.773488
0.137381
0.0781238
0.800726
0.0333023
0.415286
0.299501
0.211396
0.320096
0.112063
0.113737
0.0164918
0.0989102
0.274399
0.693583
0.528341
0.55918
0.42909
0.265183
0.852333
0.315114
0.473306
0.674122
0.90084
0.142877
0.9465
0.963186
0.537927
0.390526
0.165725
0.658277
0.160394
0.639816
0.865305
0.768976
0.979745
0.756377
0.475608
0.800681
0.599468
0.923292
0.240345
0.180024
0.0594575
0.368836
0.650044
0.467069
0.877773
0.996491
0.709886
0.338193
0.448586
0.197866
0.318013
0.56269
0.799921
0.938775
0.367112
0.773074
0.677481
0.386426
0.36507
0.6715
0.359773
0.491048
0.573613
0.0691029
0.83932
0.116593
0.467217
0.686742
0.995633
0.569685
0.204448
0.53844
0.264865
0.209394
0.672956
0.77562
0.861774
0.707499
0.316283
0.612438
0.771322
0.412876
0.580692
0.120392
0.0955997
0.066704
0.544584
0.732885
0.66871
0.198171
0.629374
0.91532
0.546084
0.252815
0.662788
0.0300714
0.599724
0.68607
0.803462
0.573494
0.227948
0.67992
0.675813
0.018094
0.494171
0.0668209
0.649005
0.0097164
0.877372
0.696731
0.572257
0.918655
0.436604
0.553625
0.905825
0.21517
0.408863
0.0792992
0.424049
0.042992
0.0759028
0.525532
0.281505
0.126762
0.809227
0.830299
0.899301
0.917416
0.348078
0.0681663
0.926076
0.0186138
0.0534264
0.496222
0.443533
0.531311
0.738693
0.610961
0.0120059
0.305281
0.988423
0.422841
0.386437
0.217292
0.0788588
0.787288
0.4823
0.745908
0.804947
0.51578
0.045743
0.241595
0.948834
0.00914284
0.500213
0.575614
0.703447
0.157001
0.52676
0.188605
0.155842
0.55074
0.417295
0.0650384
0.659323
0.949516
0.355579
0.66683
0.457811
0.175634
0.172169
0.421055
0.803847
0.9216
0.3359
0.74444
0.722283
0.519706
0.940685
0.791304
0.861024
0.718295
0.0838796
0.840884
0.0398644
0.557588
0.578735
0.422275
0.316975
0.141944
0.572365
0.556945
0.954127
0.532846
0.932292
0.7453
0.547229
0.174996
0.705333
0.118947
0.924975
0.722445
0.434863
0.326916
0.988673
0.327318
0.445287
0.743706
0.410053
0.333804
0.57082
0.219669
0.616705
0.796708
0.330846
0.299152
0.528859
0.697926
0.753714
0.286541
0.47448
0.515314
0.34868
0.141421
0.166803
0.724867
0.951925
0.546798
0.799976
0.676124
0.063437
0.952584
0.581519
0.328021
0.989687
0.503135
0.407904
0.792705
0.661229
0.784024
0.0913435
0.201445
0.85972
0.759665
0.40735
0.741815
0.126706
0.328833
0.255911
0.949652
0.604427
0.0273316
0.0723393
0.572543
0.150712
0.702477
0.101437
0.12209
0.355794
0.838003
0.731359
0.13707
0.554955
0.70431
0.398304
0.1947
0.96986
0.950569
0.903183
0.807168
0.0220846
0.663401
0.766172
0.968715
0.34979
0.531986
0.580193
0.687002
0.734016
0.540489
0.461882
0.222096
0.0223342
0.733348
0.546711
0.816823
0.148311
0.963732
0.0980321
0.751713
0.815616
0.255611
0.918665
0.883587
0.581846
0.319285
0.245158
0.184642
0.58192
0.911789
0.702282
0.913549
0.522994
0.898604
0.888043
0.11466
0.817351
0.041972
0.0932861
0.318343
0.657957
0.422728
0.0367556
0.235266
0.750931
0.924674
0.474429
0.500063
0.473872
0.0196312
0.435584
0.193293
0.00890323
0.0526166
0.618017
0.992326
0.990745
0.924151
0.268134
0.877393
0.305736
0.303153
0.461399
0.823296
0.67624
0.800782
0.0244092
0.783444
0.771484
0.633157
0.997241
0.43313
0.911773
0.658057
0.275799
0.964117
0.495916
0.965315
0.306708
0.0622799
0.50536
0.82904
0.996448
0.872626
0.652966
0.407343
0.562535
0.0485872
0.68607
0.435859
0.274584
0.150871
0.164833
0.857805
0.940267
0.930076
0.766925
0.137025
0.774947
0.0899533
0.273181
0.401766
0.799798
0.646844
0.227527
0.774685
0.143543
0.106265
0.605674
0.686668
0.235654
0.469427
0.344638
0.794774
0.688518
0.129077
0.35922
0.693396
0.143299
0.55251
0.688423
0.00642947
0.12604
0.285802
0.0670293
0.979622
0.310076
0.221823
0.803963
0.377862
0.947644
0.698841
0.0748077
0.572133
0.713202
0.248564
0.212169
0.134245
0.0455709
0.573139
0.32207
0.221935
0.1936
0.449664
0.491118
0.429059
0.625222
0.0563306
0.307803
0.710559
0.973138
0.973699
0.63832
0.303655
0.13891
0.593589
0.215386
0.308095
0.0942078
0.591221
0.166374
0.530696
0.992693
0.677002
0.0798868
0.333077
0.784385
0.204809
0.448915
0.255473
0.108118
0.00456413
0.601551
0.0514725
0.98524
0.628059
0.710711
0.104944
0.0633246
0.116594
0.742516
0.876631
0.833215
0.454285
0.745224
0.627736
0.492989
0.567615
0.589469
0.994143
0.741785
0.544632
0.944905
0.559179
0.69421
0.619488
0.123184
0.135193
0.907972
0.311825
0.543937
0.473807
0.965491
0.306792
0.50657
0.259078
0.552589
0.55973
0.100103
0.893635
0.0985469
0.528227
0.286067
0.380194
0.00244377
0.160432
0.181893
0.863861
0.647773
0.557988
0.496923
0.686873
0.834031
0.309454
0.978951
0.388517
0.119754
0.0488606
0.0711114
0.449101
0.722092
0.496301
0.11837
0.936935
0.055289
0.21396
0.167313
0.999214
0.372745
0.661428
0.346334
0.487776
0.118995
0.426817
0.0756274
0.29432
0.969701
0.28227
0.924041
0.270715
0.766602
0.969723
0.195361
0.231267
0.923438
0.339918
0.588797
0.496722
0.827664
0.0879848
0.242446
0.984615
0.387004
0.26453
0.745625
0.936277
0.421449
0.87299
0.313743
0.175169
0.988469
0.0415514
0.181697
0.210669
0.0164025
0.799688
0.718709
0.651224
0.52886
0.682279
0.0353131
0.104933
0.148598
0.984359
0.584563
0.0768193
0.00575736
0.221327
0.00316749
0.0917964
0.332207
0.406254
0.149352
0.370867
0.246533
0.300004
0.834025
0.574404
0.0250931
0.451928
0.377958
0.328156
0.671576
0.228601
0.0339396
0.111421
0.155188
0.193844
0.0693417
0.477838
0.256638
0.192094
0.397567
0.0814856
0.668424
0.805019
0.968986
0.397099
0.624794
0.972729
0.482092
0.874853
0.826544
0.439255
0.558727
0.29735
0.372323
0.209443
0.45474
0.768396
0.563197
0.771718
0.166858
0.737354
0.219138
0.798071
0.87179
0.14604
0.0993199
0.197357
0.824577
0.792341
0.373246
0.557764
0.886474
0.670009
0.223861
0.424897
0.890591
0.920259
0.610018
0.748024
0.135078
0.389177
0.163498
0.881875
0.873852
0.115914
0.9909
0.417269
0.115044
0.589135
0.795064
0.961417
0.105125
0.730874
0.882502
0.897783
0.245785
0.444465
0.0969986
0.694188
0.941291
0.561611
0.985866
0.0334363
0.99243
0.227063
0.191184
0.919196
0.0319811
0.470475
0.446984
0.935518
0.434605
0.955224
0.0941434
0.454838
0.836355
0.903691
0.793543
0.208514
0.476884
0.936535
0.376617
0.136838
0.0485181
0.207677
0.429117
0.671648
0.524419
0.663526
0.323148
0.892443
0.873309
0.619623
0.714926
0.623487
0.886776
0.964337
0.888363
0.260492
0.189849
0.22033
0.28057
0.655904
0.42492
0.191554
0.764205
0.944685
0.548491
0.986958
0.12898
0.920162
0.0207579
0.550716
0.202497
0.102647
0.667479
0.370421
0.337174
0.581872
0.325598
0.425856
0.879722
0.126077
0.62884
0.546785
0.703199
0.97308
0.933338
0.752783
0.0460653
0.657542
0.318739
0.654129
0.551019
0.658688
0.626155
0.121705
0.46827
0.517188
0.815734
0.925945
0.0788814
0.280933
0.654904
0.35911
0.255982
0.0778795
0.401051
0.669249
0.123062
0.6296
0.14341
0.844725
0.55382
0.430019
0.648221
0.510206
0.00770822
0.907173
0.64527
0.762695
0.286485
0.417528
0.645124
0.242157
0.262808
0.61705
0.633751
0.867001
0.661809
0.304205
0.809677
0.960567
0.416175
0.899505
0.269808
0.1595
0.966712
0.444908
0.981108
0.956509
0.801634
0.473996
0.17021
0.134824
0.333619
0.888751
0.501979
0.0649035
0.374444
0.617953
0.0872193
0.939721
0.609967
0.331738
0.851792
0.825867
0.886311
0.82114
0.413201
0.925302
0.231015
0.263969
0.0512459
0.917109
0.446174
0.901172
0.238021
0.63901
0.0762275
0.521839
0.5269
0.852421
0.479284
0.449757
0.314014
0.308978
0.682116
0.758316
0.409201
0.915954
0.3959
0.500717
0.722796
0.316812
0.889462
0.584682
0.332544
0.714019
0.892288
0.269816
0.290096
0.0356876
0.0204525
0.314817
0.714233
0.575832
0.730512
0.712934
0.859285
0.729018
0.0113233
0.358353
0.209907
0.321673
0.0798385
0.48307
0.411205
0.960802
0.568682
0.36176
0.576215
0.641573
0.0514122
0.63818
0.707362
0.162114
0.372775
0.186652
0.517208
0.489739
0.919183
0.160817
0.635491
0.62908
0.618517
0.742353
0.249132
0.499535
0.693894
0.997036
0.750979
0.296018
0.765212
0.554978
0.489012
0.460957
0.203261
0.906003
0.634556
0.133291
0.258432
0.758024
0.355595
0.377137
0.630321
0.933232
0.626125
0.96279
0.192645
0.929716
0.266963
0.52853
0.573234
0.779372
0.246581
0.864805
0.400712
0.880057
0.327294
0.323037
0.113661
0.732935
0.18387
0.168408
0.286502
0.1058
0.915976
0.497445
0.117167
0.169335
0.0965565
0.273348
0.859403
0.184258
0.22546
0.46014
0.0379365
0.890124
0.677554
0.244785
0.884622
0.867143
0.339976
0.22721
0.861393
0.785253
0.422692
0.253087
0.83073
0.0633181
0.10539
0.503609
0.492163
0.447708
0.363183
0.49923
0.375986
0.264616
0.511233
0.9982
0.881154
0.453824
0.648066
0.272254
0.627545
0.271586
0.589103
0.0360938
0.484322
0.0440955
0.302099
0.228527
0.912766
0.316278
0.927354
0.9438
0.257061
0.898254
0.736579
0.863486
0.019359
0.856917
0.810192
0.532336
0.31195
0.594896
0.654978
0.464832
0.0912432
0.434522
0.710001
0.290527
0.603941
0.179909
0.872265
0.592067
0.0295332
0.0343003
0.394922
0.625358
0.555888
0.0394382
0.256227
0.320563
0.203156
0.384848
0.259402
0.648333
0.398639
0.982121
0.501041
0.11927
0.541186
0.555941
0.64366
0.606419
0.17377
0.0817927
0.75784
0.29948
0.659055
0.0809334
0.878695
0.0932542
0.833325
0.415856
0.273929
0.477968
0.563377
0.632496
0.576667
0.650912
0.669798
0.355997
0.131771
0.441138
0.685208
0.0206995
0.2822
0.284616
0.420885
0.526908
0.930847
0.177725
0.509128
0.960137
0.00834773
0.762417
0.817382
0.945155
0.819891
0.6659
0.895631
0.668051
0.401657
0.358963
0.0789421
0.184333
0.664005
0.256535
0.336856
0.908143
0.313998
0.927064
0.91119
0.68411
0.320592
0.187705
0.840808
0.584987
0.404494
0.842919
0.919085
0.529778
0.999978
0.896403
0.906763
0.4217
0.053117
0.470425
0.0251854
0.17537
0.501098
0.361761
0.134648
0.618761
0.338205
0.327146
0.467851
0.66743
0.739517
0.719963
0.40376
0.694596
0.113359
0.109096
0.253206
0.947984
0.424548
0.834377
0.261262
0.948787
0.314886
0.143608
0.546042
0.774238
0.994171
0.385305
0.178481
0.166504
0.539165
0.689183
0.408651
0.689043
0.980908
0.362093
0.663104
0.297971
0.649986
0.788309
0.532922
0.310116
0.858761
0.596216
0.857947
0.899539
0.70916
0.103848
0.159836
0.977509
0.110783
0.167317
0.212051
0.113157
0.869357
0.331711
0.241869
0.507812
0.75879
0.145007
0.0774475
0.888766
0.0263635
0.382135
0.0775783
0.450037
0.911187
0.197645
0.664981
0.0193838
0.998643
0.559004
0.134039
0.822124
0.0118359
0.105121
0.685205
0.361371
0.785276
0.441239
0.571578
0.828508
0.412327
0.156059
0.205403
0.352625
0.0490844
0.0824245
0.0966027
0.518153
0.642
0.790715
0.771374
0.61915
0.379915
0.494416
0.192154
0.738935
0.314478
0.669181
0.672722
0.0757137
0.113797
0.167807
0.512121
0.0782858
0.986469
0.600391
0.372941
0.479031
0.516853
0.606725
0.273902
0.751432
0.474001
0.460778
0.580674
0.882127
0.988583
0.517555
0.845623
0.607589
0.133253
0.362269
0.206105
0.866304
0.597317
0.390777
0.39783
0.570955
0.427564
0.897707
0.526522
0.792333
0.731343
0.752226
0.475944
0.9173
0.729164
0.297598
0.277666
0.61525
0.93243
0.334695
0.648539
0.808476
0.743643
0.775482
0.0925483
0.0473694
0.0741515
0.832902
0.997889
0.466113
0.197093
0.220073
0.72702
0.0318451
0.955635
0.754454
0.14301
0.262291
0.490347
0.710648
0.84143
0.60436
0.102052
0.166555
0.721785
0.838933
0.901658
0.088072
0.750302
0.273254
0.0963765
0.862806
0.807566
0.139152
0.608645
0.0071604
0.507042
0.0386385
0.112639
0.636573
0.596986
0.942801
0.302268
0.52697
0.958242
0.0987672
0.479101
0.946967
0.879551
0.144899
0.480045
0.363948
0.98226
0.157185
0.0704915
0.300654
0.28588
0.599662
0.632691
0.438745
0.0193028
0.0468964
0.111635
0.147252
0.110321
0.874289
0.477801
0.29085
0.205326
0.128044
0.570515
0.998239
0.614986
0.715677
0.146157
0.316049
0.93966
0.593299
0.72701
0.82886
0.146075
0.429712
0.790692
0.600116
0.546325
0.430431
0.724257
0.609679
0.129681
0.706757
0.46509
0.37793
0.831581
0.344229
0.942783
0.0389735
0.0631181
0.698467
0.308463
0.840653
0.79536
0.430199
0.88326
0.20933
0.979121
0.360011
0.074507
0.144399
0.521771
0.820194
0.901938
0.0413817
0.534096
0.218302
0.857956
0.0422113
0.353968
0.885358
0.613514
0.854743
0.857942
0.810795
0.498162
0.567033
0.851252
0.884512
0.0594028
0.420803
0.60178
0.0608979
0.579023
0.63669
0.731339
0.18634
0.835065
0.254164
0.231265
0.815051
0.196487
0.332786
0.0183234
0.371456
0.27827
0.749095
0.536957
0.662977
0.729268
0.92376
0.946921
0.635692
0.540855
0.0545091
0.569607
0.996616
0.725402
0.458213
0.816188
0.968661
0.899765
0.305549
0.756983
0.0347396
0.706688
0.947982
0.940948
0.571881
0.00884083
0.992013
0.820232
0.249202
0.195048
0.791282
0.116781
0.908506
0.951038
0.843435
0.28158
0.275306
0.579265
0.154612
0.594467
0.641909
0.921467
0.647735
0.841516
0.972716
0.567514
0.537969
0.452387
0.52313
0.154828
0.895016
0.702412
0.824845
0.910586
0.691281
0.460434
0.027411
0.306546
0.0501124
0.026889
0.323631
0.832606
0.430821
0.0465954
0.217788
0.905078
0.607191
0.143031
0.383096
0.170543
0.722736
0.807417
0.928941
0.713614
0.866744
0.844916
0.159073
0.600743
0.656671
0.146154
0.917234
0.872545
0.599966
0.185731
0.923952
0.520175
0.625831
0.0774936
0.113119
0.539822
0.427599
0.522075
0.854321
0.152022
0.160699
0.00529559
0.539806
0.40449
0.839943
0.241893
0.7358
0.259726
0.431953
0.359897
0.827331
0.919428
0.321833
0.594798
0.673418
0.480521
0.444024
0.37409
0.553911
0.382485
0.0210099
0.342366
0.917312
0.728964
0.384071
0.981963
0.88667
0.0909446
0.810396
0.557338
0.872553
0.37291
0.472009
0.842383
0.1716
0.702421
0.444419
0.824457
0.258358
0.948843
0.975602
0.818956
0.237814
0.656018
0.796628
0.332027
0.215938
0.0604209
0.810475
0.890899
0.233912
0.0407679
0.890445
0.892095
0.935749
0.79355
0.338269
0.424329
0.804505
0.644085
0.597027
0.78848
0.0838308
0.483247
0.60701
0.00104632
0.34267
0.0711517
0.473802
0.525718
0.95348
0.982021
0.34615
0.581976
0.919348
0.796886
0.254367
0.0383078
0.852419
0.706431
0.534552
0.67501
0.293442
0.795312
0.975023
0.718461
0.757166
0.677966
0.3031
0.382051
0.146588
0.986884
0.635373
0.731918
0.72524
0.526303
0.314443
0.717682
0.364319
0.152501
0.639967
0.515193
0.95237
0.98749
0.580735
0.421901
0.800574
0.183659
0.055123
0.0839407
0.695824
0.806536
0.936141
0.631998
0.515229
0.57139
0.939661
0.830985
0.556483
0.143343
0.0741628
0.233691
0.964585
0.882341
0.670368
0.853859
0.82125
0.582875
0.190772
0.479233
0.0524507
0.628541
0.282657
0.525543
0.713882
0.664898
0.842651
0.540273
0.314714
0.408133
0.38397
0.00840649
0.48631
0.475609
0.635709
0.0558346
0.813033
0.477506
0.172086
0.710202
0.304011
0.28288
0.802423
0.440862
0.553487
0.011011
0.502625
0.292281
0.837947
0.448841
0.607376
0.738338
0.423794
0.212625
0.799605
0.764013
0.372113
0.917944
0.838761
0.128089
0.757914
0.164628
0.890077
0.433755
0.0696845
0.455625
0.399451
0.847941
0.689594
0.831573
0.568419
0.0355052
0.812267
0.502133
0.204609
0.237986
0.446659
0.983521
0.858004
0.211731
0.735707
0.00802609
0.223666
0.886291
0.665569
0.960727
0.537575
0.70668
0.232439
0.932314
0.572861
0.434465
0.67101
0.172656
0.53675
0.11081
0.774297
0.211176
0.0703837
0.494054
0.468014
0.00741347
0.279695
0.795798
0.431227
0.944612
0.60953
0.329863
0.934341
0.42339
0.968121
0.790937
0.420308
0.300373
0.0861462
0.483818
0.378592
0.903096
0.144362
0.77552
0.415983
0.198943
0.43497
0.343107
0.244751
0.669902
0.6624
0.0981832
0.686367
0.220304
0.585375
0.798907
0.296581
0.101569
0.419323
0.78297
0.392013
0.362688
0.840348
0.597058
0.105574
0.120168
0.861789
0.843228
0.59248
0.285435
0.313414
0.749659
0.0938142
0.996219
0.381713
0.898279
0.652524
0.482574
0.626562
0.45661
0.748439
0.475522
0.25246
0.0741055
0.823753
0.460649
0.0781084
0.378725
0.927029
0.420418
0.73148
0.468172
0.799023
0.433823
0.93277
0.809093
0.413571
0.252889
0.367398
0.0697718
0.995886
0.301178
0.367093
0.306971
0.0622986
0.395103
0.399196
0.951163
0.221842
0.735643
0.921739
0.688551
0.982023
0.62374
0.422232
0.781066
0.208156
0.0909047
0.0679907
0.911525
0.266232
0.787615
0.220448
0.260917
0.270489
0.522102
0.689191
0.345455
0.764523
0.683827
0.826232
0.945618
0.0635503
0.21809
0.908705
0.187539
0.318638
0.0458594
0.468997
0.0843419
0.0434981
0.957471
0.764334
0.36341
0.751622
0.567775
0.110672
0.603268
0.835762
0.327587
0.734989
0.145237
0.701339
0.671834
0.740882
0.150981
0.227482
0.885079
0.0687696
0.924423
0.129842
0.322576
0.516727
0.238563
0.962716
0.28861
0.242483
0.0937974
0.0178083
0.598613
0.181666
0.930255
0.91506
0.998762
0.700958
0.824294
0.368488
0.954067
0.985117
0.276891
0.546322
0.517118
0.280411
0.663637
0.198347
0.134826
0.549017
0.733126
0.831354
0.325942
0.413439
0.339692
0.681842
0.560435
0.789662
0.160817
0.0381445
0.691869
0.344115
0.918669
0.0454554
0.640712
0.102789
0.694743
0.898754
0.311429
0.14998
0.548476
0.171401
0.966824
0.556946
0.733174
0.790668
0.403222
0.373622
0.410081
0.174111
0.599795
0.814819
0.61463
0.569609
0.290982
0.509859
0.204827
0.452859
0.775106
0.914287
0.153493
0.653853
0.773736
0.475431
0.523212
0.901627
0.25026
0.890604
0.130983
0.856565
0.643715
0.506448
0.77075
0.0725161
0.242873
0.508177
0.0743044
0.296668
0.589632
0.6847
0.96907
0.141787
0.440078
0.095064
0.205632
0.490218
0.412383
0.487305
0.705516
0.517806
0.905711
0.635399
0.303903
0.433284
0.982187
0.385028
0.772083
0.857936
0.869954
0.874558
0.396239
0.133767
0.680642
0.582945
0.614593
0.126629
0.356833
0.229005
0.68212
0.633619
0.19811
0.503022
0.60561
0.129721
0.388146
0.767362
0.892288
0.0843736
0.496316
0.551492
0.359645
0.700167
0.0981115
0.441337
0.395668
0.89792
0.497977
0.0948234
0.82681
0.388166
0.501237
0.0947872
0.791428
0.390892
0.629759
0.386384
0.731143
0.123893
0.876594
0.566278
0.459629
0.675075
0.721777
0.441798
0.0623974
0.873768
0.764906
0.425114
0.592742
0.817677
0.956352
0.554338
0.785176
0.801428
0.420549
0.542932
0.591639
0.50433
0.560633
0.27256
0.696879
0.872307
0.218766
0.802555
0.38349
0.584141
0.752214
0.230739
0.445989
0.205968
0.989112
0.782905
0.205335
0.960116
0.0737638
0.228535
0.114808
0.78305
0.529332
0.233408
0.695904
0.309763
0.692184
0.399666
0.475849
0.353944
0.649594
0.563386
0.749632
0.0796548
0.48975
0.190235
0.0486342
0.57404
0.00518636
0.421608
0.510581
0.0942247
0.839132
0.185716
0.41377
0.50561
0.696512
0.728208
0.12038
0.95305
0.831162
0.581442
0.883705
0.679157
0.148391
0.245851
0.38305
0.162367
0.413666
0.284841
0.584684
0.897251
0.126407
0.939087
0.370978
0.655532
0.401611
0.268479
0.271986
0.891646
0.906224
0.970483
0.170071
0.003652
0.633303
0.861358
0.780596
0.809691
0.582509
0.219207
0.448497
0.201559
0.674298
0.171769
0.906055
0.308778
0.287293
0.682345
0.332223
0.435824
0.410154
0.778346
0.715309
0.7778
0.683315
0.0313671
0.181881
0.700456
0.621107
0.206858
0.80494
0.882363
0.506089
0.945748
0.289356
0.522445
0.196193
0.528592
0.854267
0.245667
0.149139
0.632845
0.248779
0.393275
0.0213151
0.672089
0.963358
0.629772
0.32005
0.167789
0.805455
0.774009
0.765175
0.733297
0.721085
0.472149
0.640697
0.949196
0.347589
0.750574
0.78898
0.700128
0.715927
0.0601771
0.723189
0.666172
0.879487
0.562301
0.220257
0.575709
0.282319
0.991473
0.723799
0.70915
0.301252
0.310796
0.858067
0.890511
0.667892
0.870682
0.660348
0.931731
0.118798
0.177713
0.0163938
0.0368886
0.512058
0.433574
0.874186
0.082809
0.319381
0.438929
0.664375
0.740416
0.543959
0.467047
0.926157
0.077849
0.0716061
0.459182
0.286566
0.300781
0.737874
0.00886493
0.936609
0.565331
0.145271
0.685148
0.763328
0.990837
0.806766
0.363676
0.91273
0.968947
0.495171
0.426456
0.260902
0.195788
0.869717
0.462126
0.952179
0.348276
0.314364
0.923122
0.622698
0.505346
0.396585
0.0175729
0.370195
0.0202444
0.0361949
0.844355
0.0677566
0.0400259
0.113302
0.80019
0.768075
0.92082
0.250723
0.947667
0.129309
0.79865
0.443788
0.150936
0.844093
0.160965
0.300012
0.14874
0.705815
0.757458
0.26956
0.598128
0.343661
0.143007
0.428083
0.711435
0.848799
0.832095
0.305668
0.117097
0.953723
0.953186
0.785141
0.663855
0.476277
0.632092
0.221702
0.188604
0.167072
0.533241
0.32204
0.880336
0.577494
0.193346
0.779148
0.364475
0.175495
0.358519
0.65975
0.540738
0.664183
0.56742
0.711482
0.539105
0.696345
0.0121947
0.379941
0.887369
0.225457
0.277392
0.84097
0.553246
0.295346
0.144793
0.856611
0.346397
0.757958
0.218298
0.0061897
0.121717
0.239139
0.845326
0.735032
0.16455
0.569782
0.586098
0.766904
0.379403
0.194283
0.424953
0.463088
0.733419
0.996213
0.862454
0.557969
0.58015
0.185122
0.0261952
0.891437
0.732637
0.917182
0.763456
0.981551
0.660908
0.131131
0.320338
0.88274
0.119721
0.530893
0.378798
0.256999
0.498683
0.00508094
0.84276
0.106523
0.82832
0.214948
0.483761
0.490297
0.740615
0.18652
0.240546
0.745092
0.808113
0.995807
0.199739
0.380109
0.077733
0.930818
0.868845
0.697213
0.748583
0.64933
0.809864
0.244983
0.760649
0.0321996
0.772051
0.0401319
0.475373
0.769629
0.604688
0.836397
0.0207233
0.729892
0.12297
0.996812
0.591914
0.270409
0.138714
0.294859
0.862935
0.689733
0.667787
0.454106
0.460512
0.722408
0.221929
0.811405
0.436944
0.489275
0.636719
0.188911
0.0760465
0.682525
0.351364
0.0743697
0.870564
0.442628
0.929859
0.383171
0.781926
0.734669
0.106055
0.411413
0.065091
0.821983
0.174849
0.744929
0.111939
0.339309
0.284635
0.67935
0.504678
0.565977
0.477586
0.601463
0.31311
0.778159
0.258161
0.409419
0.622173
0.410736
0.349318
0.691849
0.313656
0.482404
0.141622
0.483185
0.691569
0.0376632
0.393063
0.0601489
0.0466373
0.847294
0.955955
0.694373
0.582469
0.302726
0.869417
0.436724
0.123857
0.262915
0.958224
0.944497
0.0146691
0.895199
0.236414
0.794022
0.876077
0.530383
0.761012
0.52521
0.191231
0.869541
0.170205
0.374503
0.73457
0.084665
0.742905
0.957923
0.866131
0.402252
0.422951
0.412202
0.825545
0.509685
0.57033
0.19126
0.0178095
0.846311
0.161421
0.00574998
0.482941
0.70832
0.406849
0.599549
0.352681
0.68893
0.154392
0.149509
0.156577
0.779359
0.579385
0.180594
0.852903
0.364145
0.339071
0.790806
0.901647
0.15543
0.101709
0.618557
0.510428
0.029881
0.896356
0.955063
0.282001
0.870371
0.523874
0.457868
0.254605
0.389912
0.0018701
0.466972
0.103662
0.951469
0.0821438
0.526649
0.883325
0.424275
0.894307
0.594678
0.916514
0.871428
0.0673331
0.953218
0.547945
0.487439
0.814737
0.0552584
0.681057
0.746922
0.710313
0.636817
0.0199585
0.641727
0.720137
0.243621
0.393636
0.534983
0.701817
0.863789
0.582606
0.314173
0.461511
0.28328
0.797526
0.855487
0.719533
0.903009
0.943369
0.398226
0.341575
0.546276
0.578728
0.257401
0.0288237
0.869439
0.0535124
0.76739
0.629102
0.650847
0.654331
0.748455
0.354277
0.912271
0.148576
0.826126
0.706615
0.619301
0.307776
0.222317
0.787663
0.864196
0.688966
0.193995
0.0652397
0.86482
0.00933651
0.0443261
0.5037
0.880906
0.1825
0.90228
0.335136
0.974824
0.781614
0.49628
0.49844
0.305022
0.11103
0.577988
0.952022
0.869786
0.928845
0.0327332
0.445884
0.00622978
0.360973
0.998349
0.90993
0.840248
0.84528
0.365716
0.0868587
0.779449
0.672833
0.119647
0.337449
0.201131
0.451898
0.271723
0.319991
0.0254833
0.677517
0.21738
0.359285
0.851218
0.582192
0.704297
0.358018
0.893648
0.0774979
0.120507
0.867124
0.887056
0.346746
0.297467
0.943504
0.333453
0.45859
0.680692
0.423351
0.59433
0.152827
0.659762
0.6864
0.0825045
0.0833699
0.58818
0.558317
0.626104
0.639163
0.985467
0.0917537
0.510374
0.819969
0.429151
0.196445
0.976127
0.307603
0.44926
0.789224
0.443236
0.100235
0.475086
0.858568
0.466771
0.0923093
0.602298
0.856908
0.611676
0.478975
0.102879
0.637508
0.894952
0.503634
0.55228
0.950374
0.19415
0.981222
0.965163
0.73103
0.715745
0.317807
0.0869849
0.20362
0.0711273
0.977223
0.0634713
0.540876
0.19222
0.055055
0.090216
0.562064
0.860073
0.815062
0.722609
0.00873238
0.30135
0.69774
0.601037
0.338516
0.568948
0.86857
0.12278
0.959576
0.359677
0.246613
0.681654
0.351446
0.786036
0.0234128
0.516724
0.759946
0.318753
0.797247
0.886236
0.0107193
0.716451
0.926977
0.542333
0.573318
0.979192
0.840192
0.56242
0.15934
0.0807627
0.567915
0.13691
0.906851
0.983496
0.447407
0.469217
0.360582
0.908774
0.92894
0.467435
0.993384
0.371668
0.903972
0.25946
0.638275
0.591534
0.571684
0.0119037
0.839689
0.719914
0.178097
0.251918
0.433834
0.197267
0.0652046
0.460033
0.49658
0.431611
0.393912
0.607625
0.737032
0.0119838
0.159909
0.447282
0.268578
0.611002
0.180516
0.526955
0.978314
0.533087
0.536437
0.294395
0.180471
0.123937
0.417238
0.398402
0.33887
0.724397
0.824268
0.895328
0.0551928
0.9363
0.479059
0.956987
0.640489
0.233582
0.38754
0.679667
0.0320543
0.619574
0.60762
0.449676
0.920628
0.478059
0.115824
0.171302
0.266491
0.0243516
0.492224
0.557131
0.178937
0.0230103
0.135308
0.0733772
0.902076
0.54641
0.541737
0.38557
0.599889
0.505238
0.971103
0.0301873
0.192669
0.146292
0.662254
0.219492
0.811984
0.499163
0.2441
0.24994
0.87718
0.332177
0.626911
0.915427
0.437388
0.17634
0.476041
0.0179712
0.57154
0.67715
0.333183
0.818874
0.316689
0.377453
0.00422827
0.788229
0.0420631
0.115798
0.389495
0.901009
0.361866
0.795821
0.372481
0.0115282
0.761522
0.251401
0.556987
0.438719
0.996355
0.364033
0.867741
0.142285
0.123838
0.203796
0.593705
0.000956536
0.584539
0.640402
0.111911
0.36116
0.105421
0.139353
0.00752612
0.756364
0.133758
0.00950441
0.796287
0.459206
0.0107859
0.54829
0.120586
0.181592
0.870383
0.841161
0.761136
0.0498622
0.227196
0.570914
0.681953
0.126647
0.0472823
0.394776
0.675759
0.808302
0.637682
0.22318
0.0368009
0.883108
0.533418
0.211053
0.564558
0.783375
0.503898
0.233316
0.569296
0.402949
0.36715
0.000646129
0.352396
0.985561
0.229892
0.375049
0.782915
0.130219
0.523178
0.619437
0.467768
0.425083
0.454964
0.669346
0.96588
0.0347208
0.648929
0.612653
0.345024
0.557499
0.398413
0.625363
0.910888
0.376336
0.469549
0.0151534
0.407124
0.689829
0.291059
0.802656
0.617299
0.480565
0.941506
0.612777
0.788147
0.308448
0.078062
0.400529
0.300436
0.370317
0.0531846
0.699726
0.670007
0.510696
0.36465
0.316708
0.366605
0.47593
0.426721
0.509534
0.660547
0.755354
0.800985
0.166374
0.283976
0.834869
0.568651
0.952251
0.13045
0.992832
0.764504
0.113921
0.48841
0.19448
0.747842
0.0580479
0.854102
0.894138
0.297686
0.0435986
0.609813
0.245657
0.0475207
0.607533
0.664811
0.368366
0.796291
0.581581
0.388596
0.842208
0.144064
0.821639
0.137495
0.841688
0.917753
0.780779
0.673281
0.50018
0.80859
0.689026
0.552197
0.866491
0.591482
0.891076
0.849302
0.723344
0.00823958
0.526513
0.569518
0.537546
0.862478
0.561478
0.945512
0.765486
0.802402
0.698151
0.164306
0.912768
0.586736
0.0570133
0.498901
0.317136
0.984997
0.0610953
0.416635
0.169346
0.721554
0.622018
0.0295282
0.293774
0.617273
0.661548
0.749398
0.571718
0.115952
0.982799
0.686624
0.40455
0.226467
0.471589
0.129517
0.486072
0.30603
0.156491
0.273335
0.494966
0.514003
0.537821
0.615057
0.646759
0.857184
0.219219
0.441547
0.783965
0.922781
0.805303
0.433217
0.663195
0.269731
0.485563
0.369714
0.0552858
0.356465
0.0853483
0.514454
0.351558
0.376595
0.662596
0.69561
0.614916
0.724539
0.153329
0.0856853
0.883753
0.511301
0.965628
0.872392
0.390931
0.805249
0.792711
0.540784
0.966857
0.511656
0.919096
0.450363
0.92895
0.174432
0.744116
0.3593
0.299434
0.84909
0.614891
0.0582875
0.225888
0.64156
0.973304
0.334568
0.396828
0.835752
0.561717
0.0671263
0.346667
0.765212
0.439512
0.800116
0.535729
0.961043
0.932921
0.0655053
0.582952
0.588549
0.625704
0.908511
0.0390368
0.946409
0.00655547
0.36025
0.539989
0.741185
0.484836
0.319506
0.405214
0.0817969
0.890261
0.736781
0.97702
0.497274
0.161333
0.894606
0.882061
0.819307
0.234892
0.673161
0.478741
0.260425
0.864539
0.172887
0.993021
0.449167
0.564631
0.0980571
0.0997163
0.264464
0.601003
0.518153
0.244834
0.970283
0.0876622
0.616887
0.000587826
0.0348962
0.115016
0.880222
0.778571
0.992208
0.400311
0.901873
0.784416
0.34929
0.341899
0.10341
0.0717737
0.667502
0.358883
0.650743
0.743403
0.0656644
0.946142
0.642976
0.957619
0.253044
0.56725
0.165272
0.540721
0.256317
0.0965429
0.415539
0.197763
0.935988
0.414588
0.18487
0.979125
0.590389
0.523077
0.312229
0.628678
0.0346446
0.396466
0.131889
0.447461
0.851831
0.105338
0.643541
0.497039
0.596697
0.563839
0.384307
0.388166
0.860282
0.759916
0.462612
0.00788997
0.766747
0.368312
0.587936
0.693276
0.880733
0.224217
0.328878
0.330052
0.082329
0.908377
0.354294
0.313436
0.863727
0.476743
0.626778
0.336398
0.0821
0.630151
0.96174
0.553845
0.551172
0.988988
0.0444549
0.202371
0.272058
0.89747
0.886486
0.533037
0.613736
0.771647
0.245071
0.644287
0.595226
0.520021
0.136555
0.0948219
0.554125
0.257919
0.128657
0.0496793
0.0873681
0.314527
0.445768
0.0907084
0.116436
0.459276
0.385099
0.0351568
0.375885
0.0728317
0.406302
0.389541
0.385093
0.534136
0.279128
0.0629309
0.0911909
0.922033
0.577355
0.223062
0.63778
0.927465
0.785896
0.655382
0.109425
0.985685
0.503951
0.540558
0.335112
0.569394
0.310979
0.467737
0.832522
0.491378
0.413873
0.922691
0.385654
0.263538
0.281345
0.0121311
0.436214
0.0188503
0.132224
0.294086
0.0182645
0.350776
0.884109
0.172032
0.178708
0.444127
0.462098
0.176195
0.224585
0.00180602
0.157571
0.804203
0.462332
0.308974
0.926294
0.536386
0.802874
0.0719017
0.504336
0.696094
0.377598
0.831316
0.349049
0.416209
0.540224
0.343857
0.498978
0.92974
0.93372
0.571088
0.278188
0.461184
0.0135757
0.19018
0.603012
0.298969
0.0917324
0.877305
0.70712
0.226469
0.870798
0.203183
0.0776178
0.834889
0.0659677
0.665972
0.95257
0.697164
0.271449
0.171696
0.999824
0.715379
0.146772
0.81479
0.87793
0.839002
0.42272
0.925705
0.84059
0.867458
0.521922
0.509432
0.92359
0.184612
0.839397
0.0252795
0.553452
0.417154
0.236343
0.237495
0.614598
0.462489
0.0875397
0.0377741
0.550139
0.799654
0.529318
0.800063
0.362492
0.0902697
0.339964
0.227314
0.304792
0.813274
0.325495
0.697142
0.462107
0.980866
0.0774203
0.873191
0.631163
0.183934
0.630611
0.542057
0.20567
0.549448
0.712778
0.138865
0.917409
0.302565
0.994953
0.771236
0.995465
0.0612318
0.796342
0.430823
0.780797
0.706065
0.0571935
0.839613
0.232845
0.524487
0.778804
0.516674
0.719928
0.593121
0.468348
0.328244
0.595335
0.210112
0.0642027
0.31437
0.394769
0.199425
0.220193
0.939521
0.0850766
0.568601
0.278592
0.21959
0.155036
0.202511
0.564628
0.216723
0.940833
0.817159
0.311017
0.105849
0.365226
0.484633
0.310034
0.998472
0.152267
0.784191
0.751721
0.711997
0.939787
0.552838
0.317821
0.104957
0.899174
0.725335
0.858392
0.0243555
0.304696
0.698547
0.496953
0.551669
0.759868
0.764665
0.124605
0.465797
0.741904
0.574703
0.506344
0.697671
0.991855
0.366645
0.905471
0.221668
0.75089
0.276716
0.724649
0.159286
0.584468
0.808857
0.373874
0.862527
0.67675
0.234152
0.834047
0.0563904
0.117068
0.00249586
0.336535
0.566253
0.407027
0.253328
0.589266
0.207356
0.727948
0.197075
0.132491
0.697145
0.42968
0.896646
0.00517633
0.249984
0.708021
0.107714
0.967447
0.267235
0.972368
0.0427319
0.295891
0.339626
0.379892
0.817874
0.605816
0.885076
0.308426
0.942142
0.435452
0.061988
0.00686414
0.43732
0.348121
0.189901
0.617648
0.366584
0.184745
0.496976
0.497947
0.934583
0.664786
0.47406
0.0302479
0.545331
0.841432
0.981241
0.633898
0.815093
0.738215
0.214288
0.660088
0.49069
0.819277
0.040922
0.43581
0.380677
0.483411
0.562373
0.548489
0.0350954
0.450366
0.202414
0.131765
0.183002
0.37323
0.488428
0.492692
0.435602
0.128321
0.937808
0.948535
0.973041
0.58777
0.224989
0.723266
0.747257
0.0727181
0.862991
0.664299
0.950572
0.638193
0.92781
0.322487
0.325029
0.594533
0.480214
0.504851
0.432188
0.68369
0.0492292
0.140952
0.784675
0.77955
0.243258
0.549724
0.183225
0.26613
0.812618
0.772426
0.536135
0.981266
0.522171
0.336169
0.598503
0.130299
0.381477
0.887156
0.598749
0.426946
0.155869
0.807896
0.668686
0.178503
0.834308
0.901615
0.815771
0.590091
0.704718
0.151974
0.233568
0.426647
0.886514
0.577879
0.806401
0.769676
0.251551
0.401268
0.400495
0.0848005
0.443094
0.698571
0.0267145
0.541149
0.648394
0.951286
0.195631
0.578565
0.521042
0.453539
0.156595
0.406275
0.467511
0.349268
0.517699
0.458474
0.847892
0.60218
0.687983
0.0685105
0.589198
0.859876
0.278287
0.712972
0.522947
0.84054
0.0604455
0.297736
0.345096
0.395775
0.239784
0.00640281
0.520304
0.105063
0.973268
0.322739
0.4346
0.42293
0.501424
0.806796
0.517878
0.785101
0.599
0.101992
0.443294
0.409389
0.835907
0.249076
0.554179
0.994021
0.331563
0.672847
0.716156
0.282838
0.143504
0.897716
0.344698
0.163991
0.422736
0.0663909
0.574606
0.196169
0.167492
0.328682
0.732335
0.28225
0.394055
0.999828
0.415295
0.671812
0.304246
0.643894
0.701361
0.0769011
0.456846
0.720331
0.0898814
0.904545
0.843253
0.662289
0.652001
0.388025
0.331321
0.973951
0.138832
0.649003
0.286755
0.599903
0.212802
0.825104
0.826375
0.11026
0.938659
0.702067
0.52571
0.557307
0.760525
0.614522
0.324915
0.808011
0.620781
0.511816
0.588182
0.0760159
0.0223688
0.281114
0.915265
0.819225
0.731583
0.903703
0.42825
0.406416
0.652934
0.485481
0.317388
0.478712
0.0270174
0.311103
0.78796
0.948072
0.508388
0.954025
0.973372
0.513142
0.531463
0.231357
0.541808
0.579153
0.482893
0.991388
0.704824
0.908389
0.0393688
0.899934
0.122692
0.285079
0.227414
0.555211
0.185528
0.256003
0.599527
0.384303
0.630222
0.627333
0.838629
0.30087
0.13593
0.0992322
0.195678
0.445612
0.0367396
0.161758
0.685716
0.36908
0.616687
0.336177
0.82344
0.600217
0.533329
0.921514
0.935384
0.991983
0.0817678
0.71222
0.462416
0.834645
0.497589
0.523216
0.0405903
0.233578
0.947246
0.846018
0.0536467
0.386498
0.816857
0.335667
0.475963
0.358092
0.340173
0.0829416
0.516397
0.900342
0.365045
0.468915
0.333029
0.435108
0.412583
0.756948
0.0746073
0.101567
0.308194
0.097259
0.0309246
0.843016
0.138926
0.166496
0.712166
0.902729
0.603322
0.823163
0.353334
0.322576
0.86088
0.732216
0.437475
0.565824
0.557067
0.419925
0.290002
0.160135
0.00174698
0.403652
0.211619
0.190476
0.625097
0.359269
0.741221
0.945237
0.343299
0.419514
0.880791
0.381963
0.760225
0.0359229
0.0362875
0.15015
0.0411665
0.000468914
0.252409
0.474516
0.556576
0.544586
0.421989
0.519029
0.150565
0.465639
0.565755
0.144314
0.189165
0.245552
0.194772
0.932172
0.842338
0.613546
0.03172
0.643042
0.712647
0.173613
0.980309
0.0260941
0.710027
0.995387
0.852635
0.216924
0.659977
0.600734
0.806774
0.402832
0.601858
0.933109
0.181949
0.547579
0.07118
0.756341
0.0731952
0.752157
0.25725
0.796871
0.844867
0.260042
0.0843582
0.839928
0.281848
0.638107
0.685652
0.156103
0.314877
0.689812
0.035534
0.0290424
0.483728
0.0664609
0.69621
0.955444
0.427434
0.184705
0.64088
0.191582
0.778708
0.252542
0.269989
0.841497
0.610883
0.238855
0.274332
0.454678
0.917081
0.248947
0.562147
0.178418
0.0260547
0.715116
0.605543
0.663302
0.0667517
0.270551
0.229693
0.139966
0.929759
0.308656
0.927573
0.08012
0.140427
0.669356
0.501144
0.552771
0.813772
0.238494
0.380702
0.433921
0.719736
0.564498
0.937603
0.890162
0.419702
0.925215
0.968136
0.617375
0.568273
0.122956
0.180491
0.978021
0.591481
0.122092
0.761421
0.965668
0.993163
0.414236
0.139355
0.573742
0.101028
0.613319
0.00774352
0.115986
0.894791
0.627562
0.0438973
0.0164575
0.0689778
0.177058
0.978313
0.953611
0.236951
0.242789
0.567544
0.62135
0.401191
0.0324613
0.336447
0.0938185
0.874717
0.486557
0.825616
0.40292
0.773081
0.448843
0.55593
0.729572
0.194943
0.0828728
0.459324
0.0617423
0.117648
0.591646
0.484691
0.493401
0.854361
0.922586
0.237543
0.956314
0.30939
0.013825
0.525773
0.237695
0.0428194
0.828941
0.641517
0.00623325
0.785152
0.472767
0.0970318
0.331015
0.15431
0.0866192
0.743345
0.135039
0.204242
0.961854
0.0329741
0.19886
0.515974
0.829435
0.347291
0.960662
0.924016
0.992235
0.40655
0.405728
0.905376
0.747064
0.8337
0.978536
0.0534356
0.244395
0.875722
0.58112
0.978923
0.873934
0.428459
0.457056
0.145935
0.730555
0.0990468
0.93554
0.439349
0.463626
0.716684
0.677121
0.204279
0.567957
0.0164823
0.993365
0.787803
0.129892
0.127484
0.99719
0.593897
0.359535
0.856067
0.487852
0.836128
0.550593
0.837392
0.512306
0.697521
0.0124997
0.604091
0.119384
0.797517
0.0836431
0.0732229
0.800217
0.692781
0.596809
0.365818
0.0714272
0.728785
0.634233
0.140839
0.409793
0.69574
0.554505
0.545769
0.809527
0.365107
0.0403719
0.664505
0.346566
0.687173
0.217376
0.0910474
0.757039
0.968122
0.109007
0.492213
0.847323
0.124737
0.174393
0.168123
0.947135
0.700894
0.237726
0.505573
0.210292
0.942982
0.551826
0.582942
0.693996
0.248296
0.297259
0.168539
0.359573
0.754512
0.727983
0.00620915
0.706955
0.918966
0.127767
0.0574842
0.172067
0.48941
0.400945
0.630107
0.889726
0.295056
0.617094
0.835812
0.382284
0.446373
0.261679
0.2597
0.322693
0.638568
0.881943
0.169498
0.104993
0.777845
0.796405
0.0316962
0.619611
0.718172
0.56312
0.925673
0.677814
0.792745
0.951059
0.955231
0.980923
0.487951
0.673771
0.654547
0.625437
0.134229
0.537187
0.283741
0.834256
0.129609
0.80474
0.825681
0.0842923
0.876246
0.342582
0.353993
0.958519
0.362263
0.793918
0.572827
0.00106176
0.881478
0.931474
0.967762
0.431386
0.629008
0.206695
0.79724
0.830581
0.374584
0.0780647
0.643615
0.620807
0.787018
0.152361
0.387587
0.30825
0.608498
0.673655
0.130701
0.759548
0.258044
0.0765199
0.0352647
0.159206
0.737844
0.781649
0.453419
0.397621
0.238724
0.222332
0.657168
0.331104
0.562383
0.286157
0.44526
0.22082
0.525214
0.443634
0.783612
0.499472
0.664722
0.288922
0.232104
0.354455
0.774226
0.980709
0.427362
0.194212
0.640331
0.0557879
0.439689
0.339702
0.602623
0.67472
0.92038
0.932926
0.604277
0.897892
0.0269097
0.475891
0.820327
0.899562
0.988152
0.221362
0.957864
0.894267
0.586099
0.165376
0.296334
0.230103
0.927106
0.193373
0.509753
0.821503
0.703339
0.2785
0.475254
0.543537
0.158892
0.0124025
0.469899
0.0526371
0.536359
0.374543
0.391833
0.865803
0.655944
0.94362
0.571042
0.52137
0.144493
0.870389
0.173517
0.82775
0.765994
0.230422
0.621243
0.119253
0.294635
0.94199
0.476182
0.0859611
0.808875
0.571148
0.152348
0.10243
0.469086
0.0746048
0.0657445
0.490908
0.477179
0.0914505
0.503059
0.231019
0.615638
0.746108
0.838424
0.150307
0.543019
0.244883
0.661607
0.4482
0.807191
0.733554
0.965043
0.838311
0.656363
0.048859
0.491893
0.927574
0.417646
0.976524
0.549786
0.441383
0.116105
0.475272
0.578242
0.27631
0.672797
0.811649
0.211447
0.309453
0.403231
0.664649
0.847789
0.578112
0.499353
0.711056
0.325266
0.496182
0.986167
0.919837
0.365797
0.79402
0.472224
0.413359
0.306021
0.924884
0.441567
0.159823
0.248085
0.810513
0.349618
0.529154
0.268145
0.506913
0.279527
0.6764
0.496027
0.133405
0.187469
0.333851
0.666182
0.167038
0.0204038
0.636009
0.733439
0.87249
0.339172
0.529036
0.0990072
0.595564
0.0411213
0.806169
0.310998
0.245875
0.773536
0.259408
0.353796
0.34971
0.492049
0.460556
0.0426426
0.354426
0.083341
0.615696
0.970804
0.666959
0.181245
0.328869
0.949764
0.435749
0.308822
0.234826
0.127615
0.0308636
0.731055
0.807247
0.812798
0.203591
0.264859
0.426972
0.471557
0.144992
0.532764
0.432104
0.0661765
0.212547
0.437619
0.514956
0.671622
0.523462
0.0581958
0.844857
0.621409
0.459435
0.705821
0.764867
0.916233
0.396726
0.932869
0.137143
0.564404
0.641693
0.143786
0.417589
0.35084
0.0590099
0.833507
0.565714
0.346962
0.639627
0.977845
0.899301
0.529372
0.149051
0.743421
0.163314
0.0787047
0.873325
0.394667
0.294881
0.346161
0.658496
0.382461
0.74647
0.824534
0.206551
0.339504
0.61149
0.620024
0.702579
0.723967
0.233193
0.424027
0.0288889
0.694305
0.240483
0.519783
0.265412
0.419328
0.0332574
0.273029
0.0439248
0.290098
0.344139
0.350558
0.247466
0.671469
0.560774
0.744003
0.125208
0.0850257
0.649587
0.862781
0.195553
0.631798
0.643423
0.470563
0.373241
0.52881
0.325629
0.200902
0.0858553
0.740828
0.764814
0.582884
0.215717
0.636446
0.249057
0.87641
0.458274
0.590918
0.676028
0.154595
0.0397154
0.608326
0.0353915
0.729787
0.0656218
0.860252
0.949539
0.607995
0.428547
0.960969
0.714845
0.738676
0.00389282
0.650406
0.523298
0.623346
0.597428
0.0719807
0.877663
0.734542
0.0301061
0.155535
0.194883
0.20926
0.0811445
0.794833
0.493872
0.607752
0.451928
0.999415
0.375216
0.0150708
0.123349
0.363474
0.430793
0.411021
0.58853
0.797312
0.198478
0.70237
0.551124
0.183776
0.947569
0.913798
0.354863
0.532792
0.309439
0.241758
0.189929
0.298243
0.139304
0.615204
0.0117761
0.185351
0.311549
0.362145
0.0830232
0.312376
0.434253
0.990742
0.552117
0.702911
0.95873
0.0538029
0.925953
0.385541
0.815892
0.828055
0.558224
0.883936
0.710929
0.0126651
0.21067
0.51613
0.447539
0.899598
0.668912
0.0171364
0.248096
0.212229
0.595332
0.79028
0.820544
0.925179
0.0343237
0.222422
0.949363
0.40072
0.974827
0.515333
0.427969
0.794864
0.314729
0.344975
0.193809
0.245015
0.623531
0.223714
0.283973
0.352865
0.894601
0.975007
0.6263
0.0791544
0.61582
0.409825
0.365046
0.685582
0.0360318
0.698985
0.256512
0.76409
0.501313
0.552016
0.242546
0.812048
0.685777
0.0337892
0.42135
0.0266542
0.920825
0.473664
0.80686
0.942612
0.577957
0.6535
0.240579
0.819558
0.495492
0.411808
0.0519063
0.0517779
0.139693
0.489177
0.232606
0.730554
0.905505
0.288784
0.394493
0.403678
0.509645
0.0652384
0.231942
0.267726
0.596381
0.621717
0.946464
0.873749
0.719726
0.0317092
0.662009
0.959213
0.00968992
0.256712
0.538395
0.427766
0.76791
0.259849
0.56654
0.629472
0.63162
0.679016
0.11195
0.949443
0.925382
0.0893451
0.589944
0.950535
0.486778
0.027393
0.353914
0.750415
0.173928
0.348466
0.321612
0.415549
0.976074
0.1304
0.138215
0.551466
0.159756
0.614296
0.0812608
0.243183
0.166551
0.884194
0.473168
0.491479
0.477643
0.838328
0.321993
0.39536
0.787487
0.105982
0.219476
0.800626
0.464548
0.933451
0.364902
0.877058
0.271089
0.624147
0.850447
0.166918
0.984564
0.201526
0.153616
0.78578
0.197581
0.805554
0.969172
0.530321
0.927316
0.576468
0.129325
0.189606
0.463476
0.972496
0.178336
0.0561761
0.319646
0.565954
0.176406
0.836582
0.388291
0.226178
0.216644
0.369806
0.0656597
0.495583
0.87591
0.934508
0.80898
0.0706048
0.0317375
0.776714
0.382948
0.192498
0.0287466
0.78904
0.982808
0.92018
0.652806
0.147883
0.993022
0.591211
0.572538
0.949326
0.828395
0.076293
0.356992
0.417262
0.05175
0.902556
0.615715
0.684249
0.681143
0.0725957
0.692006
0.218597
0.670794
0.957394
0.349527
0.0986519
0.323234
0.415662
0.423276
0.0813453
0.683815
0.119931
0.0732684
0.997758
0.569876
0.687138
0.417261
0.810489
0.0514055
0.761155
0.480112
0.719347
0.152463
0.725471
0.85347
0.192651
0.976487
0.691169
0.700566
0.577039
0.035789
0.16975
0.97605
0.000969537
0.417103
0.169835
0.387664
0.294402
0.640454
0.0251311
0.85168
0.413803
0.236313
0.148402
0.352626
0.858393
0.713067
0.0988029
0.293865
0.417378
0.719089
0.240457
0.921823
0.58201
0.795858
0.157369
0.244599
0.530097
0.613876
0.578756
0.285489
0.839822
0.393762
0.470998
0.472685
0.266291
0.221712
0.185196
0.645745
0.926397
0.0210748
0.0366381
0.453908
0.149769
0.358517
0.76439
0.94609
0.786461
0.331193
0.212045
0.741586
0.792635
0.256408
0.927004
0.376643
0.976975
0.492014
0.744326
0.0168833
0.572349
0.647654
0.75723
0.699016
0.145099
0.865983
0.241167
0.326656
0.770178
0.390058
0.359464
0.721809
0.542391
0.887824
0.00982911
0.772417
0.676673
0.0453662
0.552456
0.982341
0.644384
0.804414
0.878509
0.107413
0.124951
0.812469
0.224925
0.852311
0.806018
0.650298
0.11655
0.329627
0.180107
0.144939
0.0248006
0.88473
0.0572496
0.47879
0.884496
0.426905
0.293164
0.247662
0.0249895
0.256544
0.629461
0.452612
0.771891
0.93625
0.120554
0.450059
0.791741
0.635989
0.602142
0.919489
0.920217
0.922689
0.415193
0.193639
0.877413
0.715832
0.170641
0.0571188
0.98029
0.363995
0.912798
0.0493369
0.16762
0.00325769
0.459599
0.0684077
0.717892
0.745865
0.967173
0.795344
0.73347
0.24426
0.543016
0.241857
0.458383
0.928065
0.83075
0.138866
0.872778
0.0850321
0.380747
0.463463
0.750478
0.0353685
0.931788
0.155478
0.869866
0.234927
0.742498
0.975476
0.631328
0.258008
0.267164
0.947476
0.661753
0.495195
0.864289
0.32386
0.689495
0.0146891
0.109807
0.387873
0.069241
0.554806
0.568634
0.520261
0.749383
0.937105
0.622381
0.119396
0.534609
0.429256
0.878521
0.465797
0.440108
0.578221
0.673919
0.218109
0.403336
0.830406
0.766622
0.642947
0.163776
0.627479
0.173659
0.108992
0.695455
0.604973
0.604971
0.978311
0.0425576
0.734422
0.566454
0.436053
0.0328835
0.666412
0.116696
0.613007
0.300944
0.798098
0.776662
0.642288
0.922223
0.569562
0.180193
0.0889295
0.22897
0.772969
0.84253
0.00502335
0.938287
0.0394943
0.697481
0.168105
0.374195
0.672887
0.75066
0.799937
0.51176
0.365658
0.912302
0.148847
0.924639
0.523106
0.560199
0.132248
0.995142
0.609482
0.0498435
0.126402
0.371864
0.516101
0.799014
0.776347
0.4643
0.0482418
0.948801
0.167277
0.482819
0.570362
0.319153
0.105324
0.308675
0.19008
0.467832
0.825389
0.361018
0.872184
0.316493
0.869637
0.0713823
0.0446942
0.872261
0.824701
0.942106
0.798828
0.0495514
0.199346
0.221154
0.121314
0.143244
0.0669613
0.645772
0.877274
0.935001
0.757117
0.57127
0.850186
0.20042
0.394676
0.095463
0.126191
0.152535
0.459407
0.906333
0.78591
0.390397
0.748393
0.819289
0.259548
0.659268
0.610981
0.0359373
0.0505786
0.26727
0.503906
0.659952
0.798698
0.593983
0.663155
0.964997
0.011764
0.677668
0.858921
0.248515
0.145604
0.444067
0.10889
0.153688
0.165028
0.461683
0.160256
0.336239
0.113242
0.0530868
0.268081
0.93567
0.602723
0.692346
0.0216081
0.0307152
0.29006
0.564527
0.894149
0.0714639
0.300477
0.30014
0.978394
0.0469282
0.933769
0.727285
0.648247
0.134541
0.739842
0.165383
0.260193
0.960875
0.845552
0.631094
0.54015
0.960913
0.110228
0.310135
0.0327584
0.142796
0.869177
0.895142
0.425121
0.738684
0.495314
0.682593
0.170592
0.549031
0.290334
0.600709
0.573777
0.472267
0.0487757
0.20081
0.267526
0.86598
0.479898
0.838725
0.197225
0.526619
0.201254
0.208855
0.17676
0.626583
0.630648
0.635768
0.612461
0.740109
0.415096
0.297382
0.893282
0.859192
0.380366
0.227028
0.473265
0.190289
0.915538
0.551908
0.0505832
0.580671
0.495073
0.162418
0.169562
0.105071
0.176572
0.715923
0.700063
0.0100071
0.604535
0.562032
0.113443
0.632507
0.726869
0.492265
0.375502
0.755653
0.238019
0.979761
0.182786
0.215552
0.0657475
0.255066
0.716476
0.419308
0.10165
0.788944
0.0836419
0.163945
0.14126
0.805841
0.133546
0.0607655
0.669568
0.771517
0.820299
0.673484
0.942099
0.481189
0.144573
0.782927
0.729457
0.672181
0.827151
0.013716
0.292137
0.905837
0.0954654
0.323027
0.528852
0.871723
0.619248
0.888251
0.911002
0.983642
0.000165401
0.975569
0.612035
0.0386658
0.0586439
0.0676176
0.216227
0.330452
0.193658
0.424434
0.318134
0.63602
0.511363
0.302776
0.192095
0.276583
0.388278
0.126056
0.229439
0.489996
0.285082
0.248102
0.937435
0.802981
0.557565
0.762533
0.614806
0.270088
0.790327
0.655884
0.229214
0.323978
0.843415
0.97298
0.106341
0.685046
0.85823
0.450032
0.600891
0.0908632
0.391235
0.0734047
0.478478
0.466808
0.57562
0.444968
0.0341003
0.16434
0.664336
0.789801
0.46686
0.794565
0.863481
0.446282
0.399354
0.390245
0.372731
0.156154
0.0703433
0.703689
0.827493
0.253042
0.256048
0.611754
0.673029
0.668475
0.722767
0.229339
0.64967
0.677254
0.534164
0.462615
0.755087
0.537938
0.102015
0.552149
0.467787
0.104237
0.969702
0.509768
0.32756
0.450661
0.162246
0.243467
0.304564
0.338364
0.952925
0.25008
0.848482
0.618613
0.231016
0.85019
0.661277
0.511793
0.67318
0.51469
0.618495
0.0955755
0.70641
0.514333
0.880726
0.679569
0.106109
0.19584
0.0633242
0.334065
0.0201129
0.0900402
0.812214
0.382631
0.488706
0.884878
0.678578
0.77355
0.100752
0.300812
0.67642
0.93099
0.464775
0.996424
0.193947
0.877265
0.577679
0.872329
0.330782
0.442546
0.0579515
0.252569
0.535354
0.474366
0.408716
0.281298
0.376271
0.768693
0.0415714
0.0122507
0.122584
0.516141
0.496276
0.77835
0.724119
0.346095
0.124258
0.854815
0.936425
0.41942
0.174586
0.673092
0.356345
0.734698
0.657234
0.0630846
0.62332
0.0473053
0.206643
0.511974
0.0666307
0.135242
0.293948
0.200088
0.67702
0.0667798
0.122866
0.734739
0.958346
0.525274
0.194747
0.834931
0.445711
0.924709
0.364271
0.662785
0.404249
0.210814
0.96889
0.647116
0.359579
0.998207
0.761358
0.252846
0.0376218
0.561581
0.583366
0.624951
0.357748
0.602291
0.385768
0.941987
0.147347
0.480847
0.942522
0.872513
0.0150269
0.477193
0.755102
0.114973
0.589653
0.756723
0.754686
0.650951
0.327865
0.129672
0.752184
0.24266
0.00698577
0.849863
0.651513
0.703767
0.51543
0.967084
0.438383
0.570137
0.759728
0.893276
0.312944
0.652005
0.525666
0.539971
0.196492
0.375908
0.529181
0.713162
0.57525
0.294145
0.207721
0.398342
0.331991
0.278507
0.0404834
0.52535
0.161739
0.00678623
0.32107
0.0687875
0.392418
0.834487
0.781885
0.620173
0.775343
0.116081
0.698185
0.474027
0.0329063
0.751842
0.96199
0.819254
0.829365
0.0961509
0.961558
0.743434
0.261795
0.435447
0.249363
0.770944
0.0673288
0.749605
0.217385
0.802539
0.343624
0.286238
0.0790918
0.246813
0.734935
0.136555
0.1072
0.381464
0.517633
0.193375
0.488655
0.509812
0.816767
0.942386
0.49522
0.146697
0.00827531
0.988754
0.560665
0.545424
0.137494
0.210857
0.903168
0.537565
0.560105
0.275787
0.602807
0.480342
0.851911
0.91793
0.575805
0.578215
0.922758
0.999459
0.185498
0.85888
0.0102976
0.723065
0.769402
0.437879
0.342611
0.392237
0.0855708
0.60557
0.485145
0.408526
0.501855
0.82663
0.186048
0.510495
0.049472
0.473057
0.582454
0.00360803
0.587137
0.440812
0.325138
0.468703
0.0922403
0.55764
0.135374
0.389474
0.298267
0.611761
0.859887
0.68368
0.788734
0.0605042
0.790105
0.291671
0.461957
0.0633997
0.132072
0.958817
0.691331
0.880868
0.543549
0.991174
0.184579
0.24874
0.804034
0.0682465
0.623549
0.848012
0.379349
0.821174
0.743085
0.112275
0.031678
0.643494
0.151777
0.432322
0.0735282
0.565632
0.446001
0.314696
0.454259
0.62026
0.0275204
0.621211
0.903079
0.23695
0.478579
0.958329
0.854417
0.270528
0.820342
0.303966
0.0904409
0.383953
0.892705
0.66614
0.91028
0.925285
0.326857
0.98028
0.353928
0.0676856
0.986129
0.494095
0.467293
0.885722
0.643926
0.890435
0.908765
0.941369
0.337055
0.596132
0.200823
0.725858
0.0343907
0.7608
0.675516
0.482186
0.719149
0.812949
0.421419
0.207098
0.891453
0.266499
0.302286
0.346382
0.0184696
0.420267
0.0929879
0.355337
0.223015
0.0338439
0.894178
0.0555273
0.107834
0.149164
0.889988
0.893771
0.13004
0.538283
0.0681377
0.770568
0.405608
0.280567
0.313121
0.179684
0.743243
0.599351
0.113359
0.771664
0.554891
0.117893
0.513839
0.0610317
0.0101167
0.332309
0.637106
0.43562
0.305559
0.456327
0.54637
0.648742
0.589574
0.386842
0.112869
0.98904
0.26561
0.794146
0.271798
0.893211
0.914199
0.0864134
0.222385
0.11418
0.709725
0.970979
0.0821118
0.0585751
0.220337
0.677556
0.795194
0.595784
0.091981
0.669814
0.992991
0.705886
0.0239932
0.306605
0.498972
0.621031
0.306086
0.784047
0.472446
0.626429
0.135732
0.562053
0.221021
0.0810379
0.0705354
0.0278075
0.628313
0.308982
0.860529
0.453935
0.305889
0.271202
0.0875411
0.357237
0.0709331
0.979877
0.518722
0.547354
0.476203
0.748983
0.833596
0.772377
0.898235
0.0223541
0.851992
0.625426
0.363425
0.781562
0.985993
0.883745
0.818773
0.66171
0.243485
0.727685
0.11232
0.802137
0.573631
0.254664
0.434149
0.195383
0.983966
0.693135
0.497569
0.592451
0.961892
0.969827
0.145604
0.752141
0.0561077
0.432876
0.403039
0.520466
0.740398
0.132562
0.0304184
0.582169
0.0867491
0.0654137
0.363846
0.0859252
0.478899
0.0577069
0.352117
0.209877
0.232208
0.768486
0.158463
0.262894
0.15056
0.803937
0.124349
0.423879
0.81445
0.734413
0.162717
0.677162
0.793377
0.378882
0.341663
0.0336288
0.51617
0.961714
0.339642
0.517756
0.689462
0.452276
0.121242
0.589808
0.870542
0.773912
0.338756
0.255605
0.988383
0.726878
0.0680565
0.845618
0.646686
0.92716
0.215449
0.728765
0.28477
0.243824
0.681727
0.628719
0.534561
0.951528
0.755769
0.952396
0.181859
0.838536
0.566742
0.998638
0.273293
0.966493
0.304
0.123056
0.331632
0.715276
0.588573
0.0820236
0.0446445
0.619363
0.340057
0.710667
0.838702
0.67287
0.936532
0.808246
0.568576
0.0160985
0.840803
0.267866
0.249076
0.89108
0.310141
0.910366
0.890588
0.547161
0.684011
0.635254
0.616404
0.376581
0.139083
0.0116313
0.340754
0.356757
0.0158366
0.582416
0.34732
0.169415
0.877693
0.385175
0.572115
0.862025
0.60221
0.598384
0.673951
0.225275
0.983322
0.054737
0.951304
0.199423
0.721732
0.531555
0.685675
0.515915
0.193718
0.29674
0.87704
0.758779
0.13223
0.0779144
0.87366
0.329444
0.161984
0.309186
0.842338
0.0611693
0.0552461
0.727725
0.100745
0.00418732
0.388485
0.83038
0.234025
0.145
0.972344
0.704674
0.805657
0.394296
0.707467
0.820583
0.978402
0.345344
0.31423
0.667822
0.0845987
0.2422
0.341998
0.96227
0.194595
0.884827
0.848291
0.495475
0.0646672
0.322466
0.73419
0.689749
0.00739514
0.0400264
0.732257
0.3315
0.692603
0.723594
0.988548
0.726474
0.599127
0.805572
0.801317
0.248353
0.708813
0.948692
0.834626
0.688455
0.445288
0.948824
0.693114
0.367492
0.160611
0.642985
0.521035
0.204767
0.481478
0.13122
0.889663
0.0766088
0.330111
0.695508
0.99622
0.211211
0.689336
0.368081
0.66734
0.0945031
0.411181
0.214319
0.112268
0.590786
0.266954
0.506864
0.295699
0.558195
0.666346
0.439025
0.406366
0.164681
0.164473
0.624564
0.612994
0.0432433
0.128532
0.0313367
0.270417
0.180099
0.318292
0.278153
0.330876
0.477034
0.184014
0.373854
0.0126281
0.896285
0.407562
0.387679
0.0828495
0.26616
0.581902
0.50922
0.445806
0.637724
0.384363
0.1898
0.330702
0.632808
0.562026
0.166235
0.205402
0.763536
0.394213
0.170293
0.78019
0.141434
0.87701
0.946478
0.00623913
0.394688
0.00626745
0.167224
0.931915
0.695797
0.505855
0.184442
0.490203
0.445706
0.912831
0.932211
0.805406
0.897796
0.815311
0.246128
0.19804
0.525173
0.435512
0.345384
0.724045
0.583324
0.821812
0.095514
0.51676
0.599344
0.290598
0.200378
0.335575
0.586742
0.0407209
0.835249
0.210004
0.955813
0.118966
0.00886614
0.767556
0.334365
0.181142
0.617392
0.33211
0.959241
0.276069
0.619872
0.979211
0.728684
0.653504
0.821958
0.957434
0.35871
0.305273
0.60729
0.970754
0.958896
0.503633
0.7155
0.224885
0.486389
0.383073
0.349738
0.54837
0.359624
0.971015
0.928876
0.703463
0.579727
0.827412
0.510094
0.817638
0.238532
0.390408
0.0328594
0.0279625
0.664502
0.500608
0.217739
0.490305
0.704901
0.614979
0.242142
0.134846
0.953623
0.616091
0.664765
0.438905
0.955016
0.53561
0.84278
0.246688
0.54665
0.0734053
0.0480783
0.720858
0.206574
0.604993
0.315053
0.00939802
0.357589
0.998665
0.822566
0.518268
0.52314
0.546649
0.313195
0.879839
0.653589
0.657872
0.0761565
0.10176
0.131006
0.637944
0.665363
0.992283
0.354751
0.338266
0.495844
0.0262993
0.504635
0.102711
0.371709
0.300527
0.325332
0.158079
0.864431
0.304055
0.483209
0.233027
0.205339
0.798333
0.279205
0.0678276
0.310952
0.273969
0.979612
0.881206
0.960415
0.0642302
0.627529
0.546494
0.633435
0.299807
0.45452
0.922048
0.643606
0.257578
0.614133
0.673691
0.920879
0.278077
0.252105
0.181852
0.969539
0.0111254
0.414223
0.374138
0.422015
0.224302
0.130156
0.16471
0.397863
0.421191
0.514584
0.683495
0.14162
0.930763
0.86629
0.678075
0.63899
0.529931
0.648536
0.874869
0.990865
0.850909
0.683226
0.168554
0.0575247
0.325017
0.826465
0.21301
0.476377
0.965273
0.409927
0.225421
0.716859
0.350428
0.582857
0.968456
0.883399
0.420807
0.781755
0.293254
0.935347
0.527887
0.453307
0.126636
0.691631
0.210192
0.0816003
0.156656
0.163942
0.731862
0.900083
0.967153
0.558042
0.0697601
0.435278
0.218951
0.747116
0.0418977
0.42238
0.366222
0.609157
0.124302
0.498316
0.993255
0.69335
0.414398
0.417492
0.290451
0.00598916
0.594116
0.00757922
0.558313
0.958435
0.771851
0.501704
0.502917
0.778049
0.104278
0.720016
0.00295027
0.934255
0.200836
0.454786
0.992691
0.768504
0.798235
0.622124
0.0920029
0.837708
0.0810278
0.719531
0.0667256
0.190809
0.557391
0.967575
0.533047
0.508854
0.535749
0.467898
0.408237
0.767816
0.165523
0.68676
0.307255
0.754341
0.600501
0.63785
0.708462
0.707564
0.231417
0.0108416
0.549177
0.811597
0.949258
0.0500952
0.718886
0.865678
0.0952631
0.764239
0.419233
0.761263
0.899159
0.73149
0.748793
0.352479
0.793938
0.703284
0.309188
0.779751
0.73261
0.901961
0.748209
0.563645
0.447425
0.515129
0.554866
0.000803165
0.131642
0.724368
0.169047
0.146424
0.153213
0.639807
0.601845
0.444358
0.712761
0.871809
0.787505
0.759145
0.637652
0.939675
0.278849
0.972992
0.281361
0.23446
0.598487
0.639954
0.512821
0.414299
0.480052
0.550652
0.493139
0.668096
0.758066
0.971393
0.024603
0.645172
0.14149
0.205359
0.11581
0.579046
0.352734
0.810679
0.65225
0.453474
0.91825
0.0369964
0.027786
0.345391
0.514424
0.951216
0.831839
0.365418
0.428101
0.363277
0.47133
0.0917984
0.0780151
0.489066
0.425632
0.903567
0.323716
0.661403
0.896061
0.165473
0.59328
0.0888581
0.346449
0.458797
0.78961
0.339922
0.984548
0.803271
0.0559463
0.976749
0.970798
0.546455
0.331414
0.5647
0.145091
0.935105
0.212806
0.533814
0.636586
0.611565
0.934084
0.364913
0.887638
0.836356
0.723517
0.0214098
0.620856
0.22175
0.812118
0.0594024
0.0671559
0.422061
0.826989
0.440767
0.530125
0.472906
0.0588636
0.670683
0.984627
0.368268
0.462975
0.812285
0.0104629
0.731446
0.523464
0.433359
0.779204
0.950961
0.0397248
0.255681
0.0966071
0.448302
0.20297
0.75566
0.425915
0.510621
0.216296
0.160367
0.36899
0.703664
0.333651
0.0572294
0.971672
0.780476
0.183338
0.456127
0.374668
0.377796
0.199501
0.78331
0.398195
0.959155
0.978925
0.52736
0.492766
0.392071
0.447443
0.584854
0.69381
0.363472
0.366217
0.659883
0.587141
0.325708
0.407683
0.156103
0.346974
0.764685
0.727481
0.0674509
0.388586
0.887528
0.564196
0.535587
0.542688
0.0916456
0.294253
0.515896
0.586017
0.208355
0.904275
0.803475
0.84887
0.0768158
0.836103
0.345964
0.0806678
0.718535
0.397564
0.0476486
0.123079
0.626225
0.670775
0.29164
0.769452
0.48636
0.31401
0.222833
0.750873
0.212014
0.536136
0.898954
0.573251
0.317028
0.486595
0.0915562
0.145405
0.416288
0.479654
0.570963
0.212998
0.648082
0.958767
0.812684
0.69377
0.897572
0.473836
0.29781
0.461025
0.326099
0.727897
0.932706
0.0289261
0.506267
0.956283
0.976459
0.257275
0.710759
0.505148
0.536931
0.636906
0.0430388
0.92079
0.882918
0.179568
0.226194
0.558555
0.132162
0.377376
0.234201
0.551104
0.330444
0.294228
0.465911
0.790161
0.45942
0.501478
0.890683
0.69173
0.830461
0.387988
0.256358
0.219497
0.87471
0.194213
0.922297
0.690381
0.168589
0.994197
0.695563
0.00469141
0.187774
0.549545
0.896547
0.324427
0.716408
0.47596
0.107085
0.0289925
0.913254
0.204683
0.161363
0.638897
0.0202832
0.715964
0.0858597
