0	33.1962	39.8487	3.1773
1	31.9408	38.8484	3.29256
2	31.5273	38.1317	3.39889
3	31.5273	37.2313	3.41817
4	30.8053	36.6474	3.44313
5	31.1774	36.0326	3.32158
6	31.1859	35.3722	3.44474
7	30.4932	34.806	3.26103
8	30.5237	34.144	3.36772
9	28.2624	33.5874	3.19217
10	28.2624	33.1654	3.12325
11	29.2137	32.8507	3.03953
12	27.8614	32.3676	3.04772
13	27.4198	31.9805	3.03548
14	27.4198	31.5018	2.71833
15	26.4291	31.0112	2.77799
16	26.6185	30.733	2.65209
17	26.0484	30.4281	2.83975
18	26.0484	30.0463	2.80737
19	25.704	29.8417	2.81093
20	25.6747	29.5041	2.72268
21	25.6747	29.3296	2.77195
22	23.3253	29.0124	3.03725
23	25.6747	28.8401	2.92007
24	25.5242	28.6463	2.8398
25	24.7565	28.3615	2.94376
26	24.8143	28.0915	2.66374
27	23.8269	27.8049	2.50943
28	23.8269	27.5237	2.47131
29	23.9418	27.2162	2.33251
30	24.0958	27.1104	2.34259
31	24.1276	26.988	2.46638
32	22.9805	26.6771	2.57672
33	23.6081	26.5497	2.56481
34	23.6081	26.2745	2.61273
35	23.6081	26.1122	2.46927
36	23.2119	25.8506	2.41198
37	23.0335	25.6207	2.46355
38	23.2414	25.4727	2.43155
39	23.2637	25.1488	2.76774
40	23.5287	24.925	2.87588
41	23.5287	24.7954	2.83736
42	22.0887	24.5903	2.61208
43	21.525	24.4101	2.67156
44	21.2256	24.1335	2.57106
45	21.2031	24.0112	2.48702
46	21.5114	23.791	2.52616
47	20.9556	23.6186	2.42219
48	20.9419	23.4385	2.57508
49	19.8101	23.2533	2.58564
50	20.6338	23.1022	2.72483
51	20.9419	22.9777	2.35428
52	19.6292	22.7094	2.14562
53	20.3005	22.6156	2.03513
54	20.1265	22.5745	2.08108
55	19.8819	22.5101	2.06332
56	18.9346	22.2689	2.16555
57	19.0144	22.0357	2.12414
58	19.0144	21.7834	2.15555
59	19.0144	21.5867	2.20515
60	19.2783	21.4052	2.28795
61	19.3832	21.2246	2.27116
62	19.3856	21.217	2.31568
63	19.3856	21.232	2.18178
64	19.5541	21.1656	2.17784
65	19.4033	21.0887	2.27018
66	17.1328	20.9559	2.32342
67	19.4033	20.9708	2.36278
68	19.3856	21.0079	2.42327
69	19.5281	20.9874	2.42218
70	19.1427	20.8159	2.29549
71	19.1427	20.6949	2.45813
72	19.3288	20.5531	2.55002
73	19.4626	20.6063	2.49855
74	18.2025	20.4911	2.50566
75	18.3995	20.4483	2.56612
76	18.5481	20.363	2.51748
77	19.1708	20.2768	2.22336
78	19.1708	20.2458	2.18826
79	19.1852	20.2514	2.24343
80	19.1852	20.1447	2.32536
81	17.7171	20.0267	2.3695
82	19.1852	19.9706	2.23479
83	18.3194	19.9195	2.23427
84	18.5561	19.8038	2.30461
85	18.5561	19.7912	2.31434
86	17.9668	19.6536	2.29587
87	17.6168	19.5202	2.06587
88	17.9806	19.4526	2.16432
89	17.1039	19.3847	2.2914
90	17.1304	19.3572	2.33783
91	17.4115	19.2031	2.24879
92	17.1304	19.1813	2.26025
93	16.9977	19.0554	2.18757
94	17.1304	18.9717	2.24505
95	17.1304	18.8811	2.25485
96	17.1304	18.7963	2.24642
97	16.9695	18.5999	2.06619
98	16.185	18.5163	2.09775
99	17.1304	18.4679	2.22385
100	17.1304	18.4389	2.08511
101	16.0477	18.3205	2.21068
102	16.6237	18.2493	2.09672
103	16.6237	18.1221	2.14637
104	16.6237	18.0474	2.22493
105	15.7864	17.8933	2.08933
106	16.5777	17.7921	2.37138
107	15.7864	17.6185	2.31805
108	15.8618	17.6047	2.29729
109	16.1048	17.5919	2.25357
110	15.7864	17.4752	2.38516
111	15.7864	17.3021	2.32893
112	15.4744	17.2026	2.37224
113	14.706	16.9998	2.49395
114	14.7036	16.9162	2.50189
115	14.7036	16.6621	2.26862
116	14.7036	16.5211	2.23711
117	14.7036	16.3039	2.0905
118	14.8067	16.1609	1.86104
119	14.706	16.0274	2.05931
120	14.2566	15.9259	2.08564
121	14.2011	15.8536	2.00307
122	14.2011	15.6899	2.10811
123	14.2566	15.6436	2.14171
124	13.8995	15.5453	2.14373
125	13.379	15.3952	2.16943
126	13.3814	15.2259	2.16327
127	12.6836	15.0221	2.35487
128	12.6836	14.6844	2.29473
129	12.6836	14.5397	2.31984
130	12.6836	14.3447	2.69882
131	12.6836	14.2469	2.71509
132	12.6836	14.161	2.63039
133	12.6836	14.141	2.65525
134	12.6836	14.0929	2.4272
135	12.5499	14.0329	2.41106
136	12.6836	13.8714	2.42298
137	12.3024	13.786	2.34649
138	12.3024	13.668	2.47906
139	12.3024	13.6115	2.25856
140	12.5499	13.5873	2.28465
141	12.3	13.4594	2.59366
142	12.5475	13.3999	2.46061
143	12.5475	13.3323	2.64863
144	12.3024	13.2669	2.51186
145	12.5475	13.2107	2.40104
146	12.3	13.1149	2.2722
147	12.3	13.0745	2.42386
148	12.241	13.0059	2.3135
149	12.3	12.981	2.3695
150	12.3	12.9528	2.23356
151	12.3024	12.8852	1.94498
152	12.1602	12.8758	2.09723
153	12.1582	12.8535	2.27467
154	12.2358	12.8019	2.34314
155	12.2043	12.7396	2.38552
156	12.2158	12.6867	2.41061
157	12.2358	12.6361	2.32805
158	12.2337	12.5946	2.61522
159	12.2182	12.5412	2.57766
160	12.2313	12.4944	2.46353
161	12.0961	12.4755	2.44522
162	12.0961	12.4236	2.24035
163	12.0961	12.3819	2.30661
164	12.0961	12.3209	2.1796
165	12.0961	12.2683	1.96119
166	11.9404	12.2511	2.04041
167	11.9382	12.2433	1.87409
168	11.6355	12.22	1.58889
169	11.4732	12.1862	1.80409
170	11.4732	12.1671	1.79939
171	11.5738	12.1613	1.83737
172	11.5738	12.1372	1.79238
173	11.5738	12.0956	1.79271
174	11.5738	12.0551	1.7971
175	11.5714	12.0238	1.90193
176	11.5714	11.9594	1.90466
177	11.41	11.9073	2.01199
178	10.7863	11.8563	2.07592
179	10.7863	11.7624	2.02501
180	10.7839	11.6645	1.97847
181	10.9847	11.5725	1.85944
182	10.9847	11.4976	1.62309
183	10.9847	11.4643	1.72534
184	10.9847	11.3601	1.74349
185	10.9847	11.2896	1.88322
186	10.9847	11.2156	2.07183
187	10.9757	11.1537	2.24303
188	10.9733	11.1087	1.94711
189	10.9733	11.051	2.10245
190	10.9733	11.0432	1.99066
191	10.9733	11.0372	1.90787
192	10.9733	11.0358	1.78087
193	10.9733	11.0345	1.9878
194	10.929	11.0323	2.07816
195	10.2704	11.0254	2.11406
196	10.2704	11.0113	2.09807
197	10.2704	11.0091	1.98395
198	10.2704	11.0072	1.89221
199	10.2529	10.9849	1.91972
200	10.2529	10.9281	2.00816
201	10.2529	10.83	1.77179
202	10.0054	10.7574	1.79338
203	10.2529	10.6778	1.69612
204	10.2529	10.6423	1.91531
205	10.2529	10.5278	1.96028
206	10.2529	10.3942	2.03212
207	9.9879	10.3269	2.15508
208	9.9879	10.3153	2.23555
209	9.9879	10.2947	2.06618
210	9.9879	10.2798	2.02046
211	9.9879	10.2614	2.02925
212	9.80209	10.2351	1.90537
213	9.80209	10.2038	1.74562
214	9.80209	10.165	1.82658
215	9.80209	10.1184	1.92232
216	9.79419	10.0718	1.97
217	9.80209	10.0418	1.99799
218	9.80209	10.031	1.90321
219	9.77669	10.0173	1.81283
220	9.77669	10.0089	1.89651
221	9.77669	9.99536	1.99118
222	9.77669	9.97429	2.03122
223	9.77669	9.94552	1.95447
224	9.77669	9.90899	2.0035
225	9.77669	9.88594	2.25425
226	9.77669	9.83812	1.94135
227	9.77669	9.83409	1.96855
228	9.77669	9.82934	1.90714
229	9.77669	9.82557	2.07365
230	9.77669	9.82557	2.13112
231	9.77669	9.82557	1.77113
232	9.77669	9.82557	1.93499
233	9.77669	9.82557	1.86046
234	9.77669	9.82557	1.96355
235	9.77669	9.82557	1.80929
236	9.77669	9.82557	2.00362
237	9.77669	9.82557	2.01503
238	9.77669	9.82557	1.97064
239	9.13882	9.82238	1.85952
240	9.13882	9.81783	1.86269
241	9.13882	9.80325	1.56256
242	9.13882	9.75222	1.52285
243	9.13882	9.69481	1.69306
244	9.13882	9.66929	1.7704
245	9.13882	9.58318	1.70313
246	9.13882	9.46014	1.77147
247	9.13882	9.36866	1.91635
248	9.13882	9.25037	2.01935
249	9.13882	9.18451	2.1867
250	9.13882	9.18451	2.19437
251	9.13882	9.18451	1.98948
252	9.13882	9.18451	1.92886
253	9.13882	9.18451	2.03757
254	9.13882	9.18451	1.66552
255	9.03947	9.18302	1.63603
256	9.03947	9.17968	1.64394
257	9.03947	9.17688	1.58099
258	8.41094	9.15596	1.63869
259	8.41094	9.14938	1.87123
260	8.41094	9.14484	2.01651
261	9.03947	9.14553	2.25842
262	9.03947	9.12992	1.90611
263	9.03947	9.11802	2.00043
264	9.03947	9.09706	1.94149
265	9.03947	9.08673	2.08203
266	9.03947	9.08575	2.16087
267	9.03947	9.08552	2.1643
268	9.03947	9.08521	2.48847
269	8.80613	9.07959	2.40682
270	8.84031	9.08273	2.02038
271	8.80626	9.0801	2.02527
272	8.80626	9.07891	1.93598
273	8.80613	9.07034	2.0855
274	8.80613	9.06576	2.06649
275	8.80613	9.06371	2.15304
276	8.80613	9.04816	1.89834
277	8.80613	9.02922	1.88243
278	8.80613	9.00336	1.75782
279	8.80613	8.97895	1.96008
280	8.80613	8.96132	2.08389
281	8.80613	8.94005	2.17641
282	8.80613	8.91904	2.18435
283	8.80613	8.88784	2.05845
284	8.80613	8.87043	1.95186
285	8.80613	8.85348	2.05777
286	8.80613	8.85017	1.98683
287	8.80613	8.85017	1.80676
288	8.80613	8.85017	1.70638
289	8.80613	8.85017	1.82585
290	8.80613	8.85017	1.80907
291	8.80613	8.85017	1.97433
292	8.80613	8.85017	1.9069
293	8.80613	8.85017	2.01763
294	8.80613	8.85017	1.84245
295	8.80613	8.85017	1.90213
296	8.80613	8.85017	2.02566
297	8.80613	8.85017	2.1247
298	8.80613	8.85017	2.11796
299	8.80613	8.85017	2.06267
300	8.55873	8.84268	2.02503
301	8.55873	8.83526	1.98154
302	8.55873	8.82914	2.29645
303	8.55873	8.818	2.10246
304	8.55873	8.82048	2.26175
305	8.55873	8.80935	2.23858
306	8.55873	8.78955	2.25323
307	8.55873	8.77471	2.15519
308	8.55873	8.75739	2.15425
309	8.55873	8.7202	1.99587
310	8.55873	8.67929	2.06751
311	8.55873	8.64839	2.02247
312	8.53937	8.60106	2.01978
313	8.53937	8.60009	2.21559
314	8.53937	8.59945	2.11667
315	8.40728	8.59653	2.14309
316	8.40728	8.59341	2.12024
317	8.40728	8.59293	2.09312
318	8.40728	8.58781	2.03747
319	8.38982	8.58067	1.99424
320	7.68017	8.55892	1.78489
321	7.68017	8.54233	1.78325
322	7.68017	8.53809	1.95631
323	7.68017	8.51803	2.06466
324	7.99968	8.52869	1.77272
325	8.05569	8.50332	1.9222
326	8.05569	8.48412	1.88987
327	8.05569	8.4553	1.77905
328	7.68017	8.4221	1.82325
329	7.68017	8.4045	1.80487
330	7.68017	8.38054	1.91043
331	7.68017	8.35228	1.90305
332	7.68017	8.2832	1.9996
333	7.68017	8.22943	1.92869
334	7.68017	8.19317	1.93952
335	7.68017	8.11812	2.19384
336	7.66943	8.02773	2.03716
337	7.66943	7.9427	2.3386
338	7.66943	7.89186	2.26871
339	7.66943	7.82202	2.01165
340	7.66943	7.75302	2.24935
341	7.38855	7.70914	2.07894
342	7.38855	7.70099	2.03091
343	7.38855	7.68301	2.17865
344	7.38855	7.67038	2.27726
345	7.37781	7.664	2.73893
346	7.37781	7.63798	2.72511
347	7.37781	7.58496	2.88964
348	7.37781	7.56605	3.0926
349	7.37781	7.53419	2.72373
350	7.37781	7.50085	2.68891
351	7.37781	7.46368	3.07383
352	7.37781	7.43002	3.29513
353	7.37781	7.41905	3.2474
354	7.37781	7.41846	2.71441
355	7.37781	7.41631	2.13063
356	7.37781	7.4147	1.96236
357	7.37781	7.4147	1.84938
358	7.37781	7.4147	2.12959
359	7.37781	7.4147	2.02188
360	7.37781	7.4147	1.69371
361	7.37781	7.4147	1.73855
362	7.37781	7.4147	1.91464
363	7.37781	7.4147	1.8801
364	7.37781	7.4147	1.9148
365	7.37781	7.4147	2.05067
366	7.37781	7.4147	2.00217
367	7.37781	7.4147	2.06846
368	7.37781	7.4147	1.8229
369	7.37781	7.4147	1.9049
370	7.37781	7.4147	1.97387
371	7.37781	7.4147	2.01451
372	7.37781	7.4147	2.03252
373	7.37781	7.4147	2.07334
374	7.37781	7.4147	2.00408
375	7.36532	7.41445	2.11795
376	7.36532	7.41443	2.02751
377	7.36532	7.41457	1.99243
378	7.36532	7.41432	1.87154
379	7.36532	7.41388	1.99539
380	7.36532	7.41335	1.90326
381	7.36532	7.4129	1.87179
382	7.36532	7.41221	1.9737
383	7.36532	7.41099	1.71687
384	7.36532	7.40922	1.55458
385	7.36532	7.40752	1.78074
386	7.36532	7.40581	1.67065
387	7.36532	7.40372	1.61546
388	7.36532	7.40215	1.9746
389	7.36532	7.40215	1.8969
390	7.36532	7.40215	1.94929
391	7.36532	7.40215	1.95824
392	7.36532	7.40215	2.05177
393	7.3317	7.40164	2.08597
394	7.3317	7.40147	1.9582
395	7.3317	7.4003	1.93124
396	7.3317	7.39996	2.10454
397	7.3317	7.39878	1.94137
398	7.3317	7.3966	2.10323
399	7.3317	7.39223	2.05668
400	7.3317	7.38618	2.13184
401	7.3317	7.38096	2.23426
402	7.3317	7.37676	2.40593
403	7.3317	7.37138	2.16208
404	7.3317	7.36836	2.1475
405	7.3317	7.36836	2.35987
406	7.3317	7.36836	2.15395
407	7.3317	7.36836	2.11872
408	7.3317	7.36836	2.10615
409	7.3317	7.36836	2.42974
410	7.3317	7.36836	3.36982
411	7.3317	7.36836	3.3374
412	7.3317	7.36836	2.5517
413	7.3317	7.36836	2.54821
414	7.3317	7.36836	2.29076
415	7.3317	7.36836	2.94899
416	7.3317	7.36836	2.76563
417	7.3317	7.36836	2.72164
418	7.3317	7.36836	2.70761
419	7.3317	7.36836	2.38785
420	7.3317	7.36836	2.33314
421	7.3317	7.36836	2.43823
422	7.3317	7.36836	1.99146
423	7.3317	7.36836	1.98336
424	7.3317	7.36836	2.11372
425	7.3317	7.36836	2.23025
426	7.3317	7.36836	2.0212
427	7.3317	7.36836	1.95719
428	7.3317	7.36836	2.21931
429	7.3317	7.36836	2.07395
430	7.28655	7.36791	2.30117
431	7.28655	7.36813	2.09193
432	7.28655	7.367	2.08303
433	7.26487	7.36396	2.11633
434	7.28655	7.36158	1.93401
435	7.23145	7.35873	2.22706
436	7.23145	7.3519	2.13228
437	7.23145	7.34403	2.10329
438	7.23145	7.33392	2.05749
439	7.23145	7.32659	1.79535
440	7.23145	7.31333	1.96609
441	7.23145	7.30876	2.04607
442	7.23145	7.30486	2.23764
443	7.23145	7.29518	2.22166
444	7.23145	7.28692	2.23593
445	7.23145	7.28126	2.16796
446	7.23145	7.27606	2.27838
447	7.23145	7.27138	2.28107
448	7.23145	7.26761	2.1255
449	7.23145	7.26761	2.25467
450	7.23134	7.2676	2.17602
451	7.23145	7.26761	2.18687
452	7.23145	7.26761	2.22931
453	7.23145	7.26761	2.14022
454	7.23145	7.26761	2.01676
455	7.23145	7.26761	1.9705
456	7.23145	7.26761	2.04599
457	7.23145	7.26761	2.27676
458	7.23145	7.26761	2.07335
459	7.23145	7.26761	1.98651
460	7.23145	7.26761	2.38277
461	7.23145	7.26761	2.55858
462	7.23145	7.26761	2.48046
463	7.23145	7.26761	2.51187
464	7.23145	7.26761	2.11367
465	7.23145	7.26761	2.05851
466	7.23145	7.26761	2.07883
467	7.23145	7.26761	1.99629
468	7.23145	7.26761	1.66202
469	7.23145	7.26761	1.57641
470	6.90279	7.26596	1.5955
471	7.23145	7.26761	1.83839
472	7.23145	7.26761	1.85809
473	7.23145	7.26761	2.05021
474	7.23145	7.26761	2.01935
475	7.23145	7.26761	2.23533
476	7.23145	7.26761	2.21872
477	7.23145	7.26761	1.95422
478	7.23145	7.26761	1.86998
479	7.23145	7.26761	2.05087
480	7.23145	7.26761	2.05079
481	7.23145	7.26761	2.01128
482	7.23145	7.26761	1.91514
483	7.23145	7.26761	2.25423
484	7.23145	7.26761	2.27643
485	7.23145	7.26761	2.15855
486	7.23145	7.26761	2.35727
487	7.23145	7.26761	2.32568
488	7.23145	7.26761	2.22306
489	7.23145	7.26761	1.95627
490	7.23145	7.26761	1.99997
491	7.23145	7.26761	1.92563
492	7.23145	7.26761	1.91276
493	7.23145	7.26761	1.89725
494	7.23145	7.26761	1.76948
495	7.23145	7.26761	1.88077
496	7.23145	7.26761	1.9512
497	7.23135	7.2676	1.98513
498	7.23145	7.26761	2.06892
499	7.23145	7.26761	1.8098
500	7.23145	7.26761	1.81391
501	7.23145	7.26761	1.98099
502	7.23145	7.26761	1.85035
503	7.23145	7.26761	1.6832
504	7.23145	7.26761	1.72439
505	7.23145	7.26761	1.88869
506	7.23145	7.26761	1.92231
507	7.23145	7.26761	1.79292
508	7.23145	7.26761	1.68908
509	7.23145	7.26761	1.69583
510	7.23145	7.26761	1.58434
511	7.23145	7.26761	1.69346
512	7.23145	7.26761	1.96232
513	7.23135	7.2676	1.87484
514	7.23135	7.2676	1.73996
515	7.23135	7.2676	1.65751
516	7.23135	7.2676	2.1642
517	7.23135	7.26759	1.96729
518	7.23135	7.26759	1.89955
519	7.23135	7.26759	1.99636
520	7.23135	7.26758	2.00637
521	7.23135	7.26757	1.89961
522	7.23135	7.26756	1.90756
523	7.23135	7.26754	1.81939
524	7.23135	7.26752	1.69495
525	7.23135	7.2675	2.08098
526	7.23135	7.2675	1.96571
527	7.23135	7.2675	1.91199
528	7.23135	7.2675	1.70515
529	7.23135	7.2675	1.75578
530	7.23135	7.2675	1.80107
531	7.23135	7.2675	1.74489
532	7.23135	7.2675	1.83039
533	7.23135	7.2675	1.73319
534	7.23135	7.2675	1.91082
535	7.23135	7.2675	2.05234
536	7.23135	7.2675	2.04474
537	7.23135	7.2675	1.99234
538	7.23135	7.2675	2.18596
539	7.23135	7.2675	2.16047
540	7.23135	7.2675	2.16524
541	7.23135	7.2675	2.07238
542	7.23135	7.2675	2.36575
543	7.23135	7.2675	2.2232
544	7.23135	7.2675	2.16266
545	7.23135	7.2675	1.87065
546	7.23135	7.2675	1.99046
547	7.23135	7.2675	2.14439
548	7.23135	7.2675	2.1851
549	7.23135	7.2675	2.18307
550	7.23135	7.2675	2.15568
551	7.23135	7.2675	2.10969
552	7.23135	7.2675	2.14228
553	7.23135	7.2675	2.03694
554	7.23135	7.2675	2.1638
555	7.23135	7.2675	2.13297
556	7.23135	7.2675	2.20252
557	7.23135	7.2675	2.11985
558	7.23135	7.2675	2.15898
559	7.23135	7.2675	2.07012
560	7.23135	7.2675	2.23017
561	7.23135	7.2675	2.09623
562	7.23135	7.2675	2.2496
563	7.23135	7.2675	2.07326
564	7.23135	7.2675	1.80219
565	7.23135	7.2675	1.74172
566	7.23135	7.2675	1.76466
567	7.23135	7.2675	1.59138
568	7.23135	7.2675	1.63431
569	7.23135	7.2675	1.64521
570	7.23135	7.2675	1.6711
571	7.23135	7.2675	1.68765
572	7.23135	7.2675	1.83008
573	7.23135	7.2675	1.71579
574	7.23135	7.2675	1.59573
575	7.23135	7.2675	1.69455
576	7.23135	7.2675	1.47523
577	7.23135	7.2675	1.71347
578	7.23135	7.2675	1.99465
579	7.23135	7.2675	1.91713
580	7.23135	7.2675	2.02406
581	7.23135	7.2675	1.98961
582	7.23135	7.2675	2.09527
583	7.23135	7.2675	2.1019
584	7.23135	7.2675	2.09729
585	7.23135	7.2675	1.94717
586	7.23135	7.2675	2.02876
587	7.23135	7.2675	2.28434
588	7.23135	7.2675	2.22268
589	7.23135	7.2675	1.97389
590	7.23135	7.2675	1.85942
591	7.23135	7.2675	1.72918
592	7.23135	7.2675	1.78998
593	7.23135	7.2675	1.90068
594	7.23135	7.2675	2.05907
595	7.23135	7.2675	2.14063
596	7.23135	7.2675	2.09053
597	7.23135	7.2675	2.03417
598	7.23135	7.2675	2.01603
599	7.23135	7.2675	1.9419
600	7.23135	7.2675	2.27219
601	7.23135	7.2675	2.51518
602	7.23135	7.2675	2.34848
603	7.23135	7.2675	2.63666
604	7.23135	7.2675	2.45692
605	7.23135	7.2675	2.12233
606	7.23135	7.2675	2.11683
607	7.23135	7.2675	2.05775
608	7.23135	7.2675	1.95306
609	7.23135	7.2675	2.03922
610	7.23135	7.2675	2.26109
611	7.23135	7.2675	1.90047
612	7.23135	7.2675	1.95684
613	7.23135	7.2675	1.74713
614	7.23135	7.2675	1.81793
615	7.23135	7.2675	1.94473
616	7.23135	7.2675	1.9871
617	7.23135	7.2675	2.01374
618	7.23135	7.2675	1.84378
619	7.23135	7.2675	1.86403
620	7.23135	7.2675	1.63494
621	7.23135	7.2675	1.6901
622	7.23135	7.2675	1.67082
623	7.23135	7.2675	1.86073
624	7.23135	7.2675	1.86608
625	7.23135	7.2675	1.9554
626	7.23135	7.2675	1.75657
627	7.23135	7.2675	2.03423
628	7.23135	7.2675	1.83317
629	7.23135	7.2675	1.87552
630	7.23135	7.2675	1.80394
631	7.23135	7.2675	1.99836
632	7.23135	7.2675	1.93627
633	7.23135	7.2675	2.08682
634	7.23135	7.2675	2.14293
635	7.23135	7.2675	2.20386
636	7.23135	7.2675	2.10073
637	7.23135	7.2675	1.92852
638	7.23135	7.2675	1.75143
639	7.23135	7.2675	1.75522
640	7.23135	7.2675	2.00332
641	7.23135	7.2675	1.9787
642	7.23135	7.2675	1.96574
643	7.23135	7.2675	1.85698
644	7.23135	7.2675	1.85571
645	7.23135	7.2675	1.89263
646	7.23135	7.2675	1.98256
647	7.23135	7.2675	1.62074
648	7.23135	7.2675	1.87107
649	7.23135	7.2675	1.73651
650	7.23135	7.2675	1.9236
651	7.23135	7.2675	2.00246
652	7.23135	7.2675	1.96258
653	7.23135	7.2675	1.92321
654	7.23135	7.2675	1.90162
655	7.23135	7.2675	1.85146
656	7.23135	7.2675	1.78929
657	7.23135	7.2675	1.84118
658	7.23135	7.2675	1.64045
659	7.23135	7.2675	1.93357
660	7.23135	7.2675	1.80988
661	7.23135	7.2675	1.86457
662	7.23135	7.2675	1.85425
663	7.23135	7.2675	1.76402
664	7.23135	7.2675	2.10521
665	7.23135	7.2675	2.15691
666	7.23135	7.2675	2.25842
667	7.23135	7.2675	2.22892
668	7.23135	7.2675	2.20234
669	7.23135	7.2675	2.15791
670	7.23135	7.2675	1.8402
671	7.23135	7.2675	1.71113
672	7.23135	7.2675	1.86451
673	7.23135	7.2675	2.3739
674	7.23135	7.2675	2.12416
675	7.23135	7.2675	2.17325
676	7.23135	7.2675	2.03641
677	7.23135	7.2675	1.87391
678	7.23135	7.2675	1.64769
679	7.23135	7.2675	1.7449
680	7.23135	7.2675	1.75785
681	7.23124	7.2675	1.92121
682	7.23124	7.2675	2.08414
683	7.23124	7.2675	2.159
684	7.23124	7.26749	2.04235
685	7.23124	7.26749	1.93338
686	7.23124	7.26749	2.17667
687	7.23124	7.26748	2.23573
688	7.23124	7.26747	1.92487
689	7.23124	7.26746	2.06143
690	7.23124	7.26746	1.84849
691	7.23124	7.26744	1.91311
692	7.23124	7.26743	1.76594
693	7.23124	7.26741	1.82829
694	7.23124	7.2674	2.01776
695	7.23124	7.26739	1.97551
696	7.23124	7.26739	1.85592
697	7.23124	7.26739	1.99727
698	7.23124	7.26739	1.94312
699	7.23124	7.26739	1.75366
700	7.23124	7.26739	1.78982
701	7.23124	7.26739	1.68235
702	7.23124	7.26739	1.83039
703	7.23124	7.26739	1.72658
704	7.23124	7.26739	1.78919
705	7.23124	7.26739	2.03366
706	7.23124	7.26739	1.96831
707	7.23124	7.26739	1.75748
708	7.23124	7.26739	1.80145
709	7.23124	7.26739	1.91037
710	7.23124	7.26739	1.94308
711	7.23124	7.26739	1.98744
712	7.23124	7.26739	1.97505
713	7.23124	7.26739	2.13761
714	7.23124	7.26739	1.78157
715	7.23124	7.26739	1.97624
716	7.23124	7.26739	2.04263
717	7.23124	7.26739	2.09206
718	7.23124	7.26739	1.87165
719	7.23124	7.26739	2.03463
720	7.23124	7.26739	1.88134
721	7.23124	7.26739	1.85994
722	7.23124	7.26739	1.86453
723	7.23124	7.26739	1.85005
724	7.23124	7.26739	1.91387
725	7.23124	7.26739	1.84266
726	7.23124	7.26739	1.74594
727	7.23124	7.26739	1.76072
728	7.23124	7.26739	1.84265
729	7.23124	7.26739	1.68755
730	7.23124	7.26739	1.62864
731	7.23124	7.26739	1.64891
732	7.23124	7.26739	1.67095
733	7.23124	7.26739	1.52473
734	7.23124	7.26739	1.7211
735	7.23124	7.26739	2.00266
736	7.23124	7.26739	2.09278
737	7.23124	7.26739	2.01916
738	7.23124	7.26739	2.05685
739	7.23124	7.26739	2.07649
740	7.22543	7.26734	2.07533
741	7.22543	7.2671	1.87999
742	7.22543	7.26693	2.00227
743	7.22543	7.26696	2.04991
744	7.22543	7.26658	1.94433
745	7.22543	7.26641	1.85416
746	7.22543	7.26571	1.93708
747	7.22543	7.26522	2.05563
748	7.22543	7.26432	2.01525
749	7.22543	7.26359	2.07358
750	7.22543	7.26272	2.10148
751	7.22543	7.26173	2.00778
752	7.22543	7.26156	1.87496
753	7.22543	7.26156	1.68998
754	7.22543	7.26156	1.68861
755	7.22543	7.26156	1.53944
756	7.22543	7.26156	1.59112
757	7.22543	7.26156	1.72474
758	7.22543	7.26156	1.87864
759	7.22543	7.26156	1.86024
760	7.22543	7.26156	1.91355
761	7.22543	7.26156	1.89651
762	7.22543	7.26156	2.0041
763	7.22543	7.26156	2.28973
764	7.22543	7.26156	2.59773
765	7.22543	7.26156	2.42677
766	7.22543	7.26156	2.20115
767	7.22543	7.26156	2.0293
768	7.22543	7.26156	1.96513
769	7.22543	7.26156	2.14048
770	7.22543	7.26156	1.93086
771	7.22543	7.26156	1.93649
772	7.22543	7.26156	2.08226
773	7.22543	7.26156	2.25093
774	7.22543	7.26156	2.26285
775	7.22543	7.26156	2.13052
776	7.22543	7.26156	1.98191
777	7.22543	7.26156	1.8898
778	7.22543	7.26156	1.95742
779	7.22543	7.26156	1.77359
780	7.22543	7.26156	1.6839
781	7.22543	7.26156	1.87529
782	7.22543	7.26156	1.86152
783	7.22543	7.26156	1.99424
784	7.22543	7.26156	1.98548
785	7.22543	7.26156	2.03731
786	7.22543	7.26156	1.89896
787	7.22543	7.26156	2.02343
788	7.22543	7.26156	2.00566
789	7.22543	7.26156	1.86905
790	7.22543	7.26156	1.90677
791	7.22543	7.26156	2.00959
792	7.22543	7.26156	1.92756
793	7.22543	7.26156	1.91703
794	7.22543	7.26156	1.80821
795	7.22543	7.26156	2.01648
796	7.22543	7.26156	1.88357
797	7.22543	7.26156	1.81451
798	7.22543	7.26156	1.82452
799	7.22543	7.26156	2.03991
800	7.22543	7.26156	2.00666
801	7.22543	7.26156	1.97664
802	7.22543	7.26156	2.06216
803	7.22543	7.26156	1.96971
804	7.22543	7.26156	1.79235
805	7.22543	7.26156	1.81385
806	7.22543	7.26156	1.88959
807	7.22543	7.26156	1.88296
808	7.22543	7.26156	1.90242
809	7.22543	7.26156	1.95179
810	7.22543	7.26156	2.06601
811	7.22543	7.26156	2.11879
812	7.22543	7.26156	2.11262
813	7.22543	7.26156	1.92383
814	7.22543	7.26156	1.85523
815	7.22543	7.26156	1.65327
816	7.22543	7.26156	1.85337
817	7.22543	7.26156	1.99897
818	7.22543	7.26156	1.88404
819	6.26052	7.21814	1.72959
820	6.26052	7.18919	1.61796
821	6.26052	7.19079	1.60325
822	6.26052	7.16184	1.66264
823	6.26052	7.09751	1.96196
824	6.26052	7.06695	2.01661
825	6.26052	7.00506	2.08634
826	6.26052	6.91929	1.84586
827	6.26052	6.80671	1.70078
828	6.26052	6.75096	1.99018
829	6.26052	6.51872	2.03235
830	6.26052	6.36429	2.00696
831	6.26052	6.29183	2.05496
832	6.26052	6.29183	2.11016
833	6.26052	6.29183	1.94417
834	6.26052	6.29183	2.02171
835	6.26052	6.29183	2.02643
836	6.26052	6.29183	2.05
837	6.26052	6.29183	1.88662
838	6.26052	6.29183	2.11571
839	6.26052	6.29183	1.8279
840	6.26052	6.29183	1.81676
841	6.26052	6.29183	2.03568
842	6.26052	6.29183	2.10261
843	6.26052	6.29183	2.12342
844	6.26052	6.29183	2.25729
845	6.26052	6.29183	2.03025
846	6.26052	6.29183	1.93256
847	6.26052	6.29183	2.19093
848	6.26052	6.29183	2.07695
849	6.26052	6.29183	2.33979
850	6.26052	6.29183	2.41765
851	6.26052	6.29183	2.13792
852	6.26052	6.29183	1.95233
853	6.26052	6.29183	2.11735
854	6.26052	6.29183	2.30617
855	6.26052	6.29183	2.38334
856	6.26052	6.29183	2.18553
857	6.26052	6.29183	1.84659
858	6.26052	6.29183	1.91292
859	6.26052	6.29183	1.94129
860	6.26052	6.29183	1.96366
861	6.26052	6.29183	1.99631
862	6.26052	6.29183	1.82274
863	6.26052	6.29183	1.81021
864	6.26052	6.29183	1.86454
865	6.26052	6.29183	1.89894
866	6.26052	6.29183	1.95326
867	6.26052	6.29183	1.96413
868	6.26052	6.29183	1.94277
869	6.26052	6.29183	1.96837
870	6.26052	6.29183	1.98552
871	6.26052	6.29183	1.93923
872	6.26052	6.29183	1.97709
873	6.26052	6.29183	2.0409
874	6.26052	6.29183	1.8984
875	6.26052	6.29183	1.94956
876	6.26052	6.29183	2.04344
877	6.26052	6.29183	1.96131
878	6.26052	6.29183	1.9091
879	6.26052	6.29183	1.96473
880	6.26052	6.29183	1.91725
881	6.26052	6.29183	1.86019
882	6.26052	6.29183	2.0592
883	6.26052	6.29183	2.04461
884	6.26052	6.29183	1.9193
885	6.26052	6.29183	2.03021
886	6.26052	6.29183	2.1141
887	6.26052	6.29183	2.10303
888	6.26052	6.29183	1.94573
889	6.26052	6.29183	1.82541
890	6.26052	6.29183	1.89693
891	6.26052	6.29183	2.17458
892	6.26052	6.29183	2.0643
893	6.26052	6.29183	2.01724
894	6.26052	6.29183	1.8941
895	6.26052	6.29183	1.7638
896	6.26052	6.29183	1.95296
897	6.26052	6.29183	2.06374
898	6.26052	6.29183	1.98196
899	6.26052	6.29183	1.79801
900	6.26052	6.29183	1.84968
901	6.26052	6.29183	1.83786
902	6.26052	6.29183	1.75145
903	6.26052	6.29183	1.84492
904	6.26052	6.29183	2.18554
905	6.26052	6.29183	2.03436
906	6.26052	6.29183	1.96181
907	6.26052	6.29183	1.85134
908	6.26052	6.29183	1.76809
909	6.26052	6.29183	1.7005
910	6.26052	6.29183	1.97975
911	6.26052	6.29183	1.89191
912	6.26052	6.29183	1.96507
913	6.26052	6.29183	2.03033
914	6.26052	6.29183	2.62285
915	6.26052	6.29183	2.66299
916	6.26052	6.29183	2.50057
917	6.26052	6.29183	2.16136
918	6.26052	6.29183	2.20032
919	6.26052	6.29183	1.89661
920	6.26052	6.29183	1.85174
921	6.26052	6.29183	1.94706
922	6.26052	6.29183	1.98223
923	6.26052	6.29183	2.02214
924	6.26052	6.29183	1.94361
925	6.26052	6.29183	1.96554
926	6.26052	6.29183	1.96515
927	6.26052	6.29183	2.01712
928	6.26052	6.29183	1.9849
929	6.26052	6.29183	2.05259
930	6.26052	6.29183	2.23477
931	6.26052	6.29183	2.16054
932	6.26052	6.29183	2.15598
933	6.26052	6.29183	1.97173
934	6.26052	6.29183	2.45151
935	6.26052	6.29183	2.21585
936	6.26052	6.29183	2.11914
937	6.26052	6.29183	2.31186
938	6.26052	6.29183	2.25846
939	6.26052	6.29183	2.36836
940	6.26052	6.29183	2.19246
941	6.26052	6.29183	2.09353
942	6.26052	6.29183	2.03554
943	6.26052	6.29183	1.76808
944	6.26052	6.29183	1.87305
945	6.26052	6.29183	1.95287
946	6.26052	6.29183	1.86927
947	6.26052	6.29183	1.79629
948	6.26052	6.29183	1.90702
949	6.26052	6.29183	1.77688
950	6.26052	6.29183	1.84418
951	6.26052	6.29183	1.78071
952	6.26052	6.29183	2.10437
953	6.26052	6.29183	1.97321
954	6.26052	6.29183	2.25795
955	6.26052	6.29183	1.97351
956	6.26052	6.29183	1.97331
957	6.26052	6.29183	2.07131
958	6.26052	6.29183	1.99914
959	6.26052	6.29183	1.97861
960	6.26052	6.29183	2.00402
961	6.26052	6.29183	2.10595
962	6.26052	6.29183	2.11768
963	6.26052	6.29183	2.13659
964	6.26052	6.29183	2.28194
965	6.26052	6.29183	2.35884
966	6.26052	6.29183	2.40981
967	6.26052	6.29183	1.96176
968	6.26052	6.29183	1.928
969	6.26052	6.29183	1.93702
970	6.26052	6.29183	2.01019
971	6.26052	6.29183	2.02761
972	6.26052	6.29183	2.047
973	6.26052	6.29183	1.88657
974	6.26052	6.29183	2.03855
975	6.26052	6.29183	2.16532
976	6.26052	6.29183	2.35681
977	6.26052	6.29183	2.06731
978	6.26052	6.29183	1.88773
979	6.26052	6.29183	2.06608
980	6.26052	6.29183	2.05471
981	6.26052	6.29183	2.12653
982	6.26052	6.29183	2.36263
983	6.26052	6.29183	2.30971
984	6.26052	6.29183	2.50263
985	6.26052	6.29183	2.64111
986	6.26052	6.29183	2.48628
987	6.26052	6.29183	2.11102
988	6.26052	6.29183	2.07796
989	6.26052	6.29183	2.08565
990	6.26052	6.29183	1.87235
991	6.26052	6.29183	1.88439
992	6.26052	6.29183	1.91102
993	6.26052	6.29183	1.96951
994	6.26052	6.29183	2.04227
995	6.24306	6.29156	2.20856
996	6.24306	6.29113	2.05719
997	6.24306	6.29148	1.90564
998	6.24306	6.29156	1.97269
999	6.24306	6.29139	1.98018
1000	6.24306	6.29148	2.03225
1001	6.24306	6.2913	1.92947
1002	6.24306	6.29069	1.97041
1003	6.24306	6.28982	2.08096
1004	6.24306	6.28868	1.92782
1005	6.24306	6.2879	1.99866
1006	6.24306	6.28676	2.12913
1007	6.24306	6.28528	1.90578
1008	6.24306	6.28344	2.00546
1009	6.24306	6.28065	1.82496
1010	6.24306	6.27637	1.74839
1011	6.24306	6.27427	1.70566
1012	6.24306	6.27427	1.74848
1013	6.24306	6.27427	2.12463
1014	6.24306	6.27427	2.35273
1015	6.24306	6.27427	2.08531
1016	6.24306	6.27427	2.00918
1017	6.24306	6.27427	2.00626
1018	6.24306	6.27427	2.19161
1019	6.24306	6.27427	1.99452
1020	6.24306	6.27427	2.04712
1021	6.24306	6.27427	2.17421
1022	6.24306	6.27427	2.35631
1023	6.24306	6.27427	2.36651
1024	6.24306	6.27427	2.13582
1025	6.24306	6.27427	2.214
1026	6.24306	6.27427	2.19706
1027	6.24306	6.27427	2.30708
1028	6.24306	6.27427	2.30644
1029	6.24306	6.27427	2.30302
1030	6.24306	6.27427	2.49182
1031	6.24306	6.27427	2.42808
1032	6.24306	6.27427	2.07064
1033	6.24306	6.27427	2.32826
1034	6.24306	6.27427	2.05913
1035	6.24306	6.27427	2.02302
1036	6.24306	6.27427	2.26131
1037	6.24306	6.27427	2.31791
1038	6.24306	6.27427	2.26362
1039	6.24306	6.27427	2.23183
1040	6.24306	6.27427	2.22091
1041	6.24306	6.27427	2.55006
1042	6.24306	6.27427	2.39191
1043	6.24306	6.27427	2.12025
1044	6.24306	6.27427	2.02446
1045	6.24306	6.27427	2.00603
1046	6.24306	6.27427	1.88276
1047	6.24306	6.27427	2.05603
1048	6.24306	6.27427	1.92842
1049	6.24306	6.27427	1.81017
1050	6.24306	6.27427	1.99751
1051	6.24306	6.27427	1.76813
1052	6.24306	6.27427	1.87186
1053	6.24306	6.27427	2.18449
1054	6.24306	6.27427	2.09654
1055	6.24306	6.27427	2.21002
1056	6.24306	6.27427	2.22599
1057	6.24306	6.27427	2.36052
1058	6.24306	6.27427	2.45019
1059	6.24306	6.27427	2.23865
1060	6.24306	6.27427	2.13576
1061	6.24306	6.27427	2.28524
1062	6.24306	6.27427	2.25402
1063	6.24306	6.27427	2.43682
1064	6.24306	6.27427	2.35774
1065	6.24306	6.27427	2.46202
1066	6.24306	6.27427	2.47849
1067	6.24306	6.27427	2.23909
1068	6.24306	6.27427	2.4737
1069	6.24306	6.27427	2.48553
1070	6.24306	6.27427	2.47461
1071	6.24306	6.27427	2.23172
1072	6.24306	6.27427	2.00805
1073	6.24306	6.27427	1.96653
1074	6.24306	6.27427	2.12552
1075	6.24306	6.27427	2.23318
1076	6.24306	6.27427	2.46184
1077	6.24306	6.27427	2.39349
1078	6.24306	6.27427	2.06157
1079	6.24306	6.27427	2.00865
1080	6.24306	6.27427	2.15725
1081	6.24306	6.27427	1.99547
1082	6.24306	6.27427	2.23175
1083	6.24306	6.27427	2.20404
1084	6.24306	6.27427	2.14743
1085	6.24306	6.27427	2.19315
1086	6.24306	6.27427	2.30039
1087	6.24306	6.27427	2.22752
1088	6.24306	6.27427	2.08271
1089	6.24306	6.27427	1.99304
1090	6.24306	6.27427	2.0223
1091	6.24306	6.27427	2.35885
1092	6.24306	6.27427	2.12119
1093	6.24306	6.27427	2.1434
1094	6.24306	6.27427	1.96861
1095	6.24306	6.27427	2.04305
1096	6.24306	6.27427	1.90273
1097	6.24306	6.27427	1.97479
1098	6.24306	6.27427	2.02665
1099	6.24306	6.27427	2.14996
1100	6.24306	6.27427	2.03342
1101	6.24306	6.27427	1.96157
1102	6.24306	6.27427	2.19679
1103	6.24306	6.27427	2.17123
1104	6.24306	6.27427	2.07474
1105	6.24306	6.27427	2.14077
1106	6.24306	6.27427	2.1407
1107	6.24306	6.27427	2.06175
1108	6.24306	6.27427	2.00541
1109	6.24306	6.27427	1.97936
1110	6.24306	6.27427	2.20065
1111	6.24306	6.27427	2.09968
1112	6.24306	6.27427	2.28471
1113	6.24306	6.27427	1.88429
1114	6.24306	6.27427	2.0341
1115	6.24306	6.27427	2.00719
1116	6.24306	6.27427	1.87616
1117	6.24306	6.27427	1.80208
1118	6.24306	6.27427	1.82965
1119	6.24306	6.27427	1.92246
1120	6.24306	6.27427	2.0769
1121	6.24306	6.27427	1.89234
1122	6.24306	6.27427	1.68914
1123	6.24306	6.27427	1.5206
1124	6.24306	6.27427	1.53861
1125	6.24306	6.27427	1.64022
1126	6.24306	6.27427	1.49959
1127	6.24306	6.27427	1.66813
1128	6.24306	6.27427	1.59162
1129	6.24306	6.27427	1.94932
1130	6.24306	6.27427	1.82936
1131	6.24306	6.27427	1.83673
1132	6.24306	6.27427	1.83863
1133	6.24306	6.27427	1.97937
1134	6.24306	6.27427	2.13055
1135	6.24306	6.27427	2.01661
1136	6.24306	6.27427	1.94214
1137	6.24306	6.27427	1.96384
1138	6.24306	6.27427	1.91
1139	6.24306	6.27427	1.94999
1140	6.24306	6.27427	2.18023
1141	6.24306	6.27427	2.18342
1142	6.24306	6.27427	2.13279
1143	6.24306	6.27427	1.96281
1144	6.24306	6.27427	1.91987
1145	6.24306	6.27427	2.07285
1146	6.24306	6.27427	1.98581
1147	6.24306	6.27427	2.05249
1148	6.24306	6.27427	2.1116
1149	6.24306	6.27427	2.09973
1150	6.24306	6.27427	2.02625
1151	6.24306	6.27427	1.90097
1152	6.24306	6.27427	1.73314
1153	6.24306	6.27427	1.88198
1154	6.24306	6.27427	1.93619
1155	6.24306	6.27427	2.0448
1156	6.24306	6.27427	2.07848
1157	6.24306	6.27427	2.22047
1158	6.24306	6.27427	2.03076
1159	6.24306	6.27427	1.93484
1160	6.24306	6.27427	2.0455
1161	6.24306	6.27427	2.35306
1162	6.24306	6.27427	2.67256
1163	6.24306	6.27427	2.53985
1164	6.24306	6.27427	2.2495
1165	6.24306	6.27427	1.78307
1166	6.24306	6.27427	1.75729
1167	6.24306	6.27427	2.12138
1168	6.24306	6.27427	2.04235
1169	6.24306	6.27427	1.79739
1170	6.24306	6.27427	1.74708
1171	6.24306	6.27427	1.77687
1172	6.24306	6.27427	1.74214
1173	6.24306	6.27427	1.85654
1174	6.24306	6.27427	1.84679
1175	6.24306	6.27427	1.8184
1176	6.24306	6.27427	1.74781
1177	6.24306	6.27427	1.88795
1178	6.24306	6.27427	1.85471
1179	6.24306	6.27427	1.80406
1180	6.24306	6.27427	1.81988
1181	6.24306	6.27427	1.72446
1182	6.24306	6.27427	2.03001
1183	6.24306	6.27427	2.17893
1184	6.24306	6.27427	2.0155
1185	6.24306	6.27427	1.89603
1186	6.24306	6.27427	1.9524
1187	6.24306	6.27427	1.79134
1188	6.24306	6.27427	1.79365
1189	6.24306	6.27427	1.98819
1190	6.24306	6.27427	2.29213
1191	6.24306	6.27427	2.28746
1192	6.24306	6.27427	2.16605
1193	6.24306	6.27427	2.02275
1194	6.24306	6.27427	2.19915
1195	6.24306	6.27427	2.27468
1196	6.24306	6.27427	2.31032
1197	6.24306	6.27427	2.23097
1198	6.24306	6.27427	2.23228
1199	6.24306	6.27427	1.9548
1200	6.24306	6.27427	1.78513
1201	6.24306	6.27427	1.89392
1202	6.24306	6.27427	2.10047
1203	6.24306	6.27427	2.03425
1204	6.24306	6.27427	2.14703
1205	6.24306	6.27427	2.17684
1206	6.24306	6.27427	1.97799
1207	6.24306	6.27427	2.12544
1208	6.24306	6.27427	2.31641
1209	6.24306	6.27427	2.18225
1210	6.24306	6.27427	2.03756
1211	6.24306	6.27427	2.11663
1212	6.24306	6.27427	2.21138
1213	6.24306	6.27427	2.24459
1214	6.24306	6.27427	2.38142
1215	6.24306	6.27427	2.43781
1216	6.24306	6.27427	2.70484
1217	6.24306	6.27427	2.58689
1218	6.24306	6.27427	2.42076
1219	6.24306	6.27427	2.5422
1220	6.24306	6.27427	2.58935
1221	6.24306	6.27427	2.55177
1222	6.24306	6.27427	2.62565
1223	6.24306	6.27427	2.48179
1224	6.24306	6.27427	2.12006
1225	6.24306	6.27427	1.95612
1226	6.24306	6.27427	1.87289
1227	6.24306	6.27427	2.01964
1228	6.24306	6.27427	2.12654
1229	6.24306	6.27427	2.00486
1230	6.24306	6.27427	2.00318
1231	6.24306	6.27427	2.19387
1232	6.24306	6.27427	2.18821
1233	6.24306	6.27427	2.12941
1234	6.24306	6.27427	1.99121
1235	6.24306	6.27427	1.95549
1236	6.24306	6.27427	2.0445
1237	6.24306	6.27427	2.02535
1238	6.24306	6.27427	2.22527
1239	6.24306	6.27427	2.27783
1240	6.24306	6.27427	2.13838
1241	6.24306	6.27427	2.11344
1242	6.24306	6.27427	2.15985
1243	6.24306	6.27427	2.10594
1244	6.24306	6.27427	2.17538
1245	6.24306	6.27427	2.15596
1246	6.24306	6.27427	2.16228
1247	6.24306	6.27427	2.03719
1248	6.24306	6.27427	1.95375
1249	6.24306	6.27427	1.93658
1250	6.24306	6.27427	1.93701
1251	6.24306	6.27427	1.8288
1252	6.24306	6.27427	2.01199
1253	6.24306	6.27427	1.96604
1254	6.24306	6.27427	1.73781
1255	6.24306	6.27427	1.7354
1256	6.24306	6.27427	1.55031
1257	6.24306	6.27427	1.80717
1258	6.24306	6.27427	1.74983
1259	6.24306	6.27427	1.83865
1260	6.24306	6.27427	2.043
1261	6.24306	6.27427	2.13042
1262	6.24306	6.27427	2.07596
1263	6.24306	6.27427	2.18571
1264	6.24306	6.27427	2.27297
1265	6.24306	6.27427	2.21875
1266	6.24306	6.27427	2.35094
1267	6.24306	6.27427	2.44579
1268	6.24306	6.27427	2.20176
1269	6.24306	6.27427	1.9435
1270	6.24306	6.27427	2.23642
1271	6.24306	6.27427	2.19183
1272	6.24306	6.27427	2.16799
1273	6.24306	6.27427	2.10468
1274	6.24306	6.27427	1.94042
1275	6.24306	6.27427	1.96676
1276	6.24306	6.27427	1.73062
1277	6.24306	6.27427	1.85213
1278	6.24306	6.27427	1.99096
1279	6.24306	6.27427	1.92109
1280	6.24306	6.27427	1.99665
1281	6.24306	6.27427	1.85509
1282	6.24306	6.27427	1.76641
1283	6.24306	6.27427	1.85743
1284	6.24306	6.27427	2.26752
1285	6.24306	6.27427	2.16411
1286	6.24306	6.27427	2.22347
1287	6.24306	6.27427	2.32439
1288	6.24306	6.27427	2.1713
1289	6.24306	6.27427	2.54578
1290	6.24306	6.27427	2.40829
1291	6.24306	6.27427	2.59275
1292	6.24306	6.27427	2.32108
1293	6.24306	6.27427	2.20317
1294	6.24306	6.27427	2.12997
1295	6.24306	6.27427	2.28106
1296	6.24306	6.27427	2.54396
1297	6.24306	6.27427	2.96163
1298	6.24306	6.27427	2.81583
1299	6.24306	6.27427	2.57946
1300	6.24306	6.27427	2.88873
1301	6.24306	6.27427	3.27363
1302	6.24306	6.27427	2.86671
1303	6.24306	6.27427	2.76492
1304	6.24306	6.27427	3.19802
1305	6.24306	6.27427	3.43228
1306	6.24306	6.27427	3.34841
1307	6.24306	6.27427	2.75704
1308	6.24306	6.27427	2.65242
1309	6.24306	6.27427	2.63261
1310	6.24306	6.27427	2.55792
1311	6.24306	6.27427	2.20822
1312	6.24306	6.27427	2.0374
1313	6.24306	6.27427	1.85763
1314	6.24306	6.27427	2.13525
1315	6.24306	6.27427	2.24464
1316	6.24306	6.27427	2.37719
1317	6.24306	6.27427	2.35234
1318	6.24306	6.27427	2.39946
1319	6.24306	6.27427	2.29621
1320	6.24306	6.27427	2.3153
1321	6.24306	6.27427	2.29564
1322	6.24306	6.27427	1.93364
1323	6.24306	6.27427	2.19116
1324	6.24306	6.27427	2.18267
1325	6.24306	6.27427	2.30041
1326	6.24306	6.27427	2.17631
1327	6.24306	6.27427	1.86741
1328	6.24306	6.27427	1.97059
1329	6.24306	6.27427	2.07143
1330	6.24306	6.27427	1.99029
1331	6.24306	6.27427	2.0758
1332	6.24306	6.27427	2.17165
1333	6.24306	6.27427	2.10481
1334	6.24306	6.27427	2.17711
1335	6.24306	6.27427	2.05897
1336	6.24306	6.27427	2.223
1337	6.24306	6.27427	2.1225
1338	6.24306	6.27427	2.14554
1339	6.24306	6.27427	2.34685
1340	6.24306	6.27427	2.36463
1341	6.24306	6.27427	2.37677
1342	6.24306	6.27427	2.26412
1343	6.24306	6.27427	2.43022
1344	6.24306	6.27427	2.54202
1345	6.24306	6.27427	2.58606
1346	6.24306	6.27427	2.55268
1347	6.24306	6.27427	2.47991
1348	6.24306	6.27427	2.25716
1349	6.24306	6.27427	2.13884
1350	6.24306	6.27427	2.34599
1351	6.24306	6.27427	2.46628
1352	6.24306	6.27427	2.11028
1353	6.24306	6.27427	2.23532
1354	6.24306	6.27427	2.16524
1355	6.24306	6.27427	2.11784
1356	6.24306	6.27427	1.92414
1357	6.24306	6.27427	1.89763
1358	6.24306	6.27427	2.02169
1359	6.24306	6.27427	2.13071
1360	6.24306	6.27427	2.17135
1361	6.24306	6.27427	2.12141
1362	6.24306	6.27427	2.45653
1363	6.24306	6.27427	2.37807
1364	6.24306	6.27427	2.51085
1365	6.24306	6.27427	2.51246
1366	6.24306	6.27427	2.74311
1367	6.24306	6.27427	2.33398
1368	6.24306	6.27427	2.46191
1369	6.24306	6.27427	2.24971
1370	6.24306	6.27427	2.06167
1371	6.24306	6.27427	2.05399
1372	6.24306	6.27427	2.02599
1373	6.24306	6.27427	2.0135
1374	6.24306	6.27427	1.67935
1375	6.24306	6.27427	1.69109
1376	6.24306	6.27427	1.59719
1377	6.24306	6.27427	1.91345
1378	6.24306	6.27427	1.93355
1379	6.24306	6.27427	1.92656
1380	6.24306	6.27427	1.83821
1381	6.24306	6.27427	1.83087
1382	6.24306	6.27427	1.96727
1383	6.24306	6.27427	1.92853
1384	6.24306	6.27427	1.78274
1385	6.24306	6.27427	1.87827
1386	6.24306	6.27427	1.95539
1387	6.24306	6.27427	2.04508
1388	6.24306	6.27427	2.07926
1389	6.24306	6.27427	1.97165
1390	6.24306	6.27427	2.01898
1391	6.24306	6.27427	1.72801
1392	6.24306	6.27427	2.02547
1393	6.24306	6.27427	1.85558
1394	6.24306	6.27427	1.84364
1395	6.24306	6.27427	1.83697
1396	6.24306	6.27427	1.61426
1397	6.24306	6.27427	1.69384
1398	6.24306	6.27427	1.78037
1399	6.24306	6.27427	1.68476
1400	6.24306	6.27427	1.7524
1401	6.24306	6.27427	1.77512
1402	6.24306	6.27427	2.00528
1403	6.24306	6.27427	1.95049
1404	6.24306	6.27427	1.78578
1405	6.24306	6.27427	1.71767
1406	6.24306	6.27427	1.84796
1407	6.24306	6.27427	1.8941
1408	6.24306	6.27427	2.08121
1409	6.24306	6.27427	2.2193
1410	6.24306	6.27427	2.39564
1411	6.24306	6.27427	2.28212
1412	6.24306	6.27427	2.22614
1413	6.24306	6.27427	2.16131
1414	6.24306	6.27427	1.9224
1415	6.24306	6.27427	1.91058
1416	6.24306	6.27427	2.02527
1417	6.24306	6.27427	2.10249
1418	6.24306	6.27427	2.31914
1419	6.24306	6.27427	2.30404
1420	6.24306	6.27427	2.11654
1421	6.24306	6.27427	2.13853
1422	6.24306	6.27427	1.95079
1423	6.24306	6.27427	1.93395
1424	6.24306	6.27427	1.92145
1425	6.24306	6.27427	2.00978
1426	6.24306	6.27427	2.05491
1427	6.24306	6.27427	1.97403
1428	6.24306	6.27427	1.8364
1429	6.24306	6.27427	1.86783
1430	6.24306	6.27427	2.00822
1431	6.24306	6.27427	1.80773
1432	6.24306	6.27427	2.00547
1433	6.24306	6.27427	2.13836
1434	6.24306	6.27427	2.13675
1435	6.24306	6.27427	1.91566
1436	6.24306	6.27427	1.92924
1437	6.24306	6.27427	1.84573
1438	6.24306	6.27427	1.6118
1439	6.24306	6.27427	1.66443
1440	6.24306	6.27427	1.69638
1441	6.24306	6.27427	1.52134
1442	6.24306	6.27427	1.65041
1443	6.24306	6.27427	1.50182
1444	6.24306	6.27427	1.58483
1445	6.24306	6.27427	1.60788
1446	6.24306	6.27427	1.64739
1447	6.24306	6.27427	1.56895
1448	6.24306	6.27427	1.48587
1449	6.24306	6.27427	1.69728
1450	6.24306	6.27427	2.02683
1451	6.24306	6.27427	2.06681
1452	6.24306	6.27427	2.03771
1453	6.24306	6.27427	1.94565
1454	6.24306	6.27427	1.98077
1455	6.24306	6.27427	2.04005
1456	6.24306	6.27427	1.94261
1457	6.24306	6.27427	2.06431
1458	6.24306	6.27427	2.22476
1459	6.24306	6.27427	2.10589
1460	6.24306	6.27427	2.00523
1461	6.24306	6.27427	2.1583
1462	6.24306	6.27427	2.07778
1463	6.24306	6.27427	2.03542
1464	6.24306	6.27427	2.18385
1465	6.24306	6.27427	2.17594
1466	6.24306	6.27427	2.22474
1467	6.24306	6.27427	2.20159
1468	6.24306	6.27427	2.1466
1469	6.24306	6.27427	2.14969
1470	6.24306	6.27427	2.16288
1471	6.24306	6.27427	2.14788
1472	6.24306	6.27427	2.15822
1473	6.24306	6.27427	2.11813
1474	6.24306	6.27427	2.12662
1475	6.24306	6.27427	2.29585
1476	6.24306	6.27427	2.06574
1477	6.24306	6.27427	2.01506
1478	6.24306	6.27427	1.83923
1479	6.24306	6.27427	1.94777
1480	6.24306	6.27427	1.99573
1481	6.24306	6.27427	1.93421
1482	6.24306	6.27427	1.88263
1483	6.24306	6.27427	1.72247
1484	6.24306	6.27427	1.88737
1485	6.24306	6.27427	1.90531
1486	6.24306	6.27427	2.0344
1487	6.24306	6.27427	1.95066
1488	6.24306	6.27427	2.00402
1489	6.24306	6.27427	2.12465
1490	6.24306	6.27427	2.1847
1491	6.24306	6.27427	2.17677
1492	6.24306	6.27427	2.18912
1493	6.24306	6.27427	2.16484
1494	6.24306	6.27427	2.36766
1495	6.24306	6.27427	2.37824
1496	6.24306	6.27427	2.33143
1497	6.24306	6.27427	2.26436
1498	6.24306	6.27427	2.04314
1499	6.24306	6.27427	2.23308
1500	6.24306	6.27427	2.29384
1501	6.24306	6.27427	2.12566
1502	6.24306	6.27427	2.06318
1503	6.24306	6.27427	2.05834
1504	6.24306	6.27427	2.08412
1505	6.24306	6.27427	2.35241
1506	6.24306	6.27427	2.23367
1507	6.24306	6.27427	2.13699
1508	6.24306	6.27427	2.22712
1509	6.24306	6.27427	2.14052
1510	6.24306	6.27427	2.21688
1511	6.24306	6.27427	2.1986
1512	6.24306	6.27427	2.13998
1513	6.24306	6.27427	2.07817
1514	6.24306	6.27427	2.11925
1515	6.24306	6.27427	1.95667
1516	6.24306	6.27427	2.03281
1517	6.24306	6.27427	2.0454
1518	6.24306	6.27427	2.02376
1519	6.24306	6.27427	1.89965
1520	6.24306	6.27427	1.8049
1521	6.24306	6.27427	1.77495
1522	6.24306	6.27427	2.06657
1523	6.24306	6.27427	2.0335
1524	6.24306	6.27427	1.95169
1525	6.24306	6.27427	1.79999
1526	6.24306	6.27427	1.83118
1527	6.24306	6.27427	2.11162
1528	6.24306	6.27427	2.22485
1529	6.24306	6.27427	2.13336
1530	6.24306	6.27427	2.10266
1531	6.24306	6.27427	2.39371
1532	6.24306	6.27427	2.29936
1533	6.24306	6.27427	2.16395
1534	6.24306	6.27427	2.13754
1535	6.24306	6.27427	2.06638
1536	6.24306	6.27427	1.96453
1537	6.24306	6.27427	1.96887
1538	6.24306	6.27427	1.90937
1539	6.24306	6.27427	1.93723
1540	6.24306	6.27427	2.12725
1541	6.24306	6.27427	2.09566
1542	6.24306	6.27427	1.91293
1543	6.24306	6.27427	1.76692
1544	6.24306	6.27427	1.91583
1545	6.24306	6.27427	1.72216
1546	6.24306	6.27427	1.72674
1547	6.24306	6.27427	1.85491
1548	6.24306	6.27427	1.99207
1549	6.24306	6.27427	2.12162
1550	6.24306	6.27427	2.07233
1551	6.24306	6.27427	2.23262
1552	6.24306	6.27427	1.92443
1553	6.24306	6.27427	2.06527
1554	6.24306	6.27427	2.22697
1555	6.24306	6.27427	2.16012
1556	6.24306	6.27427	2.06971
1557	6.24306	6.27427	2.15337
1558	6.24306	6.27427	2.0991
1559	6.24306	6.27427	2.12226
1560	6.24306	6.27427	2.21565
1561	6.24306	6.27427	2.13741
1562	6.24306	6.27427	2.06642
1563	6.24306	6.27427	2.02989
1564	6.24306	6.27427	2.1996
1565	6.24306	6.27427	2.14303
1566	6.24306	6.27427	2.21274
1567	6.24306	6.27427	2.22607
1568	6.24306	6.27427	2.48334
1569	6.24306	6.27427	2.3621
1570	6.24306	6.27427	2.15085
1571	6.24306	6.27427	1.90086
1572	6.24306	6.27427	1.74298
1573	6.24306	6.27427	1.42223
1574	6.24306	6.27427	1.48708
1575	6.24306	6.27427	1.73416
1576	6.24306	6.27427	1.9561
1577	6.24306	6.27427	2.09131
1578	6.24306	6.27427	2.18089
1579	6.24306	6.27427	2.30193
1580	6.24306	6.27427	2.36103
1581	6.24306	6.27427	2.31646
1582	6.24306	6.27427	2.33543
1583	6.24306	6.27427	2.32843
1584	6.24306	6.27427	2.13856
1585	6.24306	6.27427	2.14286
1586	6.24306	6.27427	2.19422
1587	6.24306	6.27427	2.23777
1588	6.24306	6.27427	2.25277
1589	6.24306	6.27427	1.96325
1590	6.24306	6.27427	1.83381
1591	6.24306	6.27427	2.07316
1592	6.24306	6.27427	2.17432
1593	6.24306	6.27427	1.89762
1594	6.24306	6.27427	1.92823
1595	6.24306	6.27427	1.89376
1596	6.24306	6.27427	2.15453
1597	6.24306	6.27427	2.34708
1598	6.24306	6.27427	2.1229
1599	6.24306	6.27427	1.96158
1600	6.24306	6.27427	2.01864
1601	6.24306	6.27427	1.81165
1602	6.24306	6.27427	1.5143
1603	6.24306	6.27427	1.56546
1604	6.24306	6.27427	1.7872
1605	6.24306	6.27427	1.72271
1606	6.24306	6.27427	1.82314
1607	6.24306	6.27427	1.97494
1608	6.24306	6.27427	2.06374
1609	6.24306	6.27427	2.01613
1610	6.24306	6.27427	2.02819
1611	6.24306	6.27427	2.01703
1612	6.24306	6.27427	2.27851
1613	6.24306	6.27427	2.53791
1614	6.24306	6.27427	2.64402
1615	6.24306	6.27427	2.40225
1616	6.24306	6.27427	2.44933
1617	6.24306	6.27427	1.98331
1618	6.24306	6.27427	1.90635
1619	6.24306	6.27427	1.95186
1620	6.24306	6.27427	1.92588
1621	6.24306	6.27427	1.85289
1622	6.24306	6.27427	1.61942
1623	6.24306	6.27427	1.91491
1624	6.24306	6.27427	1.86043
1625	6.24306	6.27427	1.6802
1626	6.24306	6.27427	1.65394
1627	6.24306	6.27427	1.68833
1628	6.24306	6.27427	1.63834
1629	6.24306	6.27427	1.61326
1630	6.24306	6.27427	1.79189
1631	6.24306	6.27427	2.15095
1632	6.24306	6.27427	2.08566
1633	6.24306	6.27427	1.95858
1634	6.24306	6.27427	1.99075
1635	6.24306	6.27427	2.15795
1636	6.24306	6.27427	2.0912
1637	6.24306	6.27427	1.98864
1638	6.24306	6.27427	1.77642
1639	6.24306	6.27427	1.72497
1640	6.24306	6.27427	1.87369
1641	6.24306	6.27427	2.11606
1642	6.24306	6.27427	1.87548
1643	6.24306	6.27427	1.8231
1644	6.24306	6.27427	1.80142
1645	6.24306	6.27427	1.88043
1646	6.24306	6.27427	2.07742
1647	6.24306	6.27427	2.04921
1648	6.24306	6.27427	1.92753
1649	6.24306	6.27427	2.0572
1650	6.24306	6.27427	1.88893
1651	6.24306	6.27427	1.70496
1652	6.24306	6.27427	1.65865
1653	6.24306	6.27427	1.67284
1654	6.24306	6.27427	1.7041
1655	6.24306	6.27427	1.80529
1656	6.24306	6.27427	1.8312
1657	6.24306	6.27427	1.75723
1658	6.24306	6.27427	2.07839
1659	6.24306	6.27427	2.01982
1660	6.24306	6.27427	1.90462
1661	6.24306	6.27427	1.83047
1662	6.24306	6.27427	2.02852
1663	6.24306	6.27427	1.97963
1664	6.24306	6.27427	1.9379
1665	6.24306	6.27427	1.93575
1666	6.24306	6.27427	1.80209
1667	6.24306	6.27427	1.79114
1668	6.24306	6.27427	1.81022
1669	6.24306	6.27427	1.87141
1670	6.24306	6.27427	1.90036
1671	6.24306	6.27427	1.87194
1672	6.24306	6.27427	1.98033
1673	6.24306	6.27427	1.74574
1674	6.24306	6.27427	1.70755
1675	6.24306	6.27427	1.77882
1676	6.24306	6.27427	2.10115
1677	6.24306	6.27427	2.18816
1678	6.24306	6.27427	2.23496
1679	6.24306	6.27427	2.03359
1680	6.24306	6.27427	1.9017
1681	6.24306	6.27427	1.99815
1682	6.24306	6.27427	2.12669
1683	6.24306	6.27427	2.5258
1684	6.24306	6.27427	2.44289
1685	6.24306	6.27427	2.40815
1686	6.24306	6.27427	2.55714
1687	6.24306	6.27427	2.50769
1688	6.24306	6.27427	2.33585
1689	6.24306	6.27427	2.47056
1690	6.24306	6.27427	2.41942
1691	6.24306	6.27427	2.61788
1692	6.24306	6.27427	2.8307
1693	6.24306	6.27427	2.23579
1694	6.24306	6.27427	2.30799
1695	6.24306	6.27427	2.14943
1696	6.24306	6.27427	1.85423
1697	6.24306	6.27427	1.9587
1698	6.24306	6.27427	1.93697
1699	6.24306	6.27427	2.02366
1700	6.24306	6.27427	2.1432
1701	6.24306	6.27427	2.22048
1702	6.24306	6.27427	2.04257
1703	6.24306	6.27427	1.91298
1704	6.24306	6.27427	2.03398
1705	6.24306	6.27427	2.07019
1706	6.24306	6.27427	1.99362
1707	6.24306	6.27427	1.75758
1708	6.24306	6.27427	1.67758
1709	6.24306	6.27427	2.1635
1710	6.24306	6.27427	2.14898
1711	6.24306	6.27427	2.19533
1712	6.24306	6.27427	2.28259
1713	6.24306	6.27427	2.24074
1714	6.24306	6.27427	2.20931
1715	6.24306	6.27427	2.27096
1716	6.24306	6.27427	2.26476
1717	6.24306	6.27427	2.53068
1718	6.24306	6.27427	2.26416
1719	6.24306	6.27427	2.80608
1720	6.24306	6.27427	2.37586
1721	6.24306	6.27427	2.57855
1722	6.24306	6.27427	2.09677
1723	6.24306	6.27427	2.00876
1724	6.24306	6.27427	2.22714
1725	6.24306	6.27427	2.123
1726	6.24306	6.27427	2.03573
1727	6.24306	6.27427	2.14202
1728	6.24306	6.27427	2.05997
1729	6.24306	6.27427	2.28738
1730	6.24306	6.27427	2.48501
1731	6.24306	6.27427	2.2978
1732	6.24306	6.27427	2.44466
1733	6.24306	6.27427	2.44864
1734	6.24306	6.27427	2.2136
1735	6.24306	6.27427	2.35259
1736	6.24306	6.27427	2.39431
1737	6.24306	6.27427	2.30805
1738	6.24306	6.27427	2.14262
1739	6.24306	6.27427	2.14929
1740	6.24306	6.27427	1.95619
1741	6.24306	6.27427	2.15621
1742	6.24306	6.27427	2.3331
1743	6.24306	6.27427	2.3973
1744	6.24306	6.27427	2.55246
1745	6.24306	6.27427	2.30967
1746	6.24306	6.27427	2.15685
1747	6.24306	6.27427	1.93701
1748	6.24306	6.27427	1.7647
1749	6.24306	6.27427	1.86661
1750	6.24306	6.27427	2.06774
1751	6.24306	6.27427	1.97399
1752	6.24306	6.27427	2.14486
1753	6.24306	6.27427	2.22544
1754	6.24306	6.27427	2.17725
1755	6.24306	6.27427	2.05927
1756	6.24306	6.27427	1.99854
1757	6.24306	6.27427	2.21477
1758	6.24306	6.27427	1.97169
1759	6.24306	6.27427	1.9471
1760	6.24306	6.27427	2.23966
1761	6.24306	6.27427	2.13218
1762	6.24306	6.27427	1.98078
1763	6.24306	6.27427	2.04427
1764	6.24306	6.27427	2.12924
1765	6.24306	6.27427	2.06487
1766	6.24306	6.27427	2.09954
1767	6.24306	6.27427	1.89978
1768	6.24306	6.27427	1.98335
1769	6.24306	6.27427	1.88796
1770	6.24306	6.27427	1.87169
1771	6.24306	6.27427	1.87287
1772	6.24306	6.27427	1.77625
1773	6.24306	6.27427	1.84175
1774	6.24306	6.27427	2.02378
1775	6.24306	6.27427	1.99527
1776	6.24306	6.27427	2.07839
1777	6.24306	6.27427	2.04579
1778	6.24306	6.27427	1.89314
1779	6.24306	6.27427	2.06537
1780	6.24306	6.27427	1.76134
1781	6.24306	6.27427	1.71984
1782	6.24306	6.27427	1.55708
1783	6.24306	6.27427	1.76984
1784	6.24306	6.27427	1.76381
1785	6.24306	6.27427	1.87312
1786	6.24306	6.27427	1.64959
1787	6.24306	6.27427	1.72146
1788	6.24306	6.27427	1.9762
1789	6.24306	6.27427	2.32802
1790	6.24306	6.27427	1.97726
1791	6.24306	6.27427	1.8385
1792	6.24306	6.27427	1.9146
1793	6.24306	6.27427	2.11378
1794	6.24306	6.27427	2.11702
1795	6.24306	6.27427	1.92567
1796	6.24306	6.27427	2.36001
1797	6.24306	6.27427	2.23616
1798	6.24306	6.27427	2.37937
1799	6.24306	6.27427	2.31283
1800	6.24306	6.27427	2.15028
1801	6.24306	6.27427	2.45836
1802	6.24306	6.27427	2.33836
1803	6.24306	6.27427	2.10937
1804	6.24306	6.27427	1.98504
1805	6.24306	6.27427	2.14488
1806	6.24306	6.27427	2.12909
1807	6.24306	6.27427	2.0378
1808	6.24306	6.27427	2.20917
1809	6.24306	6.27427	2.2723
1810	6.24306	6.27427	2.37635
1811	6.24306	6.27427	1.98522
1812	6.24306	6.27427	2.27754
1813	6.24306	6.27427	2.136
1814	6.24306	6.27427	2.03476
1815	6.24306	6.27427	2.1458
1816	6.24306	6.27427	2.30015
1817	6.24306	6.27427	2.1475
1818	6.24306	6.27427	2.28536
1819	6.24306	6.27427	2.54594
1820	6.24306	6.27427	2.64293
1821	6.24306	6.27427	3.0041
1822	6.24306	6.27427	2.58112
1823	6.24306	6.27427	2.58302
1824	6.24306	6.27427	2.12846
1825	6.24306	6.27427	2.32693
1826	6.24306	6.27427	2.16579
1827	6.24306	6.27427	2.18001
1828	6.24306	6.27427	2.06516
1829	6.24306	6.27427	2.00132
1830	6.24306	6.27427	2.36923
1831	6.24306	6.27427	2.24715
1832	6.24306	6.27427	2.39481
1833	6.24306	6.27427	2.25005
1834	6.24306	6.27427	2.25758
1835	6.24306	6.27427	2.07765
1836	6.24306	6.27427	1.95505
1837	6.24306	6.27427	1.67965
1838	6.24306	6.27427	1.98008
1839	6.24306	6.27427	1.68284
1840	6.24306	6.27427	2.088
1841	6.24306	6.27427	2.19177
1842	6.24306	6.27427	2.3505
1843	6.24306	6.27427	2.44564
1844	6.24306	6.27427	2.54767
1845	6.24306	6.27427	2.30992
1846	6.24306	6.27427	2.08864
1847	6.24306	6.27427	2.0233
1848	6.24306	6.27427	2.03392
1849	6.24306	6.27427	1.94414
1850	6.24306	6.27427	2.23956
1851	6.24306	6.27427	1.97181
1852	6.24306	6.27427	2.38831
1853	6.24306	6.27427	2.29293
1854	6.24306	6.27427	2.33449
1855	6.24306	6.27427	2.29217
1856	6.24306	6.27427	2.3607
1857	6.24306	6.27427	2.24047
1858	6.24306	6.27427	2.14854
1859	6.24306	6.27427	2.20899
1860	6.24306	6.27427	2.25216
1861	6.24306	6.27427	2.04547
1862	6.24306	6.27427	2.08983
1863	6.24306	6.27427	2.1057
1864	6.24306	6.27427	2.09103
1865	6.24306	6.27427	1.99299
1866	6.24306	6.27427	1.79058
1867	6.24306	6.27427	1.90776
1868	6.24306	6.27427	1.81744
1869	6.24306	6.27427	2.12422
1870	6.24306	6.27427	2.20838
1871	6.24306	6.27427	2.11931
1872	6.24306	6.27427	1.76234
1873	6.24306	6.27427	2.07522
1874	6.24306	6.27427	2.07076
1875	6.24306	6.27427	1.98808
1876	6.24306	6.27427	2.00327
1877	6.24306	6.27427	2.20161
1878	6.24306	6.27427	2.241
1879	6.24306	6.27427	2.10708
1880	6.24306	6.27427	2.02675
1881	6.24306	6.27427	2.06478
1882	6.24306	6.27427	2.24526
1883	6.24306	6.27427	2.36515
1884	6.24306	6.27427	2.1869
1885	6.24306	6.27427	1.86996
1886	6.24306	6.27427	1.99872
1887	6.24306	6.27427	1.98093
1888	6.24306	6.27427	1.94737
1889	6.24306	6.27427	1.98608
1890	6.24306	6.27427	2.38269
1891	6.24306	6.27427	2.34971
1892	6.24306	6.27427	2.26011
1893	6.24306	6.27427	2.2042
1894	6.24306	6.27427	2.16811
1895	6.24306	6.27427	2.31395
1896	6.24306	6.27427	2.11159
1897	6.24306	6.27427	2.15106
1898	6.24306	6.27427	2.32218
1899	6.24306	6.27427	2.29201
1900	6.24306	6.27427	2.09244
1901	6.24306	6.27427	1.93049
1902	6.24306	6.27427	2.11184
1903	6.24306	6.27427	1.98419
1904	6.24306	6.27427	2.10116
1905	6.24306	6.27427	2.08679
1906	6.24306	6.27427	2.05232
1907	6.24306	6.27427	2.25095
1908	6.24306	6.27427	2.20654
1909	6.24306	6.27427	2.26633
1910	6.24306	6.27427	2.14919
1911	6.24306	6.27427	2.09277
1912	6.24306	6.27427	2.22282
1913	6.24306	6.27427	2.35805
1914	6.24306	6.27427	2.26524
1915	6.24306	6.27427	2.28409
1916	6.24306	6.27427	2.12088
1917	6.24306	6.27427	2.23513
1918	6.24306	6.27427	2.11196
1919	6.24306	6.27427	2.14601
1920	6.24306	6.27427	2.11816
1921	6.24306	6.27427	1.95179
1922	6.24306	6.27427	1.95129
1923	6.24306	6.27427	2.04495
1924	6.24306	6.27427	1.73102
1925	6.24306	6.27427	1.65102
1926	6.24306	6.27427	1.66696
1927	6.24306	6.27427	2.09059
1928	6.24306	6.27427	2.2173
1929	6.24306	6.27427	2.12358
1930	6.24306	6.27427	2.03703
1931	6.24306	6.27427	1.84236
1932	6.24306	6.27427	1.59678
1933	6.24306	6.27427	1.51689
1934	6.24306	6.27427	1.7839
1935	6.24306	6.27427	1.90186
1936	6.24306	6.27427	1.80523
1937	6.24306	6.27427	1.8482
1938	6.24306	6.27427	1.88701
1939	6.24306	6.27427	1.9343
1940	6.24306	6.27427	1.94947
1941	6.24306	6.27427	1.85846
1942	6.24306	6.27427	1.76098
1943	6.24306	6.27427	1.82471
1944	6.24306	6.27427	1.82657
1945	6.24306	6.27427	1.695
1946	6.24306	6.27427	1.82187
1947	6.24306	6.27427	1.64422
1948	6.24306	6.27427	1.61861
1949	6.24306	6.27427	1.71796
1950	6.24306	6.27427	2.24493
1951	6.24306	6.27427	2.24148
1952	6.24306	6.27427	2.19447
1953	6.24306	6.27427	2.0195
1954	6.24306	6.27427	1.7461
1955	6.24306	6.27427	1.86955
1956	6.24306	6.27427	1.99296
1957	6.24306	6.27427	1.96034
1958	6.24306	6.27427	1.75063
1959	6.24306	6.27427	1.78247
1960	6.24306	6.27427	1.7482
1961	6.24306	6.27427	1.91506
1962	6.24306	6.27427	2.0628
1963	6.24306	6.27427	2.01752
1964	6.24306	6.27427	1.87955
1965	6.24306	6.27427	2.07243
1966	6.24306	6.27427	1.80473
1967	6.24306	6.27427	1.86844
1968	6.24306	6.27427	2.03394
1969	6.24306	6.27427	1.79267
1970	6.24306	6.27427	1.98951
1971	6.24306	6.27427	2.00005
1972	6.24306	6.27427	2.11132
1973	6.24306	6.27427	1.9588
1974	6.24306	6.27427	2.03428
1975	6.24306	6.27427	2.17996
1976	6.24306	6.27427	2.16903
1977	6.24306	6.27427	2.00991
1978	6.24306	6.27427	1.95749
1979	6.24306	6.27427	1.83577
1980	6.24306	6.27427	1.82692
1981	6.24306	6.27427	2.04299
1982	6.24306	6.27427	1.90211
1983	6.24306	6.27427	1.66814
1984	6.24306	6.27427	1.62336
1985	6.24306	6.27427	1.82717
1986	6.24306	6.27427	1.98415
1987	6.24306	6.27427	2.02317
1988	6.24306	6.27427	2.14046
1989	6.24306	6.27427	2.11276
1990	6.24306	6.27427	1.99816
1991	6.24306	6.27427	1.91435
1992	6.24306	6.27427	1.7678
1993	6.24306	6.27427	2.05357
1994	6.24306	6.27427	2.09589
1995	6.24306	6.27427	2.13975
1996	6.24306	6.27427	2.04666
1997	6.24306	6.27427	1.89388
1998	6.24306	6.27427	1.7896
1999	6.24306	6.27427	1.72018
