           1    0.889765    0.889765           0
           2    0.888399    0.889082  0.00048302
           3    0.889852    0.889339 0.000384165
           4    0.885904     0.88848 0.000797458
           5    0.887649    0.888314  0.00065509
           6    0.881714    0.887214  0.00114294
           7    0.892419    0.887958  0.00119733
           8    0.891962    0.888458  0.00114752
           9    0.888599    0.888474  0.00102013
          10    0.885742    0.888201 0.000953981
          11    0.889377    0.888308 0.000873226
          12    0.888496    0.888323 0.000800598
          13    0.887738    0.888278 0.000740278
          14    0.889009     0.88833 0.000689239
          15    0.888284    0.888327 0.000643297
          16    0.891768    0.888542  0.00063802
          17    0.884944    0.888331 0.000634634
          18    0.887615    0.888291  0.00060062
          19    0.886695    0.888207  0.00057485
          20    0.887663     0.88818  0.00054675
          21    0.892133    0.888368 0.000552174
          22      0.8876    0.888333 0.000528178
          23     0.88642     0.88825 0.000511719
          24    0.885178    0.888122 0.000506152
          25    0.892956    0.888315 0.000521529
          26    0.890961    0.888417 0.000511304
          27    0.893935    0.888621 0.000531637
          28    0.888021      0.8886 0.000513082
          29    0.887832    0.888574 0.000496072
          30    0.889931    0.888619 0.000481595
          31    0.891393    0.888708 0.000474303
          32     0.89081    0.888774 0.000464008
          33    0.888487    0.888765 0.000450029
          34     0.89262    0.888879 0.000450848
          35    0.886961    0.888824 0.000441283
          36    0.884708    0.888709 0.000443591
          37    0.886296    0.888644 0.000436374
          38    0.889753    0.888673 0.000425864
          39    0.890713    0.888726 0.000418143
          40    0.891681      0.8888 0.000414167
          41    0.888915    0.888802 0.000404075
          42    0.889129     0.88881 0.000394529
          43      0.8885    0.888803  0.00038542
          44    0.895164    0.888948 0.000402866
          45    0.888793    0.888944 0.000393928
          46    0.888535    0.888935 0.000385465
          47    0.890346    0.888965  0.00037843
          48    0.889437    0.888975 0.000370674
          49    0.889568    0.888987 0.000363307
          50    0.887425    0.888956 0.000357382
          51    0.886219    0.888902 0.000354382
          52    0.890192    0.888927 0.000348434
          53    0.888713    0.888923 0.000341883
          54    0.884542    0.888842 0.000345045
          55    0.886334    0.888796 0.000341772
          56    0.887759    0.888778  0.00033617
          57     0.89103    0.888817 0.000332587
          58    0.886527    0.888778 0.000329188
          59    0.885905    0.888729  0.00032719
          60    0.890766    0.888763 0.000323493
          61    0.888528    0.888759 0.000318213
          62    0.890115    0.888781 0.000313832
          63     0.88882    0.888782 0.000308851
          64    0.885325    0.888728 0.000308711
          65    0.889543     0.88874 0.000304216
          66    0.887886    0.888727 0.000299882
          67     0.88688      0.8887 0.000296671
          68    0.888894    0.888703 0.000292322
          69    0.883269    0.888624 0.000298503
          70    0.889891    0.888642 0.000294787
          71    0.890057    0.888662 0.000291308
          72    0.888644    0.888662 0.000287262
          73    0.892112    0.888709  0.00028719
          74    0.885582    0.888667   0.0002864
          75    0.891366    0.888703 0.000284834
          76     0.88686    0.888678 0.000282116
          77    0.893056    0.888735 0.000284122
          78      0.8899     0.88875 0.000280872
          79    0.886918    0.888727 0.000278272
          80      0.8888    0.888728 0.000274795
          81    0.889754    0.888741 0.000271695
          82    0.890301     0.88876 0.000269047
          83    0.889863    0.888773 0.000266133
          84     0.88708    0.888753 0.000263727
          85    0.891313    0.888783 0.000262339
          86    0.892892    0.888831 0.000263605
          87    0.890487     0.88885 0.000261261
          88    0.889209    0.888854 0.000258324
          89    0.892206    0.888891 0.000258154
          90    0.893117    0.888938  0.00025952
          91    0.890582    0.888956 0.000257296
          92    0.895303    0.889025 0.000263586
          93     0.88712    0.889005 0.000261546
          94    0.891111    0.889027 0.000259722
          95    0.893333    0.889073 0.000260912
          96    0.887599    0.889057 0.000258645
          97    0.888242    0.889049 0.000256115
          98    0.891439    0.889073  0.00025466
          99      0.8905    0.889088 0.000252495
         100    0.894226    0.889139 0.000255144
         101    0.892206    0.889169 0.000254419
         102    0.890173    0.889179 0.000252115
         103    0.890018    0.889187 0.000249799
         104    0.887062    0.889167 0.000248231
         105    0.886099    0.889138 0.000247581
         106    0.889741    0.889143 0.000245311
         107    0.889545    0.889147 0.000243047
         108    0.893574    0.889188 0.000244229
         109    0.887177     0.88917 0.000242684
         110    0.887529    0.889155 0.000240936
         111    0.889423    0.889157 0.000238777
         112    0.891323    0.889177 0.000237427
         113    0.891116    0.889194 0.000235945
         114    0.892848    0.889226 0.000236043
         115    0.890138    0.889234 0.000234124
         116    0.888807     0.88923 0.000232134
         117    0.887788    0.889218 0.000230477
         118    0.887547    0.889204 0.000228958
         119    0.892744    0.889233 0.000228959
         120    0.890689    0.889245 0.000227372
         121    0.895467    0.889297 0.000231234
         122    0.892651    0.889324 0.000230968
         123     0.89315    0.889355 0.000231174
         124    0.889523    0.889357 0.000229314
         125    0.889622    0.889359 0.000227489
         126      0.8883    0.889351 0.000225839
         127    0.888097    0.889341 0.000224276
         128    0.886951    0.889322   0.0002233
         129    0.889032     0.88932  0.00022158
         130     0.89148    0.889336 0.000220498
         131    0.891692    0.889354 0.000219547
         132    0.887434     0.88934 0.000218365
         133    0.893094    0.889368  0.00021854
         134    0.891878    0.889387  0.00021771
         135    0.887796    0.889375 0.000216417
         136    0.887387     0.88936 0.000215319
         137    0.887622    0.889348  0.00021412
         138    0.892042    0.889367 0.000213457
         139    0.895485    0.889411 0.000216411
         140    0.892026     0.88943  0.00021567
         141    0.890529    0.889438 0.000214281
         142    0.888625    0.889432 0.000212848
         143    0.885879    0.889407 0.000212806
         144    0.894429    0.889442 0.000214166
         145    0.889093     0.88944 0.000212703
         146    0.885197    0.889411 0.000213221
         147    0.889782    0.889413 0.000211786
         148    0.886163    0.889391  0.00021149
         149     0.88843    0.889385 0.000210169
         150    0.888253    0.889377 0.000208904
         151    0.886676    0.889359 0.000208285
         152    0.889003    0.889357 0.000206928
         153    0.892246    0.889376 0.000206435
         154    0.894183    0.889407 0.000207441
         155    0.892553    0.889427 0.000207094
         156    0.892015    0.889444 0.000206429
         157    0.890624    0.889451 0.000205251
         158    0.891109    0.889462  0.00020422
         159    0.892304     0.88948 0.000203716
         160    0.888072    0.889471 0.000202633
         161    0.887336    0.889458 0.000201808
         162    0.892991    0.889479 0.000201737
         163    0.888892    0.889476 0.000200532
         164    0.893308    0.889499 0.000200666
         165    0.891187    0.889509  0.00019971
         166    0.893933    0.889536 0.000200277
         167    0.889825    0.889538 0.000199085
         168    0.887832    0.889528 0.000198159
         169    0.889132    0.889525    0.000197
         170    0.889383    0.889524 0.000195843
         171    0.890022    0.889527  0.00019472
         172    0.889676    0.889528 0.000193589
         173    0.894795    0.889559 0.000194849
         174    0.890062    0.889562 0.000193751
         175    0.895038    0.889593 0.000195154
         176    0.893071    0.889613 0.000195043
         177    0.890609    0.889618 0.000194023
         178    0.894239    0.889644 0.000194661
         179    0.891564    0.889655 0.000193869
         180    0.892357     0.88967 0.000193372
         181    0.890197    0.889673 0.000192326
         182    0.885366    0.889649 0.000192719
         183    0.892743    0.889666 0.000192406
         184    0.892409    0.889681 0.000191937
         185    0.888785    0.889676 0.000190961
         186    0.894326    0.889701 0.000191564
         187    0.891104    0.889709 0.000190686
         188    0.893967    0.889731 0.000191012
         189     0.88915    0.889728 0.000190026
         190    0.889494    0.889727  0.00018903
         191    0.893766    0.889748  0.00018922
         192    0.891775    0.889759 0.000188529
         193    0.888969    0.889755 0.000187596
         194    0.891063    0.889761  0.00018675
         195    0.892599    0.889776 0.000186359
         196    0.890522     0.88978 0.000185447
         197    0.886646    0.889764 0.000185186
         198    0.894364    0.889787 0.000185703
         199    0.890569    0.889791 0.000184811
         200    0.891136    0.889798 0.000184009
         201    0.889494    0.889796   0.0001831
         202    0.890698    0.889801 0.000182248
         203    0.896712    0.889835 0.000184503
         204    0.887871    0.889825  0.00018385
         205    0.887677    0.889815 0.000183251
         206    0.892786    0.889829 0.000182928
         207    0.892223    0.889841  0.00018241
         208    0.892637    0.889854 0.000182028
         209    0.891403    0.889861 0.000181308
         210    0.888749    0.889856 0.000180522
         211    0.887878    0.889847 0.000179909
         212    0.894994    0.889871 0.000180692
         213    0.894536    0.889893 0.000181166
         214     0.89675    0.889925 0.000183131
         215    0.894392    0.889946 0.000183454
         216    0.890596    0.889949 0.000182629
         217    0.895011    0.889972 0.000183272
         218    0.894171    0.889991  0.00018344
         219    0.893416    0.890007 0.000183268
         220    0.892299    0.890017 0.000182731
         221    0.891608    0.890025 0.000182045
         222    0.893789    0.890042 0.000182014
         223    0.890759    0.890045 0.000181226
         224    0.892195    0.890054 0.000180671
         225    0.887877    0.890045 0.000180127
         226    0.895243    0.890068 0.000180793
         227    0.890276    0.890069 0.000179998
         228    0.891718    0.890076 0.000179354
         229    0.894214    0.890094 0.000179479
         230    0.892304    0.890104 0.000178956
         231    0.889543    0.890101 0.000178197
         232    0.895322    0.890124 0.000178845
         233    0.892289    0.890133 0.000178318
         234    0.891072    0.890137 0.000177602
         235    0.888127    0.890128 0.000177052
         236    0.890991    0.890132 0.000176339
         237    0.889091    0.890128  0.00017565
         238    0.888316     0.89012 0.000175077
         239    0.890427    0.890121 0.000174349
         240    0.890907    0.890125 0.000173653
         241    0.890227    0.890125 0.000172933
         242    0.891692    0.890132  0.00017234
         243     0.89041    0.890133 0.000171634
         244     0.88904    0.890128 0.000170989
         245    0.892687    0.890139  0.00017061
         246    0.892702    0.890149 0.000170234
         247    0.890367     0.89015 0.000169548
         248    0.888793    0.890144 0.000168952
         249    0.889463    0.890142 0.000168296
         250    0.889083    0.890137 0.000167676
         251    0.889459    0.890135 0.000167029
         252    0.890227    0.890135 0.000166367
         253    0.895637    0.890157 0.000167125
         254    0.888408     0.89015 0.000166609
         255    0.889234    0.890146 0.000165994
         256    0.891864    0.890153 0.000165481
         257    0.893735    0.890167 0.000165423
         258    0.890551    0.890169 0.000164788
         259    0.889782    0.890167 0.000164159
         260    0.889399    0.890164 0.000163554
         261    0.892483    0.890173 0.000163169
         262      0.8938    0.890187 0.000163132
         263    0.892159    0.890194 0.000162684
         264    0.891517    0.890199 0.000162145
         265    0.893042     0.89021 0.000161888
         266    0.892235    0.890218 0.000161458
         267    0.892027    0.890224 0.000160996
         268    0.893207    0.890236 0.000160779
         269    0.890138    0.890235 0.000160182
         270    0.892335    0.890243 0.000159777
         271    0.892656    0.890252 0.000159435
         272    0.892106    0.890259 0.000158995
         273    0.891019    0.890262 0.000158437
         274    0.891958    0.890268  0.00015798
         275    0.891105    0.890271 0.000157435
         276    0.890933    0.890273 0.000156882
         277     0.89096    0.890276 0.000156336
         278    0.886712    0.890263 0.000156298
         279    0.888694    0.890257 0.000155839
         280    0.893829     0.89027 0.000155804
         281    0.896419    0.890292 0.000156778
         282    0.887043     0.89028 0.000156645
         283    0.894093    0.890294  0.00015667
         284    0.894986     0.89031 0.000156987
         285     0.89042    0.890311 0.000156437
         286    0.885632    0.890294 0.000156743
         287    0.891338    0.890298 0.000156239
         288    0.893356    0.890309 0.000156057
         289     0.89594    0.890328 0.000156728
         290    0.892921    0.890337 0.000156443
         291    0.894977    0.890353 0.000156716
         292    0.891334    0.890356 0.000156215
         293    0.893377    0.890367 0.000156022
         294    0.888047    0.890359  0.00015569
         295     0.89222    0.890365  0.00015529
         296    0.891603    0.890369 0.000154822
         297    0.890493     0.89037 0.000154301
         298    0.892571    0.890377  0.00015396
         299    0.892933    0.890386 0.000153682
         300    0.893368    0.890396 0.000153491
         301    0.894434    0.890409 0.000153567
         302    0.890159    0.890408  0.00015306
         303    0.890273    0.890408 0.000152556
         304     0.88658    0.890395 0.000152573
         305    0.893313    0.890405 0.000152372
         306    0.894026    0.890416 0.000152333
         307    0.889127    0.890412 0.000151895
         308    0.888994    0.890408 0.000151471
         309    0.889141    0.890404 0.000151036
         310    0.887218    0.890393 0.000150898
         311     0.89064    0.890394 0.000150415
         312    0.891573    0.890398 0.000149981
         313    0.891517    0.890401 0.000149544
         314    0.889109    0.890397 0.000149124
         315    0.891502    0.890401 0.000148692
         316    0.896096    0.890419  0.00014931
         317    0.893765    0.890429 0.000149212
         318    0.890879    0.890431 0.000148749
         319    0.894117    0.890442 0.000148731
         320    0.887944    0.890435 0.000148471
         321    0.886342    0.890422 0.000148555
         322     0.89069    0.890423 0.000148096
         323    0.888921    0.890418  0.00014771
         324    0.889893    0.890416 0.000147263
         325    0.894511    0.890429 0.000147348
         326    0.891866    0.890433 0.000146962
         327    0.894884    0.890447 0.000147142
         328    0.896168    0.890464 0.000147723
         329     0.89484    0.890478 0.000147872
         330    0.888174    0.890471 0.000147588
         331    0.893718    0.890481 0.000147468
         332    0.887505    0.890472 0.000147296
         333    0.894627    0.890484 0.000147381
         334    0.890773    0.890485 0.000146943
         335    0.894866    0.890498 0.000147085
         336    0.888268    0.890491 0.000146797
         337    0.890688    0.890492 0.000146362
         338    0.891814    0.890496 0.000145981
         339    0.893928    0.890506 0.000145901
         340    0.893476    0.890515 0.000145734
         341    0.896915    0.890534  0.00014651
         342    0.889415     0.89053 0.000146118
         343    0.890806    0.890531 0.000145694
         344    0.891066    0.890533 0.000145279
         345    0.894667    0.890545 0.000145351
         346    0.892721    0.890551 0.000145067
         347    0.890201     0.89055 0.000144653
         348      0.8907     0.89055 0.000144238
         349    0.895187    0.890564 0.000144435
         350    0.889242     0.89056 0.000144072
         351     0.89137    0.890562  0.00014368
         352    0.892757    0.890568 0.000143407
         353     0.89513    0.890581 0.000143581
         354    0.888353    0.890575 0.000143314
         355    0.891665    0.890578 0.000142943
         356    0.888021    0.890571 0.000142722
         357    0.891639    0.890574 0.000142353
         358    0.892391    0.890579 0.000142046
         359    0.893609    0.890587 0.000141901
         360    0.893271    0.890595 0.000141702
         361    0.889857    0.890593 0.000141325
         362     0.89276    0.890599 0.000141061
         363    0.891806    0.890602 0.000140712
         364    0.891948    0.890606 0.000140373
         365    0.891226    0.890608 0.000139999
         366     0.89356    0.890616 0.000139849
         367    0.890339    0.890615  0.00013947
         368    0.890304    0.890614 0.000139094
         369    0.893461    0.890622  0.00013893
         370    0.889357    0.890618 0.000138597
         371    0.895573    0.890632 0.000138865
         372    0.891543    0.890634 0.000138514
         373    0.891949    0.890638 0.000138187
         374    0.893126    0.890644 0.000137978
         375    0.894894    0.890656 0.000138074
         376     0.88798    0.890648  0.00013789
         377    0.888634    0.890643 0.000137628
         378    0.890419    0.890643 0.000137265
         379    0.889935    0.890641 0.000136916
         380    0.888313    0.890635 0.000136693
         381    0.891548    0.890637 0.000136355
         382    0.892275    0.890641 0.000136065
         383    0.891487    0.890643 0.000135728
         384    0.893883    0.890652 0.000135637
         385    0.887533    0.890644 0.000135526
         386    0.893031     0.89065 0.000135316
         387    0.891948    0.890653 0.000135008
         388    0.890605    0.890653  0.00013466
         389    0.895458    0.890666 0.000134879
         390    0.892026    0.890669 0.000134578
         391    0.894029    0.890678 0.000134508
         392    0.888989    0.890673 0.000134234
         393    0.887306    0.890665 0.000134166
         394    0.889083    0.890661 0.000133885
         395    0.892404    0.890665 0.000133619
         396    0.891609    0.890668 0.000133303
         397    0.889573    0.890665 0.000132996
         398    0.891722    0.890667 0.000132688
         399    0.892418    0.890672 0.000132428
         400    0.894173    0.890681 0.000132386
         401    0.892561    0.890685 0.000132139
         402    0.894086    0.890694  0.00013208
         403    0.892795    0.890699 0.000131856
         404    0.891968    0.890702 0.000131567
         405    0.887829    0.890695 0.000131433
         406    0.889363    0.890692  0.00013115
         407    0.885909     0.89068 0.000131353
         408    0.886713     0.89067 0.000131391
         409    0.885166    0.890657 0.000131757
         410    0.893058    0.890663 0.000131566
         411    0.891758    0.890665 0.000131273
         412    0.888841    0.890661 0.000131029
         413    0.891096    0.890662 0.000130716
         414    0.885962    0.890651 0.000130892
         415    0.892915    0.890656  0.00013069
         416    0.890736    0.890656 0.000130376
         417    0.892453    0.890661 0.000130135
         418    0.886147     0.89065 0.000130271
         419    0.889871    0.890648 0.000129973
         420     0.89112    0.890649 0.000129668
         421     0.89234    0.890653 0.000129423
         422    0.890337    0.890652 0.000129118
         423     0.88916    0.890649 0.000128861
         424    0.888343    0.890643 0.000128672
         425    0.888436    0.890638 0.000128474
         426    0.888996    0.890634  0.00012823
         427    0.894426    0.890643 0.000128237
         428    0.894206    0.890651 0.000128207
         429    0.889454    0.890649 0.000127939
         430    0.892229    0.890652 0.000127694
         431    0.894845    0.890662 0.000127768
         432    0.889805     0.89066 0.000127487
         433    0.890123    0.890659 0.000127199
         434    0.890011    0.890657 0.000126915
         435    0.891398    0.890659 0.000126634
         436      0.8928    0.890664 0.000126439
         437    0.893674    0.890671 0.000126337
         438    0.891699    0.890673 0.000126071
         439    0.890145    0.890672 0.000125789
         440    0.890378    0.890671 0.000125505
         441    0.890402    0.890671 0.000125222
         442    0.889231    0.890667 0.000124981
         443    0.885562    0.890656 0.000125229
         444    0.891817    0.890659 0.000124974
         445    0.887652    0.890652 0.000124876
         446    0.890949    0.890652 0.000124598
         447    0.890495    0.890652  0.00012432
         448    0.890081    0.890651 0.000124049
         449    0.891844    0.890653 0.000123801
         450    0.886751    0.890645 0.000123829
         451    0.886338    0.890635 0.000123922
         452    0.886797    0.890627 0.000123938
         453    0.893313    0.890633 0.000123807
         454    0.889269     0.89063  0.00012357
         455    0.890707     0.89063 0.000123299
         456    0.895007    0.890639 0.000123402
         457    0.893778    0.890646 0.000123322
         458    0.890944    0.890647 0.000123055
         459    0.891985     0.89065 0.000122821
         460    0.894436    0.890658  0.00012283
         461    0.889665    0.890656 0.000122582
         462    0.891748    0.890658  0.00012234
         463    0.892892    0.890663 0.000122171
         464    0.890453    0.890663 0.000121908
         465    0.887836    0.890657 0.000121797
         466    0.890725    0.890657 0.000121536
         467    0.888502    0.890652 0.000121363
         468    0.893535    0.890658  0.00012126
         469    0.888226    0.890653 0.000121113
         470    0.888843    0.890649 0.000120916
         471    0.892636    0.890654 0.000120733
         472    0.889657    0.890651 0.000120496
         473    0.892609    0.890656 0.000120312
         474    0.892504    0.890659 0.000120121
         475    0.889986    0.890658 0.000119877
         476    0.893598    0.890664 0.000119784
         477    0.890567    0.890664 0.000119533
         478    0.893092    0.890669 0.000119391
         479    0.889254    0.890666 0.000119178
         480    0.896585    0.890678 0.000119566
         481    0.894653    0.890687 0.000119603
         482    0.893959    0.890693 0.000119547
         483    0.893439    0.890699 0.000119435
         484    0.892692    0.890703 0.000119259
         485    0.890536    0.890703 0.000119014
         486    0.891808    0.890705  0.00011879
         487     0.88951    0.890703 0.000118572
         488    0.889112      0.8907 0.000118374
         489    0.888216    0.890694  0.00011824
         490    0.889609    0.890692  0.00011802
         491    0.892481    0.890696 0.000117836
         492    0.889502    0.890693 0.000117621
         493    0.891135    0.890694 0.000117386
         494    0.890071    0.890693 0.000117155
         495    0.893445    0.890699  0.00011705
         496    0.890858    0.890699 0.000116815
         497    0.894666    0.890707 0.000116852
         498     0.89334    0.890712 0.000116737
         499    0.893469    0.890718 0.000116634
         500    0.888567    0.890713  0.00011648
         501    0.888712    0.890709 0.000116316
         502    0.890325    0.890709 0.000116087
         503    0.889425    0.890706 0.000115884
         504    0.888953    0.890703 0.000115706
         505    0.890412    0.890702 0.000115479
         506    0.889523      0.8907 0.000115274
         507    0.893438    0.890705 0.000115173
         508    0.892755    0.890709 0.000115017
         509    0.891052     0.89071 0.000114793
         510    0.894941    0.890718 0.000114867
         511     0.89434    0.890725 0.000114861
         512    0.893331     0.89073 0.000114749
         513    0.891029    0.890731 0.000114527
         514    0.894529    0.890738 0.000114542
         515    0.890258    0.890737 0.000114324
         516    0.892865    0.890741 0.000114177
         517    0.890156     0.89074 0.000113961
         518    0.893138    0.890745 0.000113835
         519    0.893788    0.890751 0.000113767
         520    0.890405     0.89075  0.00011355
         521    0.891444    0.890752  0.00011334
         522    0.895896    0.890761  0.00011355
         523     0.89528     0.89077 0.000113662
         524    0.894068    0.890776 0.000113619
         525    0.891592    0.890778 0.000113413
         526    0.894192    0.890784 0.000113383
         527    0.896809    0.890796 0.000113743
         528    0.891476    0.890797 0.000113534
         529    0.889659    0.890795  0.00011334
         530    0.891979    0.890797 0.000113148
         531    0.889324    0.890794 0.000112969
         532    0.889318    0.890792 0.000112791
         533    0.892231    0.890794 0.000112612
         534    0.887624    0.890788 0.000112557
         535     0.89258    0.890792 0.000112397
         536    0.891807    0.890794 0.000112203
         537    0.895593    0.890803 0.000112349
         538    0.893519    0.890808 0.000112254
         539    0.895257    0.890816 0.000112349
         540     0.88733    0.890809 0.000112326
         541     0.89217    0.890812 0.000112147
         542    0.888861    0.890808 0.000111997
         543    0.894625    0.890815 0.000112012
         544    0.889792    0.890813 0.000111821
         545    0.889515    0.890811 0.000111642
         546    0.895385    0.890819 0.000111751
         547    0.892854    0.890823 0.000111609
         548    0.889239     0.89082 0.000111442
         549    0.896294     0.89083 0.000111684
         550    0.893671    0.890835 0.000111601
         551    0.891994    0.890838 0.000111418
         552    0.890581    0.890837 0.000111217
         553    0.892281     0.89084 0.000111047
         554    0.892537    0.890843 0.000110889
         555    0.892296    0.890845  0.00011072
         556    0.893129    0.890849 0.000110597
         557    0.891223     0.89085   0.0001104
         558    0.894018    0.890856 0.000110348
         559    0.891071    0.890856 0.000110151
         560     0.89075    0.890856 0.000109955
         561    0.890445    0.890855 0.000109761
         562    0.890444    0.890855 0.000109568
         563    0.892561    0.890858 0.000109416
         564    0.887904    0.890852 0.000109347
         565    0.888822    0.890849 0.000109213
         566     0.89007    0.890847 0.000109028
         567    0.892767    0.890851 0.000108889
         568    0.890616     0.89085 0.000108698
         569    0.888701    0.890847 0.000108572
         570    0.887543    0.890841 0.000108536
         571    0.889862    0.890839  0.00010836
         572    0.892237    0.890841 0.000108198
         573    0.890673    0.890841 0.000108009
         574    0.891557    0.890842 0.000107828
         575    0.888137    0.890838 0.000107744
         576    0.894749    0.890845  0.00010777
         577    0.889484    0.890842 0.000107609
         578     0.88796    0.890837 0.000107539
         579     0.89154    0.890838  0.00010736
         580     0.88919    0.890836 0.000107212
         581    0.889064    0.890833 0.000107071
         582    0.895969    0.890841  0.00010725
         583    0.892619    0.890844  0.00010711
         584    0.890145    0.890843 0.000106933
         585    0.892725    0.890846 0.000106798
         586     0.89165    0.890848 0.000106625
         587    0.895466    0.890856 0.000106733
         588    0.890732    0.890855 0.000106552
         589    0.890748    0.890855 0.000106371
         590     0.88888    0.890852 0.000106243
         591     0.89314    0.890856 0.000106134
         592    0.889733    0.890854 0.000105972
         593    0.890342    0.890853 0.000105797
         594    0.890176    0.890852 0.000105625
         595    0.890891    0.890852 0.000105447
         596    0.890675    0.890852 0.000105271
         597    0.894437    0.890858 0.000105266
         598    0.892343     0.89086 0.000105119
         599    0.886171    0.890852 0.000105234
         600    0.890404    0.890852 0.000105062
 