           1    -5.01929    -5.01929           0
           2    -5.01837    -5.01883 0.000323549
           3    -5.01922    -5.01896  0.00024076
           4    -5.01161    -5.01712  0.00160232
           5    -5.01539    -5.01678  0.00131851
           6    -5.00282    -5.01445  0.00239136
           7    -5.02528      -5.016  0.00250051
           8    -5.02563     -5.0172  0.00246104
           9    -5.01989     -5.0175  0.00220561
          10    -5.01307    -5.01706  0.00202894
          11    -5.01967    -5.01729   0.0018584
          12    -5.01564    -5.01716  0.00170863
          13    -5.01577    -5.01705  0.00158051
          14    -5.01943    -5.01722  0.00147673
          15    -5.01693     -5.0172   0.0013784
          16    -5.02475    -5.01767  0.00137061
          17    -5.01147    -5.01731  0.00133771
          18    -5.01736    -5.01731   0.0012634
          19    -5.01434    -5.01715  0.00120656
          20    -5.01657    -5.01712  0.00114659
          21    -5.02712     -5.0176  0.00118675
          22    -5.01713    -5.01758    0.001133
          23    -5.01469    -5.01745  0.00109069
          24    -5.01042    -5.01716  0.00108395
          25    -5.02528    -5.01749  0.00108813
          26    -5.02155    -5.01764  0.00105748
          27    -5.02803    -5.01803  0.00108609
          28    -5.01504    -5.01792  0.00105252
          29    -5.01482    -5.01781  0.00102163
          30    -5.02033     -5.0179 0.000991017
          31    -5.02287    -5.01806 0.000971923
          32    -5.02269     -5.0182 0.000952255
          33    -5.01739    -5.01818 0.000923717
          34    -5.02596    -5.01841 0.000924473
          35    -5.01455     -5.0183 0.000904617
          36    -5.00931    -5.01805 0.000913313
          37    -5.01241    -5.01789 0.000901246
          38     -5.0214    -5.01799 0.000882226
          39    -5.02259     -5.0181 0.000867462
          40    -5.02435    -5.01826 0.000859704
          41    -5.01893    -5.01828 0.000838892
          42    -5.01829    -5.01828 0.000818919
          43    -5.01727    -5.01825 0.000800206
          44    -5.02946    -5.01851 0.000821533
          45    -5.01553    -5.01844 0.000805946
          46    -5.01687    -5.01841  0.00078915
          47    -5.02064    -5.01846 0.000773793
          48    -5.01857    -5.01846 0.000757677
          49    -5.01961    -5.01848 0.000742577
          50    -5.01429     -5.0184 0.000732432
          51    -5.01172    -5.01827  0.00072968
          52    -5.02206    -5.01834 0.000719279
          53    -5.01905    -5.01835 0.000705834
          54    -5.01046    -5.01821 0.000707728
          55    -5.01408    -5.01813 0.000698821
          56    -5.01674    -5.01811 0.000686787
          57    -5.02454    -5.01822 0.000683938
          58    -5.01492    -5.01816 0.000674508
          59    -5.01444     -5.0181 0.000666014
          60    -5.02403     -5.0182 0.000662217
          61    -5.02015    -5.01823 0.000652136
          62     -5.0238    -5.01832 0.000647784
          63    -5.01975    -5.01834 0.000637902
          64    -5.01317    -5.01826 0.000633028
          65    -5.02035    -5.01829 0.000624102
          66    -5.01731    -5.01828 0.000614825
          67    -5.01521    -5.01823 0.000607355
          68     -5.0189    -5.01824 0.000598502
          69    -5.00572    -5.01806 0.000616746
          70    -5.02003    -5.01809 0.000608573
          71    -5.02095    -5.01813 0.000601336
          72    -5.01816    -5.01813 0.000592984
          73    -5.02547    -5.01823 0.000593316
          74    -5.01141    -5.01814 0.000592418
          75    -5.02354    -5.01821 0.000588874
          76    -5.01418    -5.01816 0.000583514
          77    -5.02724    -5.01828  0.00058774
          78     -5.0198     -5.0183 0.000580527
          79    -5.01407    -5.01824 0.000575641
          80    -5.01965    -5.01826 0.000568713
          81    -5.02108    -5.01829  0.00056276
          82    -5.02203    -5.01834  0.00055774
          83    -5.01862    -5.01834 0.000551031
          84    -5.01279    -5.01828 0.000548424
          85    -5.02055     -5.0183 0.000542625
          86     -5.0228    -5.01836 0.000538831
          87    -5.01783    -5.01835 0.000532672
          88    -5.01527    -5.01832 0.000527768
          89    -5.02095    -5.01834 0.000522665
          90    -5.02334     -5.0184 0.000519799
          91    -5.01847     -5.0184 0.000514088
          92    -5.02787     -5.0185 0.000518698
          93    -5.00995    -5.01841 0.000521206
          94    -5.01865    -5.01841 0.000515668
          95    -5.02385    -5.01847 0.000513401
          96    -5.01118     -5.0184 0.000513643
          97    -5.01248    -5.01834 0.000511952
          98     -5.0179    -5.01833 0.000506747
          99    -5.01547     -5.0183 0.000502451
         100    -5.02501    -5.01837 0.000501887
         101    -5.02104     -5.0184 0.000497615
         102    -5.01663    -5.01838 0.000493036
         103    -5.01755    -5.01837 0.000488315
         104    -5.01223    -5.01831 0.000487173
         105     -5.0095    -5.01823  0.00048971
         106    -5.01632    -5.01821 0.000485421
         107    -5.01406    -5.01817  0.00048243
         108    -5.02434    -5.01823 0.000481335
         109     -5.0108    -5.01816 0.000481716
         110    -5.01247    -5.01811  0.00048011
         111    -5.01645    -5.01809 0.000476017
         112    -5.02037    -5.01811   0.0004722
         113    -5.01831    -5.01811 0.000468025
         114    -5.02177    -5.01815 0.000465014
         115    -5.01641    -5.01813 0.000461216
         116    -5.01259    -5.01808 0.000459704
         117    -5.01294    -5.01804 0.000457872
         118    -5.01285      -5.018 0.000456095
         119    -5.02111    -5.01802 0.000453015
         120     -5.0173    -5.01802 0.000449279
         121    -5.02701    -5.01809 0.000451672
         122    -5.02123    -5.01812   0.0004487
         123    -5.02232    -5.01815 0.000446353
         124    -5.01419    -5.01812 0.000443895
         125    -5.01417    -5.01809 0.000441466
         126    -5.01155    -5.01803 0.000441003
         127    -5.01264    -5.01799  0.00043957
         128    -5.01086    -5.01794 0.000439654
         129    -5.01477    -5.01791 0.000436929
         130     -5.0199    -5.01793 0.000433836
         131    -5.02018    -5.01794 0.000430865
         132    -5.00926    -5.01788 0.000432599
         133    -5.02252    -5.01791 0.000430754
         134    -5.01976    -5.01793  0.00042776
         135    -5.01128    -5.01788 0.000427413
         136     -5.0119    -5.01783 0.000426527
         137    -5.01194    -5.01779 0.000425577
         138    -5.01935     -5.0178 0.000422644
         139    -5.02763    -5.01787 0.000425477
         140    -5.02138     -5.0179 0.000423174
         141    -5.01783     -5.0179 0.000420173
         142     -5.0147    -5.01788 0.000417819
         143    -5.00861    -5.01781  0.00041989
         144     -5.0274    -5.01788 0.000422224
         145    -5.01711    -5.01787 0.000419345
         146     -5.0095    -5.01781 0.000420377
         147    -5.01737    -5.01781 0.000417529
         148    -5.00997    -5.01776 0.000418052
         149    -5.01357    -5.01773 0.000416188
         150    -5.01315     -5.0177 0.000414533
         151    -5.00882    -5.01764 0.000415936
         152    -5.01256    -5.01761 0.000414541
         153    -5.01985    -5.01762 0.000412091
         154     -5.0235    -5.01766 0.000411177
         155    -5.02084    -5.01768 0.000409037
         156     -5.0188    -5.01769 0.000406477
         157    -5.01553    -5.01767 0.000404121
         158    -5.01539    -5.01766 0.000401822
         159    -5.01889    -5.01767 0.000399369
         160    -5.01174    -5.01763 0.000398586
         161     -5.0099    -5.01758 0.000398989
         162    -5.01977     -5.0176 0.000396753
         163    -5.01202    -5.01756 0.000395789
         164    -5.01977    -5.01758 0.000393604
         165    -5.01618    -5.01757  0.00039131
         166    -5.02214    -5.01759  0.00038992
         167    -5.01348    -5.01757 0.000388364
         168    -5.00883    -5.01752 0.000389519
         169    -5.01249    -5.01749  0.00038835
         170    -5.01341    -5.01746 0.000386807
         171    -5.01568    -5.01745 0.000384687
         172    -5.01402    -5.01743 0.000382967
         173    -5.02436    -5.01747 0.000382839
         174    -5.01409    -5.01745 0.000381134
         175    -5.02217    -5.01748 0.000379907
         176    -5.02016     -5.0175 0.000378052
         177    -5.01575    -5.01749 0.000376045
         178    -5.02335    -5.01752 0.000375371
         179    -5.01796    -5.01752 0.000373282
         180    -5.01948    -5.01753 0.000371365
         181    -5.01493    -5.01752 0.000369592
         182    -5.00346    -5.01744 0.000375543
         183    -5.01997    -5.01745 0.000373746
         184    -5.01992    -5.01747 0.000371954
         185    -5.01348    -5.01745 0.000370567
         186    -5.02484    -5.01749 0.000370697
         187    -5.01755    -5.01749 0.000368715
         188    -5.02348    -5.01752 0.000368131
         189     -5.0138     -5.0175 0.000366709
         190    -5.01401    -5.01748 0.000365239
         191    -5.02281    -5.01751 0.000364389
         192    -5.01852    -5.01751 0.000362529
         193    -5.01254    -5.01749 0.000361566
         194    -5.01729    -5.01749 0.000359704
         195    -5.02087     -5.0175 0.000358278
         196     -5.0167     -5.0175 0.000356474
         197    -5.00787    -5.01745 0.000357997
         198    -5.02338    -5.01748 0.000357439
         199    -5.01597    -5.01747 0.000355724
         200    -5.01735    -5.01747 0.000353946
         201    -5.01388    -5.01746 0.000352637
         202    -5.01612    -5.01745 0.000350953
         203    -5.02745     -5.0175 0.000352666
         204    -5.00907    -5.01746 0.000353349
         205    -5.00733    -5.01741 0.000355063
         206    -5.01985    -5.01742 0.000353537
         207    -5.01852    -5.01742 0.000351869
         208    -5.01962    -5.01743 0.000350335
         209    -5.01643    -5.01743 0.000348692
         210     -5.0121     -5.0174 0.000347953
         211    -5.01049    -5.01737 0.000347846
         212    -5.02474    -5.01741 0.000347938
         213    -5.02308    -5.01743 0.000347323
         214    -5.02678    -5.01748 0.000348434
         215    -5.02171     -5.0175 0.000347369
         216    -5.01329    -5.01748 0.000346306
         217    -5.02211     -5.0175 0.000345368
         218    -5.02036    -5.01751 0.000344032
         219     -5.0202    -5.01752 0.000342681
         220    -5.01626    -5.01752 0.000341172
         221    -5.01642    -5.01751 0.000339664
         222    -5.01904    -5.01752 0.000338203
         223     -5.0132     -5.0175 0.000337241
         224    -5.01698     -5.0175 0.000335744
         225     -5.0072    -5.01745 0.000337355
         226    -5.02204    -5.01747 0.000336473
         227    -5.01291    -5.01745 0.000335591
         228     -5.0153    -5.01744 0.000334252
         229    -5.02081    -5.01746 0.000333116
         230    -5.01791    -5.01746 0.000331674
         231    -5.01238    -5.01744 0.000330967
         232    -5.02416    -5.01747 0.000330805
         233    -5.01951    -5.01748 0.000329501
         234    -5.01838    -5.01748 0.000328115
         235    -5.01198    -5.01746 0.000327553
         236    -5.01733    -5.01746 0.000326165
         237    -5.01493    -5.01745 0.000324963
         238    -5.01248    -5.01742 0.000324266
         239    -5.01567    -5.01742 0.000322992
         240    -5.01799    -5.01742 0.000321655
         241    -5.01675    -5.01742 0.000320332
         242    -5.01903    -5.01742 0.000319078
         243    -5.01678    -5.01742 0.000317776
         244    -5.01364    -5.01741 0.000316852
         245    -5.02065    -5.01742 0.000315836
         246    -5.01986    -5.01743 0.000314708
         247    -5.01401    -5.01741 0.000313739
         248    -5.01188    -5.01739 0.000313265
         249    -5.01377    -5.01738 0.000312344
         250    -5.01257    -5.01736 0.000311687
         251    -5.01315    -5.01734 0.000310895
         252    -5.01402    -5.01733  0.00030994
         253    -5.02588    -5.01736 0.000310553
         254    -5.01107    -5.01734 0.000310316
         255     -5.0137    -5.01732 0.000309427
         256    -5.01755    -5.01732  0.00030822
         257    -5.02213    -5.01734 0.000307587
         258    -5.01636    -5.01734 0.000306419
         259    -5.01532    -5.01733 0.000305335
         260    -5.01227    -5.01731 0.000304781
         261    -5.01928    -5.01732 0.000303706
         262    -5.02057    -5.01733 0.000302801
         263    -5.01641    -5.01733  0.00030167
         264    -5.01519    -5.01732 0.000300636
         265     -5.0189    -5.01733  0.00029956
         266    -5.01699    -5.01732 0.000298437
         267    -5.01699    -5.01732 0.000297322
         268    -5.01748    -5.01732 0.000296213
         269    -5.01236    -5.01731 0.000295686
         270    -5.01579     -5.0173 0.000294644
         271    -5.01587    -5.01729 0.000293604
         272    -5.01587    -5.01729 0.000292571
         273    -5.01402    -5.01728 0.000291745
         274    -5.01641    -5.01727 0.000290698
         275    -5.01368    -5.01726 0.000289935
         276    -5.01405    -5.01725 0.000289117
         277    -5.01518    -5.01724  0.00028817
         278    -5.00621     -5.0172 0.000289852
         279    -5.01188    -5.01718  0.00028944
         280    -5.02215     -5.0172  0.00028895
         281    -5.02632    -5.01723 0.000289738
         282    -5.00815     -5.0172 0.000290497
         283    -5.02272    -5.01722 0.000290124
         284    -5.02414    -5.01725 0.000290124
         285     -5.0154    -5.01724 0.000289178
         286    -5.00559     -5.0172 0.000291022
         287     -5.0171     -5.0172 0.000290008
         288    -5.02008    -5.01721 0.000289174
         289    -5.02456    -5.01723  0.00028929
         290    -5.01976    -5.01724 0.000288424
         291    -5.02412    -5.01727 0.000288401
         292    -5.01564    -5.01726 0.000287466
         293    -5.02051    -5.01727 0.000286699
         294    -5.01038    -5.01725 0.000286679
         295    -5.01882    -5.01725 0.000285757
         296    -5.01713    -5.01725 0.000284792
         297    -5.01372    -5.01724 0.000284081
         298     -5.0181    -5.01724 0.000283142
         299    -5.01822    -5.01725 0.000282214
         300    -5.01993    -5.01726 0.000281415
         301    -5.02243    -5.01727 0.000281005
         302    -5.01419    -5.01726  0.00028026
         303    -5.01502    -5.01726 0.000279433
         304    -5.00774    -5.01722  0.00028026
         305    -5.02121    -5.01724 0.000279646
         306    -5.02137    -5.01725 0.000279058
         307    -5.01091    -5.01723 0.000278913
         308    -5.01081    -5.01721 0.000278784
         309    -5.01221    -5.01719 0.000278352
         310    -5.00788    -5.01716 0.000279069
         311    -5.01452    -5.01715 0.000278302
         312    -5.01599    -5.01715 0.000277435
         313    -5.01725    -5.01715 0.000276548
         314    -5.01166    -5.01713  0.00027622
         315    -5.01707    -5.01713 0.000275343
         316     -5.0266    -5.01716 0.000276098
         317    -5.02113    -5.01718 0.000275511
         318    -5.01494    -5.01717 0.000274734
         319    -5.02263    -5.01719 0.000274405
         320    -5.00888    -5.01716 0.000274772
         321    -5.00517    -5.01712 0.000276442
         322    -5.01387    -5.01711 0.000275768
         323    -5.01005    -5.01709  0.00027578
         324    -5.01234    -5.01708 0.000275318
         325    -5.02131    -5.01709 0.000274778
         326    -5.01557    -5.01708 0.000273975
         327     -5.0216     -5.0171 0.000273485
         328    -5.02512    -5.01712 0.000273744
         329    -5.02139    -5.01714 0.000273219
         330    -5.00768    -5.01711 0.000273889
         331    -5.02056    -5.01712  0.00027326
         332    -5.00665    -5.01709 0.000274249
         333    -5.02111     -5.0171 0.000273691
         334    -5.01265    -5.01708 0.000273196
         335    -5.02017    -5.01709 0.000272536
         336     -5.0078    -5.01707 0.000273124
         337    -5.01211    -5.01705  0.00027271
         338    -5.01234    -5.01704 0.000272258
         339    -5.01661    -5.01704 0.000271458
         340    -5.01586    -5.01703 0.000270682
         341    -5.02421    -5.01705 0.000270704
         342     -5.0083    -5.01703 0.000271121
         343    -5.01066    -5.01701 0.000270965
         344    -5.01312      -5.017 0.000270413
         345    -5.02161    -5.01701 0.000269959
         346    -5.01675    -5.01701  0.00026918
         347     -5.0106    -5.01699 0.000269038
         348     -5.0132    -5.01698 0.000268486
         349    -5.02266      -5.017 0.000268208
         350    -5.01071    -5.01698 0.000268044
         351    -5.01283    -5.01697 0.000267541
         352    -5.01595    -5.01697 0.000266797
         353    -5.01995    -5.01697 0.000266174
         354    -5.00569    -5.01694 0.000267324
         355    -5.01346    -5.01693 0.000266751
         356    -5.00636     -5.0169  0.00026765
         357    -5.01443     -5.0169  0.00026699
         358    -5.01577    -5.01689 0.000266262
         359    -5.02007     -5.0169 0.000265668
         360    -5.01809     -5.0169  0.00026495
         361    -5.01111    -5.01689 0.000264702
         362    -5.01792    -5.01689 0.000263986
         363    -5.01585    -5.01689 0.000263274
         364     -5.0164    -5.01689 0.000262555
         365     -5.0139    -5.01688 0.000261962
         366    -5.01904    -5.01688 0.000261313
         367    -5.01275    -5.01687 0.000260844
         368    -5.01219    -5.01686 0.000260446
         369    -5.02068    -5.01687 0.000259946
         370    -5.01171    -5.01686 0.000259617
         371    -5.02714    -5.01688 0.000260392
         372     -5.0178    -5.01689 0.000259704
         373    -5.01957    -5.01689 0.000259107
         374    -5.02153    -5.01691 0.000258711
         375    -5.02532    -5.01693 0.000258992
         376    -5.01127    -5.01691  0.00025874
         377    -5.01345     -5.0169 0.000258217
         378    -5.01689     -5.0169 0.000257534
         379    -5.01636     -5.0169 0.000256858
         380    -5.01317    -5.01689  0.00025637
         381    -5.01931     -5.0169 0.000255775
         382    -5.02129    -5.01691 0.000255364
         383    -5.01841    -5.01692 0.000254727
         384     -5.0226    -5.01693 0.000254494
         385       -5.01    -5.01691 0.000254469
         386    -5.02171    -5.01692 0.000254113
         387    -5.01929    -5.01693  0.00025353
         388    -5.01581    -5.01693 0.000252892
         389    -5.02626    -5.01695 0.000253378
         390    -5.02006    -5.01696 0.000252854
         391    -5.02379    -5.01698  0.00025281
         392     -5.0131    -5.01697 0.000252359
         393    -5.01042    -5.01695 0.000252266
         394    -5.01265    -5.01694 0.000251862
         395    -5.01975    -5.01695 0.000251324
         396    -5.01852    -5.01695 0.000250721
         397     -5.0144    -5.01694 0.000250172
         398    -5.01787    -5.01695 0.000249554
         399    -5.01817    -5.01695 0.000248948
         400     -5.0209    -5.01696 0.000248521
         401    -5.01887    -5.01696 0.000247947
         402    -5.02028    -5.01697 0.000247468
         403     -5.0202    -5.01698 0.000246983
         404    -5.01862    -5.01698 0.000246405
         405    -5.00995    -5.01697 0.000246408
         406    -5.01311    -5.01696 0.000245984
         407    -5.00689    -5.01693  0.00024662
         408    -5.00933    -5.01691 0.000246718
         409    -5.00483    -5.01689 0.000247878
         410    -5.02226     -5.0169  0.00024762
         411    -5.01819     -5.0169 0.000247038
         412    -5.01256    -5.01689 0.000246662
         413    -5.01828    -5.01689 0.000246088
         414    -5.00703    -5.01687 0.000246645
         415    -5.02134    -5.01688 0.000246286
         416    -5.01748    -5.01688 0.000245698
         417    -5.02144    -5.01689 0.000245352
         418    -5.00877    -5.01687 0.000245533
         419    -5.01655    -5.01687 0.000244949
         420    -5.01979    -5.01688 0.000244464
         421    -5.02276    -5.01689 0.000244282
         422    -5.01851     -5.0169 0.000243733
         423    -5.01657     -5.0169 0.000243158
         424    -5.01513    -5.01689 0.000242621
         425    -5.01669    -5.01689  0.00024205
         426    -5.01722    -5.01689 0.000241483
         427    -5.02731    -5.01692 0.000242146
         428    -5.02662    -5.01694 0.000242638
         429    -5.01623    -5.01694 0.000242078
         430    -5.02252    -5.01695 0.000241863
         431    -5.02819    -5.01698 0.000242702
         432    -5.01725    -5.01698 0.000242141
         433    -5.01664    -5.01698 0.000241583
         434    -5.01744    -5.01698 0.000241029
         435    -5.02057    -5.01699 0.000240617
         436    -5.02219      -5.017 0.000240361
         437    -5.02572    -5.01702 0.000240637
         438    -5.01896    -5.01702 0.000240128
         439    -5.01724    -5.01702 0.000239582
         440    -5.01836    -5.01703 0.000239057
         441    -5.01858    -5.01703 0.000238541
         442    -5.01657    -5.01703 0.000238003
         443    -5.00952    -5.01701 0.000238068
         444    -5.02346    -5.01703 0.000237975
         445    -5.01316    -5.01702 0.000237599
         446    -5.01954    -5.01702 0.000237133
         447    -5.02031    -5.01703 0.000236717
         448    -5.01989    -5.01704 0.000236274
         449    -5.02374    -5.01705 0.000236218
         450    -5.01316    -5.01704 0.000235851
         451     -5.0125    -5.01703 0.000235544
         452    -5.01373    -5.01703 0.000235136
         453    -5.02701    -5.01705 0.000235647
         454    -5.01728    -5.01705 0.000235128
         455    -5.01993    -5.01706 0.000234697
         456    -5.02758    -5.01708 0.000235313
         457    -5.02571     -5.0171 0.000235554
         458    -5.02075    -5.01711 0.000235175
         459    -5.02302    -5.01712 0.000235016
         460    -5.02855    -5.01714 0.000235815
         461    -5.01629    -5.01714  0.00023531
         462    -5.02053    -5.01715 0.000234916
         463    -5.02404    -5.01716  0.00023488
         464    -5.01753    -5.01716 0.000234375
         465    -5.01206    -5.01715 0.000234128
         466    -5.01926    -5.01716 0.000233669
         467    -5.01376    -5.01715 0.000233282
         468    -5.02497    -5.01717 0.000233381
         469    -5.01331    -5.01716 0.000233029
         470    -5.01516    -5.01715 0.000232571
         471    -5.02176    -5.01716 0.000232283
         472     -5.0161    -5.01716 0.000231802
         473    -5.02087    -5.01717 0.000231444
         474    -5.01855    -5.01717 0.000230974
         475    -5.01262    -5.01716 0.000230686
         476    -5.02008    -5.01717 0.000230283
         477    -5.01318    -5.01716 0.000229953
         478    -5.01851    -5.01716 0.000229489
         479    -5.00938    -5.01715 0.000229584
         480    -5.02471    -5.01716 0.000229646
         481     -5.0206    -5.01717 0.000229279
         482    -5.02059    -5.01718 0.000228914
         483    -5.01948    -5.01718 0.000228489
         484    -5.01783    -5.01718 0.000228021
         485    -5.01336    -5.01718 0.000227687
         486    -5.01482    -5.01717  0.00022727
         487    -5.00965    -5.01716 0.000227328
         488    -5.00813    -5.01714 0.000227613
         489    -5.00751    -5.01712 0.000227998
         490    -5.00999     -5.0171 0.000227996
         491    -5.01546     -5.0171 0.000227556
         492    -5.00853    -5.01708 0.000227759
         493    -5.01265    -5.01707 0.000227474
         494    -5.00955    -5.01706 0.000227522
         495    -5.01624    -5.01706 0.000227069
         496    -5.01178    -5.01705  0.00022686
         497    -5.01953    -5.01705 0.000226459
         498    -5.01782    -5.01705 0.000226009
         499    -5.01946    -5.01706 0.000225608
         500    -5.00981    -5.01704 0.000225621
         501     -5.0087    -5.01703 0.000225784
         502    -5.01299    -5.01702 0.000225478
         503    -5.01045      -5.017 0.000225407
         504    -5.00922    -5.01699 0.000225489
         505    -5.01147    -5.01698 0.000225307
         506    -5.00968    -5.01696 0.000225322
         507     -5.0189    -5.01697  0.00022491
         508    -5.01756    -5.01697  0.00022447
         509    -5.01527    -5.01697 0.000224054
         510    -5.02187    -5.01698 0.000223821
         511    -5.01989    -5.01698 0.000223456
         512    -5.01817    -5.01698 0.000223032
         513    -5.01236    -5.01697 0.000222779
         514    -5.01981    -5.01698 0.000222413
         515    -5.01214    -5.01697 0.000222179
         516    -5.01793    -5.01697 0.000221757
         517    -5.01246    -5.01696 0.000221499
         518    -5.01888    -5.01697 0.000221102
         519    -5.02054    -5.01697 0.000220784
         520     -5.0128    -5.01697 0.000220505
         521    -5.01487    -5.01696 0.000220118
         522    -5.02377    -5.01698 0.000220083
         523    -5.02246    -5.01699 0.000219911
         524    -5.02149    -5.01699 0.000219659
         525    -5.01726    -5.01699 0.000219242
         526    -5.02177      -5.017 0.000219013
         527    -5.02543    -5.01702  0.00021918
         528    -5.01554    -5.01702 0.000218783
         529    -5.01245    -5.01701  0.00021854
         530    -5.01665    -5.01701 0.000218128
         531    -5.01306      -5.017 0.000217844
         532    -5.01212    -5.01699 0.000217628
         533    -5.01757    -5.01699 0.000217222
         534     -5.0087    -5.01698  0.00021737
         535    -5.02009    -5.01698 0.000217041
         536    -5.01842    -5.01699 0.000216653
         537    -5.02532      -5.017 0.000216804
         538    -5.02255    -5.01701 0.000216647
         539    -5.02559    -5.01703 0.000216829
         540    -5.00907    -5.01701 0.000216928
         541    -5.01959    -5.01702 0.000216579
         542    -5.01227    -5.01701 0.000216357
         543    -5.02387    -5.01702 0.000216327
         544     -5.0128    -5.01701 0.000216069
         545    -5.01077      -5.017 0.000215976
         546    -5.02413    -5.01701 0.000215975
         547    -5.02011    -5.01702 0.000215654
         548    -5.01295    -5.01701 0.000215388
         549    -5.02832    -5.01703 0.000215978
         550    -5.02272    -5.01704 0.000215833
         551    -5.01921    -5.01705 0.000215477
         552     -5.0167    -5.01705 0.000215088
         553    -5.02041    -5.01705 0.000214784
         554    -5.02047    -5.01706 0.000214485
         555    -5.02051    -5.01707 0.000214189
         556    -5.02245    -5.01708 0.000214022
         557    -5.01821    -5.01708 0.000213648
         558    -5.02412    -5.01709 0.000213637
         559    -5.01936    -5.01709 0.000213294
         560      -5.018     -5.0171 0.000212919
         561    -5.01725     -5.0171  0.00021254
         562    -5.01719     -5.0171 0.000212162
         563    -5.02188     -5.0171 0.000211955
         564    -5.01145    -5.01709 0.000211815
         565    -5.01396    -5.01709 0.000211513
         566    -5.01581    -5.01709 0.000211151
         567    -5.02144    -5.01709 0.000210918
         568    -5.01708    -5.01709 0.000210547
         569    -5.01204    -5.01709 0.000210364
         570    -5.01012    -5.01707  0.00021035
         571    -5.01469    -5.01707 0.000210022
         572    -5.01992    -5.01707 0.000209714
         573    -5.01705    -5.01707 0.000209348
         574    -5.01773    -5.01708 0.000208987
         575    -5.01243    -5.01707 0.000208779
         576    -5.02706    -5.01708 0.000209136
         577    -5.01713    -5.01708 0.000208774
         578    -5.01454    -5.01708 0.000208459
         579    -5.02074    -5.01709 0.000208195
         580    -5.01549    -5.01708 0.000207854
         581    -5.01472    -5.01708 0.000207536
         582    -5.02975     -5.0171 0.000208317
         583    -5.02086    -5.01711  0.00020806
         584    -5.01684    -5.01711 0.000207704
         585    -5.02125    -5.01711 0.000207469
         586    -5.01942    -5.01712 0.000207153
         587    -5.02705    -5.01714 0.000207489
         588    -5.01675    -5.01713 0.000207137
         589    -5.01501    -5.01713 0.000206817
         590    -5.01087    -5.01712 0.000206739
         591    -5.01971    -5.01712 0.000206435
         592    -5.01204    -5.01712 0.000206265
         593     -5.0132    -5.01711 0.000206023
         594    -5.01272     -5.0171 0.000205809
         595    -5.01413     -5.0171 0.000205524
         596    -5.01386    -5.01709 0.000205251
         597    -5.02179     -5.0171 0.000205058
         598    -5.01725     -5.0171 0.000204715
         599    -5.00483    -5.01708 0.000205395
         600     -5.0118    -5.01707 0.000205242
       