           1    0.959349    0.959349           0
           2    0.960456    0.959902 0.000391184
           3    0.955389    0.958398  0.00125564
           4    0.957482    0.958169 0.000962374
           5    0.965032    0.959542  0.00144912
           6    0.958731    0.959407  0.00121388
           7    0.968417    0.960694  0.00158205
           8    0.961738    0.960824  0.00138966
           9    0.962841    0.961048  0.00125318
          10    0.959493    0.960893  0.00113748
          11    0.959958    0.960808  0.00103724
          12     0.96337    0.961021 0.000972528
          13    0.962181     0.96111 0.000901799
          14    0.955698    0.960724 0.000916519
          15    0.962621     0.96085 0.000864098
          16    0.961982    0.960921 0.000812981
          17    0.966701    0.961261 0.000833237
          18    0.960349     0.96121 0.000788486
          19    0.963456    0.961329 0.000755789
          20    0.958974    0.961211 0.000727115
          21    0.957193    0.961019 0.000717222
          22    0.960192    0.960982 0.000685607
          23    0.956757    0.960798 0.000679955
          24    0.958641    0.960708 0.000657537
          25    0.961752     0.96075 0.000632561
          26    0.961657    0.960785 0.000609192
          27    0.957011    0.960645 0.000602448
          28     0.96709    0.960875 0.000623358
          29    0.961584      0.9609 0.000602342
          30    0.956033    0.960738 0.000603717
          31    0.961392    0.960759 0.000584612
          32    0.959677    0.960725 0.000567319
          33    0.959405    0.960685 0.000551537
          34    0.958811     0.96063 0.000538062
          35     0.95788    0.960551 0.000528394
          36    0.955761    0.960418 0.000530207
          37    0.965894    0.960566 0.000536133
          38     0.96193    0.960602 0.000523224
          39    0.962167    0.960642 0.000511344
          40    0.959989    0.960626 0.000498821
          41    0.961119    0.960638   0.0004868
          42    0.957844    0.960571 0.000479732
          43    0.962749    0.960622  0.00047124
          44    0.962914    0.960674 0.000463399
          45    0.962708    0.960719 0.000455301
          46    0.960592    0.960716 0.000445412
          47    0.962542    0.960755 0.000437625
          48    0.961251    0.960766  0.00042863
          49    0.960443    0.960759 0.000419933
          50    0.962271    0.960789 0.000412621
          51    0.961329      0.9608 0.000404666
          52     0.96098    0.960803 0.000396899
          53    0.959879    0.960786 0.000389793
          54    0.963624    0.960838 0.000386103
          55    0.963332    0.960884 0.000381736
          56     0.96211    0.960906 0.000375546
          57    0.955814    0.960816 0.000379434
          58    0.961623     0.96083 0.000373147
          59    0.971337    0.961008 0.000407101
          60    0.957278    0.960946 0.000405035
          61    0.962297    0.960968    0.000399
          62    0.961709     0.96098 0.000392743
          63     0.95663    0.960911 0.000392533
          64    0.961453     0.96092  0.00038649
          65    0.964898    0.960981  0.00038536
          66    0.955063    0.960891 0.000389812
          67    0.964407    0.960944  0.00038751
          68    0.961043    0.960945 0.000381814
          69    0.959772    0.960928 0.000376659
          70    0.957628    0.960881 0.000374216
          71    0.956003    0.960812 0.000375199
          72    0.958503     0.96078 0.000371356
          73    0.961494     0.96079 0.000366398
          74    0.959178    0.960768 0.000362094
          75    0.960684    0.960767 0.000357267
          76     0.96044    0.960763 0.000352592
          77    0.961275    0.960769 0.000348076
          78    0.959925    0.960759 0.000343782
          79    0.962201    0.960777 0.000339915
          80    0.961001     0.96078 0.000335677
          81    0.963772    0.960817  0.00033356
          82    0.956496    0.960764 0.000333628
          83    0.964859    0.960813 0.000333236
          84    0.958514    0.960786 0.000330391
          85    0.965436    0.960841 0.000331003
          86    0.962164    0.960856 0.000327511
          87    0.963761    0.960889 0.000325444
          88      0.9562    0.960836  0.00032608
          89    0.963536    0.960866 0.000323824
          90    0.962732    0.960887 0.000320889
          91      0.9626    0.960906 0.000317914
          92    0.965064    0.960951 0.000317654
          93    0.959203    0.960932 0.000314794
          94      0.9597    0.960919 0.000311718
          95    0.963466    0.960946 0.000309588
          96    0.960753    0.960944  0.00030637
          97    0.954208    0.960875 0.000310981
          98    0.963864    0.960905   0.0003093
          99    0.957448     0.96087 0.000308141
         100    0.960783    0.960869  0.00030506
         101    0.959115    0.960852 0.000302534
         102    0.961522    0.960859  0.00029964
         103      0.9595    0.960845 0.000297021
         104     0.96526    0.960888 0.000297182
         105    0.962406    0.960902 0.000294703
         106    0.960375    0.960897 0.000291965
         107    0.965438     0.96094 0.000292304
         108    0.961211    0.960942 0.000289609
         109    0.962347    0.960955 0.000287238
         110    0.958611    0.960934 0.000285416
         111      0.9618    0.960942 0.000282951
         112    0.958007    0.960915 0.000281635
         113    0.956852    0.960879  0.00028143
         114    0.959673    0.960869  0.00027916
         115    0.959751    0.960859 0.000276902
         116    0.960004    0.960852 0.000274613
         117    0.961415    0.960857 0.000272308
         118    0.965469    0.960896 0.000272791
         119    0.961289    0.960899 0.000270518
         120    0.958724    0.960881 0.000268871
         121     0.95909    0.960866 0.000267055
         122    0.964494    0.960896 0.000266517
         123    0.959655    0.960886 0.000264541
         124    0.962054    0.960895 0.000262576
         125    0.960206     0.96089 0.000260533
         126    0.961231    0.960892 0.000258479
         127    0.955778    0.960852 0.000259563
         128    0.961659    0.960858 0.000257611
         129    0.958538     0.96084 0.000256241
         130    0.961432    0.960845 0.000254311
         131    0.958704    0.960829 0.000252894
         132    0.960217    0.960824 0.000251021
         133    0.955775    0.960786 0.000251988
         134    0.959126    0.960774 0.000250412
         135    0.962002    0.960783 0.000248722
         136    0.961068    0.960785 0.000246902
         137    0.960366    0.960782 0.000245119
         138    0.960356    0.960779 0.000243362
         139    0.960954     0.96078 0.000241615
         140    0.960895    0.960781  0.00023989
         141    0.960994    0.960782 0.000238194
         142    0.955345    0.960744 0.000239574
         143    0.962954    0.960759 0.000238397
         144    0.963324    0.960777 0.000237406
         145    0.961972    0.960785 0.000235911
         146    0.959419    0.960776 0.000234481
         147    0.961742    0.960783 0.000232978
         148    0.958684    0.960769 0.000231835
         149    0.959555     0.96076 0.000230422
         150    0.963902    0.960781 0.000229835
         151    0.963069    0.960796 0.000228812
         152    0.955765    0.960763 0.000229688
         153    0.960439    0.960761 0.000228197
         154    0.959316    0.960752 0.000226908
         155    0.967427    0.960795 0.000229494
         156    0.960358    0.960792  0.00022804
         157    0.956843    0.960767 0.000227971
         158    0.958207    0.960751 0.000227103
         159    0.959228    0.960741 0.000225876
         160    0.959787    0.960735 0.000224543
         161    0.961032    0.960737 0.000223156
         162    0.957702    0.960718 0.000222564
         163    0.961295    0.960722 0.000221227
         164    0.964245    0.960743 0.000220918
         165    0.963802    0.960762 0.000220356
         166     0.95625    0.960735 0.000220698
         167    0.959992     0.96073 0.000219422
         168    0.957149    0.960709 0.000219149
         169    0.958429    0.960695 0.000218267
         170    0.964292    0.960717 0.000218006
         171    0.964239    0.960737 0.000217702
         172    0.956886    0.960715 0.000217584
         173    0.956914    0.960693 0.000217433
         174    0.961912      0.9607 0.000216296
         175    0.961643    0.960705 0.000215128
         176    0.960301    0.960703 0.000213917
         177     0.96036    0.960701 0.000212718
         178    0.958481    0.960689 0.000211888
         179    0.958616    0.960677  0.00021102
         180      0.9608    0.960678 0.000209849
         181     0.96033    0.960676 0.000208698
         182    0.959456    0.960669 0.000207659
         183    0.958649    0.960658 0.000206818
         184     0.96046    0.960657 0.000205697
         185    0.969951    0.960707  0.00021063
         186    0.954827    0.960676 0.000211857
         187    0.959922    0.960672 0.000210762
         188    0.965936      0.9607 0.000211493
         189    0.966376     0.96073 0.000212496
         190    0.959104    0.960721  0.00021155
         191    0.960535     0.96072 0.000210445
         192    0.962874    0.960731 0.000209647
         193    0.956436    0.960709 0.000209739
         194    0.960298    0.960707 0.000208669
         195     0.95754    0.960691 0.000208229
         196    0.959053    0.960682 0.000207335
         197    0.961053    0.960684 0.000206291
         198    0.964567    0.960704 0.000206179
         199     0.95914    0.960696 0.000205293
         200    0.961761    0.960701 0.000204335
         201    0.962779    0.960712  0.00020358
         202    0.967339    0.960744 0.000205198
         203    0.961884     0.96075 0.000204264
         204    0.965084    0.960771 0.000204365
         205    0.959172    0.960763 0.000203517
         206    0.955225    0.960737 0.000204297
         207    0.960147    0.960734  0.00020333
         208    0.964602    0.960752 0.000203202
         209    0.957591    0.960737 0.000202792
         210    0.956522    0.960717 0.000202817
         211    0.961726    0.960722 0.000201912
         212    0.965052    0.960742  0.00020199
         213    0.958999    0.960734 0.000201208
         214    0.963233    0.960746 0.000200606
         215    0.961755     0.96075 0.000199728
         216    0.957108    0.960734 0.000199514
         217    0.962054     0.96074 0.000198687
         218    0.962237    0.960747 0.000197894
         219     0.96234    0.960754 0.000197124
         220    0.965878    0.960777   0.0001976
         221    0.957803    0.960764 0.000197163
         222    0.964429     0.96078 0.000196965
         223    0.963715    0.960793 0.000196521
         224    0.963934    0.960807 0.000196143
         225      0.9571    0.960791 0.000195962
         226    0.959704    0.960786 0.000195154
         227    0.963794    0.960799 0.000194744
         228    0.963119     0.96081 0.000194155
         229    0.961482    0.960812 0.000193329
         230    0.961731    0.960816  0.00019253
         231    0.962838    0.960825 0.000191895
         232    0.960075    0.960822 0.000191096
         233     0.95999    0.960818 0.000190309
         234    0.963299    0.960829  0.00018979
         235    0.962527    0.960836  0.00018912
         236    0.957525    0.960822 0.000188839
         237    0.961215    0.960824 0.000188049
         238    0.959223    0.960817 0.000187379
         239    0.959448    0.960811 0.000186683
         240     0.96521     0.96083 0.000186802
         241     0.96295    0.960839 0.000186234
         242    0.962694    0.960846 0.000185623
         243     0.95779    0.960834 0.000185284
         244    0.964611    0.960849  0.00018517
         245    0.962236    0.960855 0.000184501
         246    0.963893    0.960867 0.000184164
         247    0.958385    0.960857 0.000183692
         248    0.961694     0.96086 0.000182983
         249      0.9585    0.960851 0.000182493
         250    0.959334    0.960845 0.000181864
         251    0.962447    0.960851 0.000181251
         252     0.96103    0.960852 0.000180534
         253    0.960679    0.960851 0.000179821
         254    0.961201    0.960853 0.000179119
         255    0.961135    0.960854  0.00017842
         256    0.959286    0.960848 0.000177828
         257    0.955876    0.960828 0.000178185
         258    0.961053    0.960829 0.000177496
         259    0.965032    0.960845 0.000177551
         260    0.966016    0.960865 0.000177979
         261    0.957545    0.960853 0.000177751
         262    0.960377    0.960851 0.000177082
         263    0.958563    0.960842 0.000176622
         264    0.960487    0.960841 0.000175958
         265    0.956886    0.960826 0.000175925
         266    0.962852    0.960833 0.000175429
         267    0.960351    0.960832 0.000174781
         268     0.96202    0.960836 0.000174185
         269    0.962456    0.960842 0.000173642
         270    0.958524    0.960833 0.000173211
         271    0.962078    0.960838 0.000172632
         272    0.958419    0.960829 0.000172227
         273     0.96144    0.960831  0.00017161
         274    0.959142    0.960825 0.000171095
         275    0.955354    0.960805 0.000171625
         276    0.962225     0.96081  0.00017108
         277    0.958452    0.960802 0.000170675
         278    0.960316      0.9608  0.00017007
         279    0.961425    0.960802 0.000169475
         280    0.962829     0.96081 0.000169024
         281    0.960013    0.960807 0.000168446
         282    0.956965    0.960793 0.000168399
         283    0.962097    0.960798 0.000167867
         284    0.965496    0.960814 0.000168089
         285     0.95484    0.960793 0.000168802
         286    0.962878    0.960801 0.000168369
         287    0.962111    0.960805 0.000167844
         288    0.959218      0.9608 0.000167352
         289    0.961755    0.960803 0.000166805
         290    0.963162    0.960811 0.000166428
         291    0.964428    0.960824  0.00016632
         292    0.964562    0.960836 0.000166242
         293    0.963524    0.960846 0.000165928
         294    0.963597    0.960855 0.000165627
         295    0.956651    0.960841 0.000165678
         296    0.967441    0.960863 0.000166612
         297    0.959917     0.96086 0.000166081
         298    0.959835    0.960856  0.00016556
         299     0.96119    0.960858  0.00016501
         300    0.958416    0.960849  0.00016466
