           1    -5.00951    -5.00951           0
           2    -4.96089     -4.9852   0.0171903
           3    -4.93424    -4.96821   0.0179914
           4    -4.94966    -4.96357   0.0140789
           5    -4.94386    -4.95963   0.0118023
           6    -4.89038    -4.94809   0.0144131
           7     -4.9452    -4.94768     0.01236
           8    -4.93817    -4.94649    0.010872
           9    -4.94793    -4.94665  0.00966515
          10    -4.98596    -4.95058  0.00946442
          11    -4.94059    -4.94967  0.00864743
          12    -4.92166    -4.94734  0.00823589
          13    -4.91138    -4.94457  0.00805332
          14    -4.92903    -4.94346  0.00755419
          15       -4.93    -4.94256  0.00710369
          16    -4.92981    -4.94177  0.00670429
          17    -4.92117    -4.94055  0.00641842
          18    -4.95476    -4.94134  0.00611014
          19     -4.9327    -4.94089  0.00580548
          20    -4.93143    -4.94042  0.00553445
          21    -4.94207    -4.94049  0.00527147
          22    -4.97133     -4.9419  0.00521482
          23    -4.97775    -4.94345  0.00521591
          24    -4.93176    -4.94297  0.00502129
          25    -4.91757    -4.94195  0.00492216
          26    -4.92043    -4.94112  0.00480191
          27    -4.94864     -4.9414  0.00463214
          28    -4.94234    -4.94144  0.00446683
          29    -4.89551    -4.93985  0.00458491
          30    -4.95955    -4.94051  0.00447885
          31    -4.94285    -4.94058  0.00433501
          32    -4.90277     -4.9394  0.00435762
          33    -4.95046    -4.93974  0.00423843
          34    -4.94172     -4.9398  0.00411417
          35    -4.92866    -4.93948  0.00400891
          36    -4.92871    -4.93918   0.0039087
          37    -4.92563    -4.93881  0.00382018
          38    -4.93922    -4.93882  0.00371966
          39    -4.96924     -4.9396  0.00370514
          40    -4.96352     -4.9402  0.00366043
          41    -4.91915    -4.93969  0.00360697
          42    -4.93694    -4.93962  0.00352168
          43    -4.96902    -4.94031  0.00350552
          44    -4.96069    -4.94077  0.00345632
          45    -4.93794    -4.94071  0.00338008
          46    -4.93059    -4.94049  0.00331374
          47    -4.94554    -4.94059  0.00324498
          48    -4.90305    -4.93981  0.00327029
          49    -4.95875     -4.9402  0.00322631
          50      -4.904    -4.93947  0.00324198
          51    -4.94275    -4.93954  0.00317905
          52    -4.92435    -4.93925   0.0031313
          53    -4.94734     -4.9394  0.00307594
          54    -4.93854    -4.93938  0.00301902
          55    -4.88295    -4.93836  0.00313367
          56     -4.9295     -4.9382  0.00308171
          57    -4.95882    -4.93856   0.0030488
          58    -4.91259    -4.93811  0.00302893
          59    -4.95581    -4.93841  0.00299241
          60    -4.93192     -4.9383  0.00294449
          61    -4.90199    -4.93771  0.00295578
          62    -4.94306     -4.9378  0.00290937
          63     -4.9127     -4.9374  0.00289033
          64    -4.95108    -4.93761  0.00285307
          65    -4.91322    -4.93724  0.00283374
          66     -4.9306    -4.93714  0.00279258
          67     -4.9486    -4.93731  0.00275614
          68    -4.95188    -4.93752  0.00272393
          69    -4.91259    -4.93716  0.00270832
          70    -4.92823    -4.93703  0.00267263
          71     -4.9342    -4.93699  0.00263528
          72    -4.92717    -4.93686  0.00260221
          73    -4.92563     -4.9367   0.0025711
          74    -4.91186    -4.93637  0.00255817
          75    -4.95287    -4.93659  0.00253351
          76    -4.93646    -4.93658  0.00250017
          77    -4.90578    -4.93618   0.0024995
          78    -4.88531    -4.93553  0.00255113
          79    -4.93168    -4.93548   0.0025193
          80    -4.92626    -4.93537  0.00249045
          81    -4.96413    -4.93572  0.00248488
          82    -4.95761    -4.93599  0.00246887
          83    -4.95448    -4.93621  0.00244915
          84     -4.9524    -4.93641  0.00242756
          85    -4.92216    -4.93624  0.00240478
          86    -4.92289    -4.93608  0.00238183
          87    -4.94675    -4.93621  0.00235761
          88    -4.92464    -4.93607  0.00233448
          89    -4.92018     -4.9359  0.00231507
          90    -4.93343    -4.93587  0.00228951
          91    -4.85585    -4.93499  0.00242733
          92       -4.89     -4.9345  0.00244972
          93    -4.92893    -4.93444  0.00242411
          94    -4.91367    -4.93422  0.00240837
          95    -4.94689    -4.93435  0.00238671
          96    -4.90306    -4.93403  0.00238401
          97    -4.92202     -4.9339  0.00236264
          98    -4.88667    -4.93342  0.00238719
          99    -4.88457    -4.93293  0.00241354
         100    -4.92823    -4.93288  0.00238986
         101    -4.96408    -4.93319  0.00238608
         102    -4.90917    -4.93295  0.00237429
         103    -4.95182    -4.93314  0.00235829
         104     -4.9516    -4.93331  0.00234229
         105    -4.92453    -4.93323  0.00232147
         106    -4.93655    -4.93326  0.00229978
         107    -4.94838     -4.9334  0.00228262
         108    -4.94958    -4.93355  0.00226639
         109    -4.92701    -4.93349   0.0022464
         110    -4.95482    -4.93369  0.00223432
         111    -4.95599    -4.93389  0.00222321
         112    -4.91973    -4.93376  0.00220695
         113    -4.92597    -4.93369   0.0021885
         114    -4.93498     -4.9337  0.00216933
         115    -4.90342    -4.93344  0.00216638
         116    -4.95117    -4.93359   0.0021531
         117    -4.97003     -4.9339  0.00215709
         118    -4.91651    -4.93376  0.00214385
         119    -4.96626    -4.93403  0.00214316
         120    -4.95707    -4.93422  0.00213388
         121    -4.93605    -4.93424   0.0021163
         122    -4.89239    -4.93389  0.00212658
         123    -4.89481    -4.93358   0.0021329
         124    -4.95295    -4.93373  0.00212141
         125    -4.91567    -4.93359  0.00210936
         126     -4.9104     -4.9334  0.00210063
         127    -4.96245    -4.93363  0.00209651
         128    -4.91892    -4.93352  0.00208328
         129    -4.95289    -4.93367  0.00207253
         130    -4.91057    -4.93349  0.00206419
         131    -4.92376    -4.93342  0.00204977
         132    -4.96174    -4.93363  0.00204544
         133    -4.93927    -4.93367   0.0020305
         134    -4.93641    -4.93369  0.00201545
         135    -4.89508    -4.93341  0.00202072
         136    -4.94181    -4.93347  0.00200681
         137    -4.93588    -4.93349  0.00199224
         138    -4.90592    -4.93329  0.00198779
         139    -4.94026    -4.93334  0.00197412
         140     -4.8869    -4.93301  0.00198769
         141     -4.9506    -4.93313  0.00197751
         142    -4.88643     -4.9328  0.00199075
         143    -4.88905     -4.9325   0.0020002
         144    -4.93168    -4.93249  0.00198631
         145    -4.91378    -4.93236   0.0019768
         146    -4.94794    -4.93247  0.00196614
         147    -4.95181     -4.9326  0.00195716
         148    -4.97847    -4.93291  0.00196833
         149    -4.95536    -4.93306  0.00196088
         150    -4.89214    -4.93279  0.00196669
         151     -4.9369    -4.93281  0.00195385
         152    -4.94791    -4.93291  0.00194352
         153    -4.96104     -4.9331  0.00193949
         154    -4.91285    -4.93297  0.00193135
         155    -4.95106    -4.93308  0.00192242
         156    -4.94074    -4.93313  0.00191072
         157    -4.93795    -4.93316   0.0018988
         158    -4.94247    -4.93322  0.00188769
         159    -4.92463    -4.93317   0.0018766
         160    -4.94369    -4.93323  0.00186602
         161    -4.95377    -4.93336  0.00185878
         162    -4.95508    -4.93349  0.00185214
         163    -4.92047    -4.93341   0.0018425
         164    -4.92366    -4.93336  0.00183223
         165    -4.92006    -4.93327  0.00182289
         166    -4.95059    -4.93338  0.00181489
         167    -4.94579    -4.93345  0.00180554
         168    -4.97049    -4.93367  0.00180821
         169    -4.94527    -4.93374  0.00179881
         170    -4.93762    -4.93377  0.00178837
         171    -4.95033    -4.93386  0.00178054
         172    -4.92771    -4.93383  0.00177054
         173    -4.91116     -4.9337  0.00176515
         174    -4.95499    -4.93382  0.00175924
         175    -4.93561    -4.93383  0.00174922
         176     -4.9913    -4.93415   0.0017695
         177    -4.92572    -4.93411  0.00176014
         178    -4.91865    -4.93402  0.00175239
         179    -4.93554    -4.93403  0.00174263
         180    -4.92544    -4.93398   0.0017336
         181    -4.91875     -4.9339  0.00172606
         182    -4.91934    -4.93382  0.00171843
         183    -4.92346    -4.93376  0.00170997
         184    -4.90978    -4.93363  0.00170564
         185    -4.98753    -4.93392  0.00172112
         186      -4.931    -4.93391  0.00171194
         187    -4.93014    -4.93389   0.0017029
         188     -4.9283    -4.93386   0.0016941
         189     -4.9405    -4.93389   0.0016855
         190    -4.97236    -4.93409  0.00168875
         191    -4.89355    -4.93388   0.0016932
         192    -4.94553    -4.93394  0.00168547
         193    -4.90996    -4.93382  0.00168131
         194     -4.9302     -4.9338  0.00167274
         195    -4.91161    -4.93368  0.00166803
         196    -4.92787    -4.93366  0.00165979
         197    -4.93355    -4.93365  0.00165136
         198    -4.92806    -4.93363  0.00164326
         199    -4.95849    -4.93375  0.00163975
         200    -4.91677    -4.93367  0.00163375
         201     -4.8997     -4.9335  0.00163433
         202    -4.92728    -4.93347  0.00162653
         203    -4.91477    -4.93337  0.00162112
         204    -4.92124    -4.93332  0.00161427
         205    -4.95706    -4.93343  0.00161054
         206    -4.91253    -4.93333  0.00160592
         207    -4.90024    -4.93317   0.0016061
         208    -4.91632    -4.93309  0.00160042
         209    -4.90465    -4.93295  0.00159854
         210    -4.91761    -4.93288  0.00159259
         211    -4.93982    -4.93291  0.00158539
         212    -4.92663    -4.93288  0.00157818
         213    -4.91359    -4.93279  0.00157337
         214     -4.9546    -4.93289  0.00156932
         215    -4.98012    -4.93311  0.00157732
         216     -4.9539    -4.93321  0.00157295
         217    -4.92274    -4.93316  0.00156644
         218    -4.95212    -4.93325  0.00156166
         219    -4.93724    -4.93327  0.00155464
         220    -4.93495    -4.93327  0.00154759
         221    -4.98596    -4.93351  0.00155884
         222    -4.97477     -4.9337  0.00156286
         223    -4.98193    -4.93391  0.00157074
         224    -4.96415    -4.93405  0.00156952
         225    -4.97551    -4.93423  0.00157333
         226    -4.91821    -4.93416  0.00156796
         227    -4.95889    -4.93427  0.00156483
         228    -4.93116    -4.93426  0.00155803
         229    -4.89743     -4.9341   0.0015595
         230    -4.94228    -4.93413  0.00155313
         231    -4.94904     -4.9342  0.00154774
         232    -4.96815    -4.93434  0.00154797
         233    -4.94111    -4.93437   0.0015416
         234     -4.9539    -4.93446  0.00153727
         235    -4.93436    -4.93446  0.00153073
         236    -4.94365     -4.9345  0.00152474
         237    -4.92999    -4.93448  0.00151843
         238    -4.95389    -4.93456  0.00151423
         239    -4.93813    -4.93457  0.00150797
         240    -4.94624    -4.93462  0.00150247
         241    -4.94759    -4.93468   0.0014972
         242     -4.8891    -4.93449  0.00150282
         243    -4.94043    -4.93451  0.00149683
         244    -4.93823    -4.93453  0.00149077
         245    -4.93112    -4.93451  0.00148475
         246    -4.91925    -4.93445  0.00148001
         247    -4.94236    -4.93448  0.00147437
         248    -4.95041    -4.93455  0.00146982
         249    -4.95852    -4.93464  0.00146707
         250    -4.96573    -4.93477  0.00146646
         251    -4.90677    -4.93466  0.00146486
         252    -4.93721    -4.93467  0.00145908
         253    -4.95876    -4.93476  0.00145642
         254    -4.92604    -4.93473  0.00145109
         255    -4.90599    -4.93461  0.00144977
         256    -4.96061    -4.93472  0.00144765
         257    -4.91826    -4.93465  0.00144344
         258    -4.91618    -4.93458  0.00143962
         259    -4.93411    -4.93458  0.00143406
         260    -4.95425    -4.93465  0.00143054
         261    -4.95872    -4.93475  0.00142802
         262    -4.92354     -4.9347  0.00142322
         263    -4.92022    -4.93465  0.00141887
         264     -4.9034    -4.93453  0.00141842
         265    -4.93419    -4.93453  0.00141307
         266    -4.89291    -4.93437  0.00141639
         267    -4.91942    -4.93432   0.0014122
         268    -4.93796    -4.93433  0.00140699
         269    -4.95823    -4.93442  0.00140456
         270    -4.89656    -4.93428  0.00140634
         271    -4.93274    -4.93427  0.00140117
         272    -4.94465    -4.93431  0.00139653
         273    -4.90968    -4.93422  0.00139433
         274    -4.91403    -4.93415  0.00139119
         275    -4.88562    -4.93397  0.00139727
         276    -4.90676    -4.93387  0.00139568
         277    -4.91051    -4.93379  0.00139319
         278    -4.92169    -4.93374  0.00138886
         279    -4.92845    -4.93373  0.00138401
         280    -4.98457    -4.93391  0.00139093
         281    -4.95439    -4.93398  0.00138788
         282    -4.98624    -4.93417  0.00139528
         283    -4.93819    -4.93418  0.00139042
         284    -4.93777    -4.93419  0.00138558
         285     -4.9323    -4.93419  0.00138074
         286    -4.91264    -4.93411  0.00137796
         287    -4.89978    -4.93399  0.00137835
         288    -4.92157    -4.93395  0.00137423
         289    -4.94629    -4.93399  0.00137014
         290    -4.95793    -4.93407   0.0013679
         291    -4.95317    -4.93414  0.00136478
         292    -4.92303     -4.9341  0.00136063
         293    -4.92161    -4.93406  0.00135665
         294    -4.89801    -4.93393  0.00135757
         295     -4.9309    -4.93392  0.00135301
         296    -4.94319    -4.93396   0.0013488
         297    -4.93882    -4.93397  0.00134436
         298    -4.91475    -4.93391  0.00134139
         299    -4.93955    -4.93393  0.00133704
         300    -4.89393    -4.93379  0.00133921
         301    -4.93222    -4.93379  0.00133477
         302    -4.97533    -4.93393  0.00133742
         303    -4.91591    -4.93387  0.00133433
         304    -4.92985    -4.93385  0.00133001
         305    -4.93995    -4.93387   0.0013258
         306    -4.94657    -4.93391  0.00132211
         307     -4.9451    -4.93395  0.00131831
         308    -4.95932    -4.93403   0.0013166
         309    -4.97915    -4.93418  0.00132041
         310    -4.91912    -4.93413  0.00131704
         311    -4.90808    -4.93405  0.00131547
         312      -4.995    -4.93424  0.00132568
         313    -4.96904    -4.93435   0.0013261
         314    -4.99581    -4.93455  0.00133624
         315    -4.91499    -4.93449  0.00133344
         316    -4.95181    -4.93454  0.00133035
         317      -4.938    -4.93455   0.0013262
         318    -4.96667    -4.93465  0.00132587
         319    -4.89894    -4.93454  0.00132643
         320    -4.95736    -4.93461   0.0013242
         321     -4.9493    -4.93466  0.00132086
         322    -4.95439    -4.93472  0.00131818
         323    -4.87851    -4.93455  0.00132554
         324    -4.91438    -4.93448  0.00132291
         325    -4.93712    -4.93449  0.00131886
         326    -4.94457    -4.93452  0.00131518
         327     -4.9153    -4.93446  0.00131247
         328    -4.96208    -4.93455  0.00131117
         329    -4.89777    -4.93444  0.00131194
         330    -4.92762    -4.93442  0.00130812
         331    -4.93841    -4.93443  0.00130423
         332    -4.88762    -4.93429   0.0013079
         333    -4.92886    -4.93427  0.00130407
         334    -4.89234    -4.93415   0.0013062
         335    -4.95151     -4.9342  0.00130333
         336    -4.92409    -4.93417  0.00129979
         337    -4.94793    -4.93421  0.00129658
         338    -4.92043    -4.93417  0.00129338
         339    -4.93528    -4.93417  0.00128957
         340     -4.9315    -4.93416   0.0012858
         341    -4.94619     -4.9342  0.00128252
         342    -4.99296    -4.93437  0.00129022
         343    -4.93719    -4.93438  0.00128649
         344     -4.9307    -4.93437  0.00128279
         345     -4.9382    -4.93438  0.00127912
         346    -4.92704    -4.93436   0.0012756
         347    -4.91443     -4.9343  0.00127322
         348    -4.93481     -4.9343  0.00126956
         349    -4.94108    -4.93432  0.00126607
         350    -4.92304    -4.93429  0.00126286
         351    -4.95287    -4.93434  0.00126037
         352     -4.9682    -4.93444  0.00126046
         353     -4.9067    -4.93436  0.00125933
         354    -4.92415    -4.93433  0.00125611
         355    -4.93548    -4.93433  0.00125257
         356    -4.93267    -4.93433  0.00124906
         357    -4.93698    -4.93434  0.00124559
         358    -4.95103    -4.93438  0.00124298
         359    -4.94783    -4.93442  0.00124008
         360    -4.91704    -4.93437  0.00123758
         361    -4.95429    -4.93443  0.00123538
         362    -4.94692    -4.93446  0.00123245
         363    -4.95773    -4.93453  0.00123072
         364    -4.95955    -4.93459  0.00122926
         365    -4.91567    -4.93454  0.00122698
         366    -4.93368    -4.93454  0.00122363
         367    -4.93744    -4.93455  0.00122032
         368    -4.95958    -4.93462   0.0012189
         369    -4.90413    -4.93453  0.00121839
         370    -4.94894    -4.93457  0.00121572
         371    -4.91972    -4.93453   0.0012131
         372    -4.97754    -4.93465  0.00121534
         373    -4.95983    -4.93472  0.00121396
         374    -4.92286    -4.93468  0.00121112
         375    -4.95936    -4.93475  0.00120968
         376    -4.89479    -4.93464  0.00121112
         377    -4.94631    -4.93467   0.0012083
         378    -4.97546    -4.93478  0.00120992
         379    -4.96752    -4.93487   0.0012098
         380    -4.92782    -4.93485  0.00120676
         381    -4.93415    -4.93485   0.0012036
         382    -4.90929    -4.93478   0.0012023
         383     -4.9338    -4.93478  0.00119917
         384    -4.93368    -4.93478  0.00119605
         385    -4.95789    -4.93484  0.00119445
         386    -4.94686    -4.93487  0.00119176
         387    -4.97705    -4.93498  0.00119365
         388     -4.9732    -4.93507  0.00119464
         389    -4.91966    -4.93503  0.00119222
         390    -4.93081    -4.93502  0.00118921
         391    -4.95741    -4.93508  0.00118755
         392    -4.93337    -4.93508  0.00118453
         393    -4.96406    -4.93515  0.00118381
         394    -4.95654     -4.9352  0.00118205
         395     -4.9304    -4.93519  0.00117912
         396    -4.96741    -4.93527  0.00117894
         397    -4.96442    -4.93535  0.00117826
         398    -4.93597    -4.93535   0.0011753
         399    -4.92129    -4.93531  0.00117288
         400    -4.94527    -4.93534  0.00117021
         401    -4.95614    -4.93539  0.00116844
         402    -4.95271    -4.93543  0.00116633
         403    -4.94601    -4.93546  0.00116373
         404     -4.9214    -4.93543  0.00116137
         405    -4.92118    -4.93539  0.00115904
         406    -4.90705    -4.93532  0.00115828
         407    -4.91917    -4.93528  0.00115612
         408    -4.91857    -4.93524  0.00115401
         409    -4.91662    -4.93519  0.00115208
         410    -4.98089    -4.93531  0.00115465
         411    -4.95773    -4.93536  0.00115313
         412    -4.96537    -4.93543  0.00115263
         413    -4.94183    -4.93545  0.00114994
         414    -4.92141    -4.93541  0.00114767
         415    -4.94109    -4.93543  0.00114498
         416    -4.84546    -4.93521  0.00116248
         417    -4.96237    -4.93528  0.00116151
         418    -4.95215    -4.93532  0.00115943
         419    -4.95889    -4.93537  0.00115803
         420    -4.96883    -4.93545  0.00115801
         421    -4.93728    -4.93546  0.00115527
         422     -4.9088    -4.93539  0.00115426
         423    -4.96744    -4.93547  0.00115401
         424    -4.95467    -4.93552  0.00115218
         425    -4.90996    -4.93546  0.00115103
         426    -4.92677    -4.93543  0.00114851
         427    -4.95439    -4.93548  0.00114668
         428    -4.94275     -4.9355  0.00114413
         429    -4.94023    -4.93551  0.00114151
         430    -4.92523    -4.93548  0.00113911
         431    -4.93681    -4.93549  0.00113647
         432    -4.93931     -4.9355  0.00113387
         433    -4.92858    -4.93548  0.00113137
         434    -4.95764    -4.93553  0.00112991
         435    -4.92723    -4.93551  0.00112748
         436    -4.94854    -4.93554  0.00112529
         437     -4.9329    -4.93554  0.00112273
         438    -4.94169    -4.93555  0.00112025
         439    -4.91088    -4.93549  0.00111911
         440     -4.9172    -4.93545  0.00111734
         441    -4.93987    -4.93546  0.00111485
         442    -4.96819    -4.93554  0.00111478
         443     -4.9184     -4.9355  0.00111294
         444    -4.95222    -4.93553  0.00111107
         445    -4.92641    -4.93551  0.00110876
         446    -4.92985     -4.9355  0.00110635
         447    -4.94692    -4.93553  0.00110417
         448    -4.95422    -4.93557  0.00110249
         449    -4.91914    -4.93553  0.00110064
         450    -4.92568    -4.93551  0.00109841
         451    -4.89749    -4.93543  0.00109921
         452    -4.92212     -4.9354  0.00109717
         453    -4.93814     -4.9354  0.00109476
         454    -4.92566    -4.93538  0.00109256
         455    -4.93007    -4.93537  0.00109022
         456    -4.94311    -4.93539  0.00108797
         457    -4.92958    -4.93537  0.00108566
         458    -4.89015    -4.93527  0.00108777
         459    -4.96584    -4.93534  0.00108744
         460    -4.96895    -4.93541  0.00108752
         461    -4.90963    -4.93536   0.0010866
         462    -4.90688     -4.9353    0.001086
         463    -4.91691    -4.93526  0.00108438
         464    -4.96056    -4.93531  0.00108341
         465     -4.8904    -4.93522  0.00108538
         466    -4.92499    -4.93519  0.00108327
         467    -4.96018    -4.93525  0.00108227
         468    -4.97269    -4.93533  0.00108291
         469    -4.96799     -4.9354  0.00108284
         470     -4.9563    -4.93544  0.00108145
         471    -4.93566    -4.93544  0.00107915
         472    -4.93639    -4.93544  0.00107687
         473    -4.94549    -4.93546   0.0010748
         474    -4.94029    -4.93547  0.00107258
         475    -4.94599     -4.9355  0.00107055
         476    -4.92663    -4.93548  0.00106847
         477    -4.93248    -4.93547  0.00106624
         478    -4.89995     -4.9354   0.0010666
         479    -4.92831    -4.93538  0.00106448
         480    -4.95478    -4.93542  0.00106302
         481    -4.98955    -4.93554  0.00106675
         482    -4.95724    -4.93558  0.00106549
         483    -4.93488    -4.93558  0.00106329
         484    -4.93172    -4.93557  0.00106112
         485    -4.92756    -4.93555  0.00105906
         486    -4.93428    -4.93555  0.00105688
         487    -4.95654     -4.9356  0.00105559
         488    -4.94928    -4.93562   0.0010538
         489    -4.91566    -4.93558  0.00105244
         490    -4.97773    -4.93567   0.0010538
         491    -4.92775    -4.93565  0.00105177
         492    -4.88886    -4.93556  0.00105393
         493    -4.93753    -4.93556   0.0010518
         494     -4.9212    -4.93553  0.00105007
         495    -4.89911    -4.93546  0.00105052
         496    -4.93728    -4.93546  0.00104841
         497    -4.96267    -4.93552  0.00104773
         498    -4.92397    -4.93549  0.00104588
         499    -4.91194    -4.93545  0.00104485
         500    -4.93499    -4.93545  0.00104276
         501     -4.9515    -4.93548  0.00104117
         502    -4.88483    -4.93538  0.00104398
         503    -4.94979    -4.93541  0.00104229
         504    -4.98112     -4.9355  0.00104416
         505    -4.92624    -4.93548  0.00104226
         506    -4.90891    -4.93543  0.00104152
         507    -4.93454    -4.93542  0.00103947
         508     -4.9549    -4.93546  0.00103813
         509    -4.92387    -4.93544  0.00103634
         510    -4.92296    -4.93541   0.0010346
         511    -4.94705    -4.93544  0.00103282
         512     -4.9607    -4.93549  0.00103198
         513    -4.96746    -4.93555  0.00103185
         514    -4.92197    -4.93552  0.00103018
         515     -4.9513    -4.93555  0.00102864
         516    -4.93836    -4.93556  0.00102666
         517    -4.91358    -4.93552  0.00102555
         518    -4.93755    -4.93552  0.00102358
         519    -4.94591    -4.93554   0.0010218
         520    -4.94005    -4.93555  0.00101987
         521    -4.90899     -4.9355  0.00101919
         522    -4.97745    -4.93558   0.0010204
         523    -4.96481    -4.93563  0.00101998
         524    -4.90791    -4.93558   0.0010194
         525    -4.95503    -4.93562  0.00101814
         526     -4.9303    -4.93561  0.00101625
         527    -4.92122    -4.93558  0.00101469
         528    -4.94677     -4.9356  0.00101299
         529    -4.89894    -4.93553  0.00101344
         530     -4.9317    -4.93553  0.00101155
         531    -4.92002     -4.9355  0.00101007
         532    -4.91304    -4.93545  0.00100905
         533    -4.92976    -4.93544  0.00100722
         534    -4.94709    -4.93547  0.00100557
         535    -4.94976    -4.93549  0.00100404
         536    -4.90032    -4.93543  0.00100431
         537    -4.89847    -4.93536   0.0010048
         538    -4.94315    -4.93537  0.00100303
         539    -4.94116    -4.93538  0.00100123
         540    -4.94123    -4.93539 0.000999433
         541    -4.94783    -4.93542  0.00099785
         542    -4.92464     -4.9354 0.000996207
         543    -4.92011    -4.93537  0.00099477
         544    -4.93731    -4.93537 0.000992948
         545    -4.91023    -4.93533 0.000992197
         546    -4.93399    -4.93532 0.000990382
         547     -4.9245     -4.9353 0.000988769
         548    -4.95835    -4.93535 0.000987859
         549    -4.90044    -4.93528 0.000988104
         550    -4.95509    -4.93532 0.000986963
         551    -4.98979    -4.93542 0.000990111
         552    -4.91908    -4.93539  0.00098876
         553    -4.94479     -4.9354 0.000987118
         554    -4.93493     -4.9354 0.000985336
         555     -4.9369    -4.93541 0.000983565
         556    -4.95921    -4.93545 0.000982727
         557    -4.94121    -4.93546 0.000981017
         558    -4.95691     -4.9355 0.000980012
         559    -4.94626    -4.93552 0.000978448
         560     -4.9524    -4.93555 0.000977165
         561    -4.96093    -4.93559  0.00097647
         562    -4.94153     -4.9356  0.00097479
         563    -4.93911    -4.93561 0.000973078
         564    -4.96013    -4.93565 0.000972324
         565    -4.94563    -4.93567 0.000970763
         566    -4.96086    -4.93572 0.000970067
         567    -4.94551    -4.93573 0.000968511
         568    -4.94988    -4.93576 0.000967126
         569    -4.94028    -4.93577 0.000965458
         570    -4.94542    -4.93578 0.000963913
         571    -4.94446     -4.9358 0.000962345
         572    -4.93603     -4.9358 0.000960663
         573    -4.95082    -4.93582 0.000959344
         574    -4.92632    -4.93581 0.000957816
         575    -4.94856    -4.93583 0.000956407
         576     -4.9341    -4.93583 0.000954751
         577    -4.94901    -4.93585 0.000953369
         578    -4.95295    -4.93588 0.000952179
         579    -4.91668    -4.93585 0.000951112
         580    -4.94262    -4.93586 0.000949544
         581    -4.95324    -4.93589 0.000948381
         582    -4.94092     -4.9359  0.00094679
         583    -4.98918    -4.93599 0.000949568
         584    -4.91036    -4.93594 0.000948955
         585    -4.97667    -4.93601 0.000949884
         586    -4.90221    -4.93596 0.000950013
         587    -4.92528    -4.93594 0.000948569
         588    -4.92366    -4.93592 0.000947185
         589    -4.92645     -4.9359 0.000945714
         590    -4.88534    -4.93581 0.000947986
         591    -4.95403    -4.93585 0.000946883
         592    -4.93133    -4.93584 0.000945314
         593    -4.91324     -4.9358 0.000944488
         594    -4.96367    -4.93585 0.000944063
         595      -4.931    -4.93584 0.000942511
         596    -4.92173    -4.93582 0.000941227
         597    -4.96159    -4.93586  0.00094064
         598    -4.92062    -4.93583 0.000939413
         599    -4.96017    -4.93587 0.000938722
         600    -4.91581    -4.93584 0.000937753
