           1     1.00984     1.00984           0
           2     0.98683    0.998334  0.00813506
           3    0.973948    0.990206  0.00857108
           4    0.982814    0.988358  0.00662453
           5    0.978506    0.986387  0.00558497
           6    0.954588    0.981087  0.00671333
           7    0.980153    0.980954  0.00575561
           8    0.976578    0.980407  0.00506208
           9    0.979191    0.980272  0.00450143
          10    0.999474    0.982192  0.00444203
          11    0.977757    0.981789  0.00405647
          12    0.967512    0.980599  0.00388899
          13    0.962892    0.979237  0.00382093
          14    0.972428    0.978751  0.00357883
          15    0.971819    0.978289  0.00336994
          16    0.971655    0.977874  0.00318472
          17    0.968389    0.977316  0.00304587
          18    0.984808    0.977732  0.00290496
          19    0.972406    0.977452  0.00276555
          20    0.972577    0.977208    0.002638
          21    0.977536    0.977224  0.00251242
          22    0.991337    0.977865  0.00247877
          23    0.993974    0.978566  0.00246797
          24    0.972024    0.978293  0.00238014
          25    0.965955      0.9778  0.00233554
          26    0.965445    0.977325  0.00229354
          27    0.981401    0.977475  0.00221355
          28     0.97904    0.977531   0.0021352
          29     0.95586    0.976784  0.00218844
          30    0.986048    0.977093  0.00213717
          31    0.979393    0.977167  0.00206951
          32     0.95979    0.976624  0.00207486
          33    0.982668    0.976807  0.00202005
          34    0.977955    0.976841  0.00196092
          35    0.971779    0.976696  0.00191022
          36    0.971566    0.976554  0.00186247
          37    0.971175    0.976408   0.0018178
          38     0.97671    0.976416  0.00176998
          39    0.990832    0.976786  0.00176276
          40    0.987972    0.977066  0.00174074
          41    0.968391    0.976854  0.00171109
          42    0.975703    0.976827  0.00167057
          43    0.988777    0.977105  0.00165467
          44    0.987198    0.977334  0.00163289
          45    0.975995    0.977304  0.00159688
          46    0.971911    0.977187  0.00156646
          47    0.978962    0.977225  0.00153358
          48    0.959377    0.976853  0.00154605
          49    0.985327    0.977026  0.00152414
          50     0.96131    0.976711  0.00152573
          51    0.978224    0.976741   0.0014961
          52    0.968924    0.976591  0.00147486
          53    0.980443    0.976664  0.00144882
          54    0.974793    0.976629  0.00142241
          55    0.949171     0.97613  0.00148157
          56    0.972401    0.976063  0.00145661
          57    0.986197    0.976241  0.00144186
          58    0.964434    0.976037   0.0014313
          59    0.984521    0.976181  0.00141425
          60    0.973643    0.976139  0.00139131
          61    0.959018    0.975858  0.00139652
          62    0.978353    0.975898  0.00137458
          63    0.962561    0.975687  0.00136896
          64    0.982187    0.975788  0.00135134
          65     0.96417    0.975609  0.00134231
          66    0.973072    0.975571  0.00132253
          67    0.980965    0.975652  0.00130524
          68     0.98128    0.975734  0.00128866
          69    0.963002     0.97555  0.00128313
          70    0.972961    0.975513  0.00126533
          71    0.974926    0.975505  0.00124754
          72    0.970521    0.975435  0.00123213
          73    0.971463    0.975381  0.00121645
          74    0.965166    0.975243  0.00120782
          75    0.983176    0.975349  0.00119634
          76    0.974875    0.975342  0.00118061
          77    0.960828    0.975154  0.00118023
          78    0.950268    0.974835  0.00120746
          79    0.973043    0.974812  0.00119239
          80    0.969881    0.974751  0.00117907
          81    0.988366    0.974919  0.00117644
          82    0.985157    0.975043   0.0011687
          83    0.983288    0.975143  0.00115883
          84    0.984749    0.975257  0.00115066
          85    0.968942    0.975183  0.00113952
          86    0.969675    0.975119  0.00112807
          87    0.980347    0.975179   0.0011167
          88    0.969188    0.975111  0.00110609
          89    0.966762    0.975017  0.00109763
          90    0.973148    0.974996  0.00108563
          91    0.936685    0.974575  0.00115245
          92    0.953993    0.974352  0.00116143
          93    0.972284    0.974329  0.00114915
          94    0.964636    0.974226  0.00114155
          95    0.980596    0.974293   0.0011315
          96    0.957672     0.97412  0.00113288
          97    0.968126    0.974058  0.00112288
          98    0.951137    0.973824  0.00113553
          99    0.952274    0.973607  0.00114473
         100    0.972548    0.973596  0.00113333
         101    0.989049    0.973749  0.00113239
         102    0.960273    0.973617  0.00112897
         103    0.981987    0.973698  0.00112093
         104    0.982748    0.973785  0.00111352
         105    0.969855    0.973748  0.00110355
         106    0.977566    0.973784  0.00109372
         107      0.9804    0.973846  0.00108525
         108    0.979844    0.973901  0.00107662
         109    0.970481     0.97387   0.0010672
         110    0.983919    0.973961   0.0010614
         111    0.984391    0.974055  0.00105599
         112    0.965936    0.973983  0.00104905
         113    0.970991    0.973956   0.0010401
         114    0.973754    0.973954  0.00103098
         115    0.961096    0.973843  0.00102806
         116    0.981374    0.973908  0.00102124
         117     0.99283    0.974069  0.00102524
         118    0.965899       0.974  0.00101889
         119    0.990999    0.974143  0.00102029
         120    0.983671    0.974222  0.00101487
         121    0.975029    0.974229  0.00100651
         122    0.955543    0.974076  0.00100984
         123    0.954819    0.973919   0.0010137
         124    0.984328    0.974003  0.00100899
         125    0.965804    0.973938  0.00100305
         126    0.961643     0.97384 0.000999821
         127    0.988763    0.973958 0.000998829
         128    0.967066    0.973904 0.000992476
         129    0.982843    0.973973 0.000987198
         130    0.962764    0.973887 0.000983363
         131    0.968927    0.973849 0.000976585
         132    0.986042    0.973941 0.000973545
         133    0.976259    0.973959 0.000966381
         134     0.97442    0.973962 0.000959176
         135    0.956783    0.973835 0.000960475
         136    0.978154    0.973867 0.000953937
         137    0.975613    0.973879 0.000947059
         138    0.963139    0.973802 0.000943389
         139    0.979547    0.973843 0.000937507
         140    0.951304    0.973682 0.000944532
         141    0.980962    0.973734 0.000939244
         142    0.952388    0.973583 0.000944581
         143     0.95196    0.973432 0.000950002
         144    0.973482    0.973432 0.000943405
         145    0.962794    0.973359 0.000939748
         146    0.979267    0.973399 0.000934182
         147    0.982806    0.973463 0.000930016
         148    0.996466    0.973619 0.000936629
         149    0.983677    0.973686 0.000932773
         150    0.953193     0.97355 0.000936506
         151    0.974379    0.973555  0.00093032
         152    0.981063    0.973605  0.00092551
         153    0.989706     0.97371 0.000925424
         154    0.964514     0.97365  0.00092134
         155     0.98373    0.973715 0.000917688
         156    0.977012    0.973736 0.000912048
         157    0.975922     0.97375 0.000906345
         158    0.977242    0.973772 0.000900878
         159    0.970461    0.973752 0.000895453
         160    0.979594    0.973788 0.000890601
         161    0.983306    0.973847 0.000887029
         162    0.983353    0.973906 0.000883492
         163    0.967239    0.973865 0.000879018
         164    0.970334    0.973843 0.000873922
         165    0.966584    0.973799 0.000869732
         166    0.982344    0.973851 0.000866015
         167    0.979552    0.973885 0.000861501
         168    0.991986    0.973993 0.000863085
         169    0.979729    0.974027 0.000858645
         170    0.977363    0.974046 0.000853818
         171    0.982936    0.974098 0.000850407
         172    0.971815    0.974085 0.000845566
         173     0.96305    0.974021 0.000843081
         174    0.984137    0.974079 0.000840237
         175    0.972545    0.974071 0.000835482
         176     1.00129    0.974225 0.000844932
         177    0.972164    0.974214 0.000840238
         178    0.967053    0.974173  0.00083648
         179    0.973837    0.974172 0.000831809
         180    0.967705    0.974136 0.000827964
         181    0.967826    0.974101 0.000824123
         182     0.96738    0.974064 0.000820422
         183    0.970261    0.974043 0.000816202
         184    0.961675    0.973976 0.000814529
         185    0.999663    0.974115 0.000821876
         186    0.973914    0.974114 0.000817458
         187    0.971034    0.974097 0.000813252
         188    0.970632    0.974079 0.000809135
         189    0.977066    0.974095 0.000805009
         190    0.992351    0.974191 0.000806486
         191    0.954216    0.974086 0.000809015
         192    0.980218    0.974118 0.000805432
         193    0.965399    0.974073 0.000802524
         194    0.972538    0.974065 0.000798427
         195    0.965243     0.97402 0.000795613
         196    0.971493    0.974007 0.000791658
         197    0.973782    0.974006  0.00078764
         198    0.970609    0.973988 0.000783849
         199    0.985989    0.974049 0.000782226
         200    0.965274    0.974005 0.000779545
         201    0.959592    0.973933 0.000778957
         202    0.970217    0.973915 0.000775318
         203    0.966318    0.973877 0.000772402
         204    0.967856    0.973848 0.000769179
         205    0.986002    0.973907 0.000767708
         206    0.964068    0.973859 0.000765466
         207    0.957976    0.973783 0.000765604
         208    0.965275    0.973742 0.000763015
         209    0.959306    0.973673 0.000762485
         210    0.965773    0.973635 0.000759781
         211    0.977205    0.973652 0.000756368
         212    0.968731    0.973629 0.000753157
         213    0.963708    0.973582  0.00075106
         214    0.984912    0.973635 0.000749414
         215    0.997187    0.973745 0.000753892
         216    0.982024    0.973783 0.000751375
         217    0.968166    0.973757 0.000748358
         218    0.983121      0.9738 0.000746157
         219    0.975753    0.973809 0.000742804
         220    0.975072    0.973815 0.000739449
         221    0.999028    0.973929 0.000744853
         222    0.994322    0.974021 0.000747141
         223    0.998633    0.974131 0.000751898
         224    0.987849    0.974192 0.000751031
         225      0.9925    0.974274 0.000752088
         226    0.965561    0.974235 0.000749748
         227    0.984969    0.974282 0.000747935
         228     0.97458    0.974284 0.000744655
         229     0.95695    0.974208 0.000745241
         230    0.979988    0.974233 0.000742424
         231    0.981946    0.974266 0.000739961
         232    0.990262    0.974335 0.000739976
         233    0.977837     0.97435 0.000736953
         234    0.983252    0.974389 0.000734785
         235    0.974936    0.974391 0.000731661
         236     0.97927    0.974412 0.000728853
         237    0.971722      0.9744 0.000725866
         238    0.984758    0.974444  0.00072412
         239    0.975308    0.974447 0.000721099
         240    0.980246    0.974471 0.000718499
         241    0.980215    0.974495 0.000715913
         242    0.951631    0.974401 0.000719162
         243    0.976533     0.97441 0.000716256
         244    0.976927     0.97442 0.000713395
         245    0.972488    0.974412 0.000710527
         246    0.968247    0.974387  0.00070808
         247    0.977603      0.9744 0.000705333
         248    0.981917     0.97443  0.00070314
         249    0.984879    0.974472 0.000701567
         250    0.989321    0.974532 0.000701271
         251    0.960665    0.974476  0.00070065
         252    0.976083    0.974483 0.000697898
         253    0.986774    0.974531 0.000696829
         254    0.971131    0.974518 0.000694214
         255    0.962603    0.974471 0.000693062
         256    0.987519    0.974522 0.000692226
         257    0.965017    0.974485  0.00069052
         258    0.966309    0.974454 0.000688571
         259    0.973973    0.974452 0.000685915
         260    0.982769    0.974484 0.000684022
         261    0.983734    0.974519 0.000682319
         262    0.968078    0.974495 0.000680157
         263    0.967088    0.974466 0.000678154
         264    0.959599     0.97441 0.000677919
         265    0.975039    0.974412 0.000675365
         266    0.954157    0.974336 0.000677106
         267    0.967816    0.974312  0.00067501
         268    0.975988    0.974318  0.00067252
         269    0.984982    0.974358 0.000671188
         270    0.954927    0.974286 0.000672549
         271    0.974236    0.974286 0.000670067
         272    0.979815    0.974306 0.000667912
         273      0.9616    0.974259 0.000667085
         274    0.964497    0.974224 0.000665601
         275    0.950534    0.974138 0.000668732
         276    0.961186    0.974091 0.000667954
         277    0.963058    0.974051 0.000666729
         278    0.970231    0.974037 0.000664472
         279    0.971376    0.974028 0.000662159
         280    0.998068    0.974113 0.000665337
         281    0.984143    0.974149 0.000663926
         282     0.99793    0.974233 0.000666906
         283    0.977186    0.974244 0.000664631
         284    0.975955     0.97425 0.000662318
         285    0.973732    0.974248 0.000659997
         286    0.965281    0.974217 0.000658433
         287    0.956467    0.974155 0.000659037
         288    0.968605    0.974136  0.00065703
         289    0.980093    0.974156  0.00065508
         290    0.985325    0.974195 0.000653952
         291    0.983038    0.974225 0.000652411
         292    0.967654    0.974203 0.000650565
         293    0.967163    0.974179 0.000648788
         294    0.957248    0.974121 0.000649132
         295    0.971501    0.974112 0.000646992
         296    0.979269     0.97413 0.000645041
         297    0.975473    0.974134 0.000642885
         298    0.964532    0.974102 0.000641534
         299    0.977224    0.974112 0.000639474
         300    0.953923    0.974045 0.000640874
         301    0.972938    0.974041 0.000638755
         302    0.994115    0.974108 0.000640089
         303    0.965551     0.97408 0.000638599
         304     0.97272    0.974075 0.000636514
         305    0.976715    0.974084 0.000634486
         306    0.980133    0.974104  0.00063272
         307    0.978799    0.974119 0.000630844
         308    0.985072    0.974154 0.000629798
         309    0.995595    0.974224  0.00063157
         310    0.967167    0.974201 0.000629943
         311    0.961833    0.974161 0.000629172
         312     1.00242    0.974252 0.000633639
         313    0.991459    0.974307 0.000633994
         314     1.00476    0.974404  0.00063935
         315    0.963819     0.97437 0.000638203
         316    0.982331    0.974395  0.00063668
         317    0.974287    0.974395 0.000634672
         318    0.990212    0.974445 0.000634622
         319    0.956136    0.974387 0.000635223
         320    0.985941    0.974423 0.000634263
         321    0.980596    0.974443 0.000632579
         322    0.983699    0.974471 0.000631267
         323    0.948677    0.974392 0.000634344
         324    0.965214    0.974363 0.000633018
         325    0.974382    0.974363  0.00063107
         326    0.980418    0.974382 0.000629408
         327    0.964967    0.974353 0.000628141
         328    0.987307    0.974393 0.000627466
         329    0.957235     0.97434 0.000627722
         330    0.970976     0.97433 0.000625903
         331    0.976803    0.974338 0.000624057
         332    0.951621    0.974269 0.000625917
         333    0.970327    0.974257 0.000624149
         334    0.953289    0.974195  0.00062543
         335    0.981959    0.974218 0.000623992
         336    0.968823    0.974202 0.000622341
         337    0.981591    0.974224 0.000620881
         338    0.967216    0.974203  0.00061939
         339    0.975101    0.974206 0.000617569
         340    0.974292    0.974206 0.000615752
         341    0.980589    0.974225 0.000614231
         342      1.0016    0.974305 0.000617629
         343     0.97536    0.974308 0.000615836
         344    0.973891    0.974307 0.000614047
         345    0.976813    0.974314  0.00061231
         346    0.970726    0.974303 0.000610628
         347     0.96382    0.974273 0.000609615
         348    0.974427    0.974274 0.000607864
         349    0.977656    0.974283 0.000606199
         350    0.968541    0.974267 0.000604689
         351    0.982992    0.974292 0.000603477
         352     0.99245    0.974343 0.000603964
         353    0.962419     0.97431 0.000603197
         354    0.969398    0.974296 0.000601652
         355    0.975223    0.974298 0.000599963
         356    0.974412    0.974299 0.000598278
         357    0.974068    0.974298 0.000596602
         358    0.980966    0.974317 0.000595226
         359     0.97919     0.97433 0.000593723
         360     0.96372    0.974301 0.000592805
         361    0.983259    0.974326 0.000591682
         362    0.979992    0.974341 0.000590255
         363    0.985435    0.974372 0.000589419
         364     0.98534    0.974402  0.00058857
         365    0.966233     0.97438 0.000587382
         366    0.972948    0.974376 0.000585791
         367     0.97529    0.974378   0.0005842
         368    0.987833    0.974415 0.000583755
         369    0.959828    0.974375  0.00058351
         370    0.983393      0.9744 0.000582442
         371    0.966615    0.974379  0.00058125
         372    0.994646    0.974433 0.000582235
         373    0.985843    0.974464 0.000581477
         374    0.968081    0.974447 0.000580173
         375    0.987295    0.974481 0.000579637
         376    0.956174    0.974432 0.000580136
         377    0.980752    0.974449 0.000578839
         378    0.994943    0.974503 0.000579842
         379    0.991158    0.974547 0.000579975
         380    0.972551    0.974542 0.000578472
         381    0.974639    0.974542 0.000576954
         382      0.9623     0.97451 0.000576333
         383    0.975288    0.974512 0.000574832
         384    0.973997    0.974511 0.000573336
         385    0.985794     0.97454 0.000572596
         386    0.979527    0.974553 0.000571258
         387    0.995121    0.974606 0.000572249
         388    0.991696     0.97465 0.000572467
         389    0.966601    0.974629 0.000571369
         390    0.974793     0.97463 0.000569904
         391    0.984293    0.974655 0.000568982
         392    0.971826    0.974647 0.000567576
         393    0.987757    0.974681 0.000567111
         394    0.985016    0.974707 0.000566278
         395     0.97311    0.974703 0.000564859
         396    0.990657    0.974743 0.000564868
         397    0.988448    0.974778 0.000564499
         398    0.975548     0.97478 0.000563084
         399    0.967675    0.974762 0.000561954
         400    0.979391    0.974773 0.000560668
         401    0.985262      0.9748  0.00055988
         402    0.983514    0.974821 0.000558906
         403    0.980963    0.974836 0.000557727
         404    0.968569    0.974821 0.000556563
         405    0.967589    0.974803 0.000555475
         406    0.960312    0.974767 0.000555252
         407    0.966033    0.974746 0.000554302
         408    0.965702    0.974724 0.000553387
         409    0.967281    0.974706 0.000552333
         410    0.997807    0.974762 0.000553852
         411    0.985691    0.974788 0.000553142
         412    0.989526    0.974824 0.000552955
         413    0.977715    0.974831 0.000551661
         414    0.967783    0.974814 0.000550591
         415    0.977845    0.974822 0.000549313
         416    0.932561     0.97472 0.000557307
         417    0.987604    0.974751 0.000556826
         418     0.98427    0.974774 0.000555959
         419      0.9867    0.974802 0.000555361
         420    0.989609    0.974837 0.000555156
         421     0.97466    0.974837 0.000553838
         422    0.961503    0.974805 0.000553426
         423    0.990719    0.974843 0.000553395
         424    0.984611    0.974866 0.000552569
         425    0.962847    0.974838 0.000551992
         426    0.970663    0.974828 0.000550783
         427    0.983669    0.974849 0.000549882
         428    0.976828    0.974853 0.000548617
         429    0.976658    0.974857 0.000547354
         430    0.970366    0.974847 0.000546181
         431    0.974723    0.974847 0.000544914
         432    0.976367     0.97485 0.000543664
         433    0.972508    0.974845 0.000542435
         434    0.986365    0.974871 0.000541834
         435    0.971169    0.974863 0.000540656
         436     0.97858    0.974871 0.000539483
         437    0.973872    0.974869 0.000538253
         438    0.977498    0.974875 0.000537058
         439     0.96272    0.974847 0.000536548
         440    0.965198    0.974825 0.000535776
         441     0.97738    0.974831 0.000534593
         442    0.990845    0.974867 0.000534609
         443    0.967118     0.97485 0.000533689
         444    0.982645    0.974868 0.000532775
         445    0.971582     0.97486 0.000531629
         446    0.971712    0.974853 0.000530484
         447    0.979399    0.974863 0.000529395
         448    0.985029    0.974886 0.000528699
         449    0.968321    0.974871 0.000527724
         450    0.968109    0.974856 0.000526765
         451    0.957224    0.974817 0.000527046
         452    0.967577    0.974801 0.000526123
         453    0.975985    0.974804 0.000524968
         454    0.970699    0.974795  0.00052389
         455    0.971068    0.974787 0.000522802
         456    0.978464    0.974795 0.000521718
         457    0.972912    0.974791 0.000520593
         458    0.954008    0.974745  0.00052143
         459    0.991514    0.974782 0.000521572
         460    0.991634    0.974818 0.000521723
         461    0.963987    0.974795  0.00052112
         462    0.961317    0.974766 0.000520808
         463    0.965678    0.974746 0.000520053
         464    0.986512    0.974771  0.00051955
         465    0.953495    0.974726 0.000520444
         466    0.970138    0.974716  0.00051942
         467    0.987558    0.974743 0.000519035
         468     0.99298    0.974782 0.000519387
         469    0.990416    0.974816 0.000519348
         470     0.98494    0.974837 0.000518689
         471    0.974194    0.974836  0.00051759
         472    0.975256    0.974837 0.000516494
         473    0.978481    0.974844  0.00051546
         474     0.97769     0.97485 0.000514407
         475    0.982776    0.974867 0.000513595
         476    0.971106    0.974859 0.000512576
         477    0.973866    0.974857 0.000511506
         478    0.958721    0.974823 0.000511549
         479    0.972106    0.974818 0.000510512
         480    0.984726    0.974838 0.000509866
         481     1.00183    0.974894 0.000511885
         482    0.986318    0.974918 0.000511372
         483     0.97274    0.974914 0.000510333
         484    0.973663    0.974911 0.000509285
         485    0.969641      0.9749 0.000508351
         486    0.973956    0.974898 0.000507309
         487    0.984038    0.974917 0.000506614
         488    0.980357    0.974928 0.000505698
         489    0.965689    0.974909 0.000505017
         490    0.996049    0.974952 0.000505826
         491    0.970949    0.974944 0.000504861
         492    0.953156      0.9749 0.000505774
         493    0.975967    0.974902 0.000504752
         494    0.968902     0.97489 0.000503877
         495    0.957746    0.974855 0.000504048
         496    0.974837    0.974855 0.000503031
         497    0.988011    0.974882 0.000502715
         498    0.969262     0.97487 0.000501833
         499    0.964611     0.97485 0.000501248
         500    0.975081     0.97485 0.000500246
         501    0.982702    0.974866 0.000499492
         502    0.950331    0.974817 0.000500883
         503    0.982563    0.974833 0.000500124
         504    0.997379    0.974877 0.000501128
         505    0.969799    0.974867 0.000500237
         506    0.960853     0.97484 0.000500014
         507    0.973904    0.974838 0.000499031
         508    0.983828    0.974855 0.000498363
         509    0.968455    0.974843 0.000497542
         510    0.967408    0.974828  0.00049678
         511    0.979579    0.974838 0.000495895
         512    0.987432    0.974862 0.000495536
         513    0.991063    0.974894 0.000495576
         514     0.96819    0.974881 0.000494783
         515    0.984603      0.9749 0.000494182
         516    0.976791    0.974903 0.000493238
         517    0.963454    0.974881 0.000492781
         518    0.975395    0.974882 0.000491831
         519    0.980886    0.974894 0.000491019
         520    0.975516    0.974895 0.000490076
         521    0.961811     0.97487 0.000489779
         522    0.993829    0.974906 0.000490185
         523     0.98832    0.974932 0.000489918
         524    0.962952    0.974909 0.000489517
         525     0.98503    0.974928 0.000488964
         526    0.972303    0.974923  0.00048806
         527    0.965618    0.974905 0.000487453
         528    0.979337    0.974914 0.000486602
         529    0.956979     0.97488 0.000486862
         530    0.973339    0.974877 0.000485952
         531    0.967425    0.974863 0.000485239
         532    0.964001    0.974843 0.000484756
         533    0.971371    0.974836 0.000483891
         534    0.980572    0.974847 0.000483104
         535    0.981129    0.974859 0.000482343
         536    0.956727    0.974825 0.000482628
         537    0.956848    0.974791 0.000482889
         538    0.978391    0.974798 0.000482038
         539    0.977189    0.974802 0.000481164
         540    0.976505    0.974806 0.000480283
         541    0.980977    0.974817 0.000479531
         542    0.970653    0.974809 0.000478708
         543    0.968386    0.974797 0.000477972
         544    0.974864    0.974798 0.000477094
         545    0.963215    0.974776 0.000476692
         546    0.974512    0.974776 0.000475819
         547    0.969843    0.974767 0.000475034
         548    0.985497    0.974786 0.000474571
         549    0.956003    0.974752 0.000474938
         550     0.98252    0.974766 0.000474285
         551     1.00158    0.974815 0.000475913
         552    0.966428      0.9748 0.000475293
         553    0.980455     0.97481 0.000474544
         554    0.974174    0.974809 0.000473689
         555    0.976495    0.974812 0.000472845
         556    0.984161    0.974829 0.000472293
         557    0.977587    0.974834 0.000471471
         558     0.98503    0.974852  0.00047098
         559    0.979093    0.974859 0.000470199
         560    0.982132    0.974872 0.000469539
         561    0.985559    0.974892 0.000469088
         562    0.976629    0.974895 0.000468263
         563    0.977098    0.974899 0.000467448
         564    0.987017     0.97492 0.000467113
         565    0.980705     0.97493 0.000466398
         566    0.986695    0.974951 0.000466037
         567    0.979238    0.974959 0.000465277
         568    0.983853    0.974974 0.000464721
         569    0.977627    0.974979 0.000463927
         570    0.980349    0.974988 0.000463209
         571     0.97799    0.974994 0.000462428
         572    0.974582    0.974993  0.00046162
         573    0.982921    0.975007 0.000461022
         574    0.970809    0.974999 0.000460276
         575    0.981445    0.975011 0.000459612
         576     0.97269    0.975007 0.000458832
         577    0.980501    0.975016 0.000458136
         578    0.984183    0.975032 0.000457618
         579    0.966552    0.975017 0.000457062
         580    0.978497    0.975023 0.000456313
         581    0.985104    0.975041 0.000455857
         582    0.976852    0.975044 0.000455085
         583     1.00287    0.975092   0.0004568
         584    0.962736     0.97507 0.000456507
         585    0.995047    0.975105 0.000457002
         586    0.958275    0.975076 0.000457124
         587    0.969672    0.975067 0.000456438
         588    0.970807    0.975059 0.000455719
         589    0.970423    0.975051 0.000455013
         590    0.950584     0.97501 0.000456128
         591    0.983887    0.975025 0.000455603
         592    0.972607    0.975021 0.000454852
         593    0.963847    0.975002 0.000454475
         594    0.987617    0.975023 0.000454206
         595    0.971406    0.975017 0.000453483
         596    0.968324    0.975006 0.000452862
         597    0.987091    0.975026 0.000452555
         598    0.968187    0.975015 0.000451943
         599    0.986482    0.975034 0.000451594
         600    0.963966    0.975016 0.000451218
