           1    -3.37311    -3.37311           0
           2    -3.37437    -3.37374 0.000445306
           3    -3.37328    -3.37359 0.000322855
           4    -3.37351    -3.37357 0.000242668
           5    -3.37338    -3.37353 0.000197134
           6    -3.37325    -3.37348 0.000169738
           7     -3.3737    -3.37352 0.000148229
           8    -3.37492    -3.37369 0.000209551
           9    -3.37552    -3.37389 0.000267248
          10    -3.37527    -3.37403 0.000273833
          11    -3.37443    -3.37407 0.000251286
          12     -3.3728    -3.37396 0.000251683
          13     -3.3741    -3.37397 0.000232532
          14     -3.3747    -3.37402  0.00022161
          15     -3.3739    -3.37402 0.000206996
          16    -3.37441    -3.37404  0.00019555
          17    -3.37486    -3.37409 0.000189889
          18    -3.37572    -3.37418 0.000199813
          19    -3.37473    -3.37421 0.000191349
          20    -3.37499    -3.37425 0.000185755
          21      -3.376    -3.37433  0.00019468
          22    -3.37583     -3.3744 0.000197437
          23    -3.37522    -3.37443 0.000192013
          24    -3.37397    -3.37442 0.000184976
          25    -3.37291    -3.37436 0.000187179
          26    -3.37302     -3.3743 0.000186875
          27    -3.37315    -3.37426 0.000184766
          28    -3.37289    -3.37421 0.000184502
          29    -3.37294    -3.37417 0.000183255
          30    -3.37388    -3.37416 0.000177407
          31    -3.37327    -3.37413 0.000173974
          32    -3.37395    -3.37412 0.000168625
          33    -3.37411    -3.37412 0.000163516
          34    -3.37417    -3.37413 0.000158712
          35    -3.37403    -3.37412 0.000154199
          36    -3.37339     -3.3741  0.00015124
          37    -3.37364    -3.37409 0.000147661
          38    -3.37502    -3.37411  0.00014577
          39    -3.37421    -3.37412 0.000142051
          40     -3.3744    -3.37412 0.000138673
          41    -3.37476    -3.37414 0.000136156
          42    -3.37367    -3.37413 0.000133363
          43    -3.37341    -3.37411 0.000131291
          44    -3.37249    -3.37407 0.000133383
          45    -3.37222    -3.37403 0.000136647
          46    -3.37296    -3.37401 0.000135662
          47    -3.37339      -3.374 0.000133419
          48     -3.3732    -3.37398 0.000131659
          49    -3.37342    -3.37397 0.000129471
          50    -3.37262    -3.37394 0.000129664
          51    -3.37333    -3.37393 0.000127668
          52    -3.37453    -3.37394 0.000125726
          53    -3.37496    -3.37396 0.000124814
          54    -3.37501    -3.37398 0.000123999
          55    -3.37478    -3.37399 0.000122592
          56    -3.37451      -3.374 0.000120745
          57    -3.37518    -3.37402 0.000120387
          58    -3.37525    -3.37405 0.000120162
          59    -3.37571    -3.37407 0.000121383
          60    -3.37561     -3.3741 0.000122016
          61    -3.37632    -3.37414  0.00012531
          62    -3.37676    -3.37418 0.000130248
          63    -3.37549     -3.3742  0.00012984
          64    -3.37595    -3.37423 0.000130664
          65    -3.37476    -3.37423 0.000128907
          66    -3.37505    -3.37425  0.00012755
          67    -3.37472    -3.37425 0.000125841
          68    -3.37445    -3.37426 0.000124024
          69    -3.37303    -3.37424 0.000123497
          70    -3.37362    -3.37423 0.000122049
          71    -3.37456    -3.37423 0.000120416
          72    -3.37437    -3.37424 0.000118759
          73    -3.37418    -3.37424 0.000117135
          74    -3.37364    -3.37423 0.000115824
          75    -3.37391    -3.37422 0.000114359
          76    -3.37419    -3.37422 0.000112855
          77    -3.37473    -3.37423 0.000111579
          78    -3.37383    -3.37422 0.000110265
          79    -3.37414    -3.37422 0.000108875
          80    -3.37501    -3.37423 0.000107962
          81    -3.37496    -3.37424 0.000107004
          82    -3.37451    -3.37425 0.000105749
          83    -3.37268    -3.37423 0.000106138
          84    -3.37222     -3.3742 0.000107527
          85    -3.37175    -3.37417 0.000110067
          86    -3.37096    -3.37414 0.000114967
          87    -3.37083     -3.3741 0.000119782
          88    -3.37022    -3.37405 0.000126276
          89    -3.37007    -3.37401 0.000132545
          90    -3.37043    -3.37397 0.000136914
          91    -3.37041    -3.37393 0.000140894
          92    -3.37029    -3.37389  0.00014482
          93    -3.36992    -3.37385 0.000149425
          94    -3.36989    -3.37381 0.000153656
          95     -3.3701    -3.37377 0.000156926
          96    -3.36955    -3.37372 0.000161323
          97    -3.36969    -3.37368 0.000164921
          98    -3.36859    -3.37363 0.000171221
          99    -3.36883    -3.37358  0.00017623
         100     -3.3703    -3.37355 0.000177491
         101    -3.37084    -3.37352  0.00017775
         102    -3.37036    -3.37349 0.000178682
         103    -3.37104    -3.37347 0.000178528
         104    -3.37183    -3.37345 0.000177502
         105    -3.37129    -3.37343 0.000177005
         106     -3.3707    -3.37341 0.000177204
         107    -3.36963    -3.37337 0.000179031
         108    -3.37048    -3.37334 0.000179357
         109    -3.37026    -3.37331 0.000179923
         110    -3.37089    -3.37329 0.000179627
         111     -3.3713    -3.37327 0.000178908
         112    -3.37087    -3.37325 0.000178595
         113    -3.37028    -3.37323 0.000178945
         114     -3.3696     -3.3732 0.000180183
         115    -3.36964    -3.37316 0.000181245
         116    -3.36936    -3.37313 0.000182618
         117    -3.37096    -3.37311    0.000182
         118    -3.37111     -3.3731 0.000181248
         119    -3.36979    -3.37307 0.000181846
         120    -3.36964    -3.37304 0.000182564
         121    -3.36959    -3.37301 0.000183268
         122    -3.36958    -3.37298 0.000183913
         123    -3.36962    -3.37296 0.000184434
         124    -3.36927    -3.37293 0.000185322
         125    -3.36904    -3.37289 0.000186423
         126    -3.36934    -3.37287 0.000187068
         127     -3.3703    -3.37285 0.000186687
         128    -3.37122    -3.37283 0.000185662
         129    -3.37057    -3.37282  0.00018505
         130    -3.37024     -3.3728 0.000184684
         131    -3.37066    -3.37278 0.000183996
         132    -3.36895    -3.37275 0.000184876
         133    -3.37011    -3.37273 0.000184549
         134    -3.37014    -3.37271 0.000184183
         135    -3.36987    -3.37269 0.000184018
         136    -3.37133    -3.37268 0.000182936
         137    -3.37072    -3.37267 0.000182161
         138    -3.36954    -3.37264 0.000182245
         139    -3.37004    -3.37262 0.000181897
         140    -3.37101    -3.37261 0.000180964
         141    -3.37096     -3.3726 0.000180058
         142    -3.37113    -3.37259 0.000179088
         143    -3.37076    -3.37258 0.000178293
         144     -3.3719    -3.37257 0.000177116
         145     -3.3723    -3.37257 0.000175905
         146    -3.37255    -3.37257   0.0001747
         147    -3.37179    -3.37257 0.000173592
         148    -3.37116    -3.37256  0.00017268
         149    -3.37048    -3.37254 0.000172081
         150     -3.3707    -3.37253 0.000171373
         151    -3.36929    -3.37251 0.000171573
         152    -3.36848    -3.37248  0.00017248
         153     -3.3688    -3.37246 0.000173022
         154    -3.36847    -3.37243 0.000173824
         155    -3.36893    -3.37241 0.000174168
         156    -3.36797    -3.37238 0.000175357
         157     -3.3681    -3.37235 0.000176349
         158    -3.36745    -3.37232 0.000177941
         159    -3.36848     -3.3723 0.000178459
         160    -3.36944    -3.37228 0.000178239
         161    -3.36897    -3.37226 0.000178313
         162    -3.36808    -3.37224 0.000179067
         163    -3.36793    -3.37221  0.00017991
         164    -3.36697    -3.37218 0.000181631
         165    -3.36823    -3.37215 0.000182102
         166    -3.36789    -3.37213 0.000182807
         167    -3.36815     -3.3721 0.000183253
         168    -3.36756    -3.37208 0.000184149
         169    -3.36806    -3.37205 0.000184582
         170    -3.36852    -3.37203 0.000184663
         171    -3.36905    -3.37201 0.000184406
         172    -3.36877      -3.372 0.000184294
         173    -3.36845    -3.37197 0.000184362
         174    -3.36786    -3.37195 0.000184815
         175    -3.36675    -3.37192  0.00018613
         176    -3.36765     -3.3719 0.000186646
         177    -3.36867    -3.37188 0.000186483
         178      -3.369    -3.37186 0.000186136
         179    -3.36863    -3.37184 0.000185968
         180    -3.36879    -3.37183 0.000185708
         181    -3.36878    -3.37181 0.000185444
         182    -3.36731    -3.37179  0.00018607
         183    -3.36784    -3.37176 0.000186299
         184    -3.36892    -3.37175 0.000185927
         185    -3.36931    -3.37174 0.000185389
         186    -3.36984    -3.37173 0.000184673
         187    -3.36913    -3.37171 0.000184208
         188    -3.36899     -3.3717 0.000183796
         189    -3.36898    -3.37168 0.000183386
         190    -3.36898    -3.37167 0.000182974
         191    -3.36861    -3.37165 0.000182717
         192    -3.36892    -3.37164 0.000182319
         193    -3.36862    -3.37162 0.000182043
         194    -3.36883    -3.37161 0.000181674
         195    -3.36953     -3.3716 0.000181055
         196    -3.36923    -3.37159 0.000180535
         197     -3.3688    -3.37157 0.000180172
         198    -3.36836    -3.37156 0.000179993
         199    -3.36856    -3.37154 0.000179715
         200    -3.36887    -3.37153  0.00017931
         201    -3.36885    -3.37151 0.000178911
         202    -3.36867     -3.3715 0.000178577
         203    -3.36781    -3.37148  0.00017862
         204    -3.36736    -3.37146 0.000178884
         205     -3.3668    -3.37144 0.000179451
         206    -3.36796    -3.37142 0.000179371
         207    -3.36817    -3.37141 0.000179191
         208    -3.36791    -3.37139 0.000179117
         209    -3.36775    -3.37137 0.000179104
         210    -3.36892    -3.37136  0.00017863
         211    -3.36864    -3.37135 0.000178249
         212    -3.36844    -3.37133 0.000177935
         213    -3.36803    -3.37132 0.000177776
         214    -3.36711     -3.3713 0.000178027
         215     -3.3669    -3.37128 0.000178372
         216    -3.36629    -3.37125 0.000179035
         217    -3.36604    -3.37123 0.000179813
         218    -3.36641    -3.37121 0.000180341
         219    -3.36644    -3.37119 0.000180827
         220    -3.36615    -3.37116  0.00018145
         221    -3.36687    -3.37114 0.000181666
         222    -3.36624    -3.37112 0.000182189
         223    -3.36636     -3.3711 0.000182617
         224    -3.36643    -3.37108 0.000182987
         225    -3.36571    -3.37106 0.000183726
         226     -3.3657    -3.37103 0.000184436
         227    -3.36622    -3.37101  0.00018484
         228    -3.36603    -3.37099 0.000185315
         229    -3.36618    -3.37097 0.000185691
         230    -3.36729    -3.37095 0.000185572
         231    -3.36729    -3.37094 0.000185443
         232    -3.36775    -3.37092 0.000185153
         233    -3.36876    -3.37091  0.00018459
         234    -3.36983    -3.37091  0.00018386
         235    -3.36964     -3.3709 0.000183156
         236    -3.36916     -3.3709 0.000182529
         237    -3.37021    -3.37089 0.000181781
         238    -3.36904    -3.37089 0.000181184
         239    -3.36929    -3.37088 0.000180548
         240    -3.37003    -3.37088 0.000179831
         241    -3.36979    -3.37087 0.000179141
         242    -3.36949    -3.37087 0.000178492
         243    -3.36973    -3.37086 0.000177819
         244    -3.36919    -3.37085 0.000177222
         245    -3.36876    -3.37085 0.000176705
         246    -3.36847    -3.37084 0.000176251
         247    -3.36754    -3.37082  0.00017604
         248    -3.36808    -3.37081 0.000175677
         249    -3.36875     -3.3708 0.000175167
         250    -3.36829    -3.37079 0.000174754
         251    -3.36825    -3.37078 0.000174351
         252    -3.36793    -3.37077 0.000174026
         253    -3.36824    -3.37076 0.000173624
         254     -3.3685    -3.37075  0.00017317
         255    -3.36917    -3.37075 0.000172601
         256    -3.36798    -3.37074 0.000172264
         257    -3.36851    -3.37073 0.000171812
         258    -3.36924    -3.37072 0.000171243
         259    -3.36935    -3.37072 0.000170664
         260    -3.36767     -3.3707 0.000170408
         261    -3.36811    -3.37069 0.000170044
         262    -3.36702    -3.37068 0.000169973
         263     -3.3661    -3.37066 0.000170217
         264    -3.36642    -3.37065 0.000170329
         265    -3.36714    -3.37063 0.000170199
         266    -3.36636    -3.37062 0.000170317
         267    -3.36669     -3.3706 0.000170313
         268    -3.36557    -3.37058 0.000170711
         269    -3.36613    -3.37057 0.000170879
         270    -3.36488    -3.37055 0.000171539
         271     -3.3651    -3.37053 0.000172078
         272    -3.36558    -3.37051 0.000172404
         273    -3.36585    -3.37049 0.000172614
         274    -3.36633    -3.37048 0.000172649
         275    -3.36584    -3.37046 0.000172842
         276    -3.36618    -3.37044 0.000172909
         277    -3.36712    -3.37043 0.000172701
         278    -3.36708    -3.37042   0.0001725
         279    -3.36821    -3.37041 0.000172063
         280    -3.36815     -3.3704 0.000171638
         281    -3.36749    -3.37039  0.00017134
         282    -3.36789    -3.37038 0.000170961
         283    -3.36863    -3.37038 0.000170469
         284    -3.36777    -3.37037 0.000170116
         285    -3.36843    -3.37036 0.000169655
         286    -3.36805    -3.37035 0.000169255
         287    -3.36824    -3.37035 0.000168825
         288    -3.36737    -3.37034 0.000168555
         289    -3.36661    -3.37032 0.000168464
         290    -3.36773    -3.37031  0.00016812
         291    -3.36805    -3.37031 0.000167723
         292    -3.36722     -3.3703 0.000167481
         293    -3.36774    -3.37029 0.000167136
         294    -3.36798    -3.37028 0.000166752
         295     -3.3682    -3.37027 0.000166335
         296    -3.36778    -3.37026 0.000165987
         297    -3.36702    -3.37025 0.000165788
         298    -3.36683    -3.37024 0.000165629
         299    -3.36649    -3.37023 0.000165549
         300    -3.36703    -3.37022  0.00016534
         301    -3.36753    -3.37021 0.000165031
         302    -3.36739     -3.3702 0.000164749
         303    -3.36805    -3.37019 0.000164358
         304    -3.36829    -3.37019 0.000163936
         305    -3.36828    -3.37018 0.000163518
         306     -3.3672    -3.37017 0.000163273
         307    -3.36655    -3.37016 0.000163166
         308    -3.36737    -3.37015 0.000162887
         309     -3.3678    -3.37014 0.000162538
         310    -3.36771    -3.37013 0.000162203
         311    -3.36705    -3.37012 0.000161985
         312    -3.36694    -3.37011 0.000161786
         313    -3.36784    -3.37011 0.000161432
         314    -3.36762     -3.3701 0.000161113
         315    -3.36764    -3.37009  0.00016079
         316    -3.36796    -3.37008 0.000160422
         317    -3.36735    -3.37008 0.000160148
         318    -3.36715    -3.37007 0.000159908
         319    -3.36805    -3.37006 0.000159532
         320    -3.36693    -3.37005 0.000159333
         321    -3.36653    -3.37004 0.000159215
         322    -3.36658    -3.37003 0.000159083
         323    -3.36632    -3.37002 0.000159004
         324    -3.36662    -3.37001 0.000158859
         325    -3.36607    -3.36999 0.000158832
         326    -3.36619    -3.36998 0.000158773
         327    -3.36615    -3.36997  0.00015872
         328    -3.36675    -3.36996  0.00015854
         329     -3.3659    -3.36995 0.000158539
         330    -3.36605    -3.36994 0.000158497
         331     -3.3665    -3.36993 0.000158359
         332    -3.36543    -3.36991 0.000158461
         333    -3.36576     -3.3699 0.000158474
         334    -3.36519    -3.36989 0.000158627
         335    -3.36469    -3.36987 0.000158909
         336      -3.365    -3.36986 0.000159097
         337    -3.36482    -3.36984 0.000159324
         338    -3.36363    -3.36982 0.000159911
         339    -3.36284     -3.3698 0.000160761
         340    -3.36313    -3.36978 0.000161482
         341    -3.36426    -3.36977 0.000161818
         342    -3.36396    -3.36975 0.000162233
         343    -3.36366    -3.36973 0.000162729
         344    -3.36524    -3.36972  0.00016278
         345    -3.36604    -3.36971 0.000162657
         346    -3.36562     -3.3697 0.000162616
         347    -3.36451    -3.36968 0.000162831
         348    -3.36555    -3.36967 0.000162796
         349    -3.36601    -3.36966 0.000162668
         350    -3.36595    -3.36965 0.000162548
         351     -3.3647    -3.36963 0.000162696
         352    -3.36432    -3.36962 0.000162934
         353    -3.36377     -3.3696 0.000163313
         354    -3.36357    -3.36959 0.000163739
         355    -3.36443    -3.36957 0.000163921
         356    -3.36481    -3.36956 0.000164004
         357    -3.36561    -3.36955 0.000163918
         358    -3.36512    -3.36953 0.000163927
         359     -3.3667    -3.36953 0.000163661
         360    -3.36581    -3.36952 0.000163532
         361    -3.36553    -3.36951 0.000163451
         362    -3.36624     -3.3695 0.000163248
         363    -3.36653    -3.36949 0.000163004
         364    -3.36639    -3.36948 0.000162778
         365    -3.36591    -3.36947 0.000162626
         366    -3.36578    -3.36946 0.000162493
         367    -3.36577    -3.36945 0.000162361
         368    -3.36592    -3.36944 0.000162203
         369    -3.36731    -3.36943 0.000161866
         370    -3.36763    -3.36943 0.000161502
         371    -3.36898    -3.36943 0.000161071
         372    -3.36863    -3.36943 0.000160653
         373    -3.36909    -3.36943 0.000160224
         374    -3.36887    -3.36942 0.000159803
         375    -3.36924    -3.36942 0.000159377
         376     -3.3694    -3.36942 0.000158954
         377    -3.37018    -3.36943 0.000158545
         378    -3.36981    -3.36943 0.000158128
         379    -3.36997    -3.36943 0.000157718
         380    -3.37016    -3.36943 0.000157314
         381     -3.3699    -3.36943 0.000156906
         382    -3.36986    -3.36943   0.0001565
         383    -3.36932    -3.36943 0.000156091
         384    -3.36928    -3.36943 0.000155685
         385    -3.36905    -3.36943 0.000155284
         386    -3.36936    -3.36943 0.000154882
         387     -3.3691    -3.36943 0.000154484
         388    -3.36877    -3.36943 0.000154095
         389    -3.36893    -3.36943 0.000153705
         390    -3.36942    -3.36943  0.00015331
         391     -3.3693    -3.36943 0.000152919
         392    -3.36885    -3.36942 0.000152536
         393    -3.36941    -3.36942 0.000152148
         394    -3.36882    -3.36942 0.000151769
         395    -3.36956    -3.36942 0.000151385
         396    -3.36899    -3.36942 0.000151007
         397    -3.36891    -3.36942 0.000150632
         398    -3.36832    -3.36942 0.000150279
         399    -3.36769    -3.36941 0.000149965
         400     -3.3666    -3.36941 0.000149754
         401    -3.36734     -3.3694 0.000149469
         402    -3.36653    -3.36939 0.000149268
         403    -3.36817    -3.36939 0.000148928
         404    -3.36847    -3.36939 0.000148577
         405    -3.36874    -3.36939 0.000148219
         406    -3.36862    -3.36939 0.000147866
         407    -3.36912    -3.36938 0.000147504
         408    -3.36956    -3.36939 0.000147143
         409    -3.36868    -3.36938 0.000146793
         410    -3.36962    -3.36938 0.000146436
         411    -3.36885    -3.36938 0.000146086
         412    -3.36885    -3.36938 0.000145737
         413    -3.36939    -3.36938 0.000145384
         414    -3.36945    -3.36938 0.000145033
         415    -3.36954    -3.36938 0.000144684
         416    -3.37026    -3.36938 0.000144352
         417    -3.37022    -3.36939 0.000144019
         418    -3.37015    -3.36939 0.000143686
         419    -3.37052    -3.36939 0.000143369
         420    -3.37097    -3.36939 0.000143077
         421    -3.37142     -3.3694 0.000142818
         422    -3.37208    -3.36941  0.00014262
         423    -3.37181    -3.36941 0.000142397
         424    -3.37238    -3.36942 0.000142233
         425    -3.37294    -3.36943 0.000142139
         426    -3.37247    -3.36943 0.000141984
         427    -3.37159    -3.36944 0.000141741
         428    -3.37163    -3.36944 0.000141502
         429    -3.37063    -3.36945 0.000141199
         430     -3.3714    -3.36945 0.000140944
         431     -3.3716    -3.36946 0.000140705
         432    -3.37125    -3.36946  0.00014044
         433    -3.37065    -3.36946 0.000140143
         434    -3.37127    -3.36947 0.000139882
         435    -3.37137    -3.36947 0.000139629
         436    -3.37033    -3.36947 0.000139322
         437    -3.37137    -3.36948 0.000139071
         438    -3.36985    -3.36948 0.000138756
         439    -3.37075    -3.36948  0.00013847
         440    -3.37098    -3.36949 0.000138197
         441      -3.371    -3.36949 0.000137927
         442    -3.37183    -3.36949 0.000137716
         443     -3.3725     -3.3695 0.000137573
         444    -3.37266    -3.36951 0.000137447
         445    -3.37187    -3.36951 0.000137241
         446    -3.37198    -3.36952 0.000137045
         447    -3.37287    -3.36953 0.000136944
         448    -3.37334    -3.36953 0.000136903
         449    -3.37307    -3.36954 0.000136824
         450    -3.37309    -3.36955 0.000136747
         451    -3.37359    -3.36956 0.000136736
         452     -3.3738    -3.36957 0.000136755
         453    -3.37319    -3.36958 0.000136686
         454    -3.37206    -3.36958 0.000136495
         455    -3.37177    -3.36959 0.000136279
         456      -3.371    -3.36959 0.000136016
         457    -3.37142    -3.36959 0.000135777
         458      -3.372     -3.3696 0.000135583
         459    -3.37263    -3.36961 0.000135448
         460    -3.37281    -3.36961 0.000135333
         461    -3.37099    -3.36962 0.000135072
         462    -3.37065    -3.36962 0.000134798
         463    -3.37154    -3.36962 0.000134571
         464    -3.37046    -3.36962 0.000134293
         465    -3.37064    -3.36963 0.000134022
         466    -3.37109    -3.36963 0.000133771
         467    -3.37068    -3.36963 0.000133504
         468      -3.371    -3.36963 0.000133251
         469    -3.37067    -3.36964 0.000132985
         470    -3.37102    -3.36964 0.000132735
         471    -3.37044    -3.36964 0.000132464
         472    -3.37031    -3.36964  0.00013219
         473    -3.36913    -3.36964 0.000131915
         474    -3.36768    -3.36964 0.000131702
         475    -3.36699    -3.36963 0.000131543
         476    -3.36651    -3.36963  0.00013143
         477    -3.36613    -3.36962 0.000131359
         478    -3.36626    -3.36961 0.000131272
         479      -3.365     -3.3696 0.000131351
         480    -3.36532    -3.36959 0.000131381
         481    -3.36516    -3.36958  0.00013143
         482    -3.36646    -3.36958 0.000131317
         483    -3.36649    -3.36957 0.000131201
         484    -3.36668    -3.36956 0.000131066
         485    -3.36626    -3.36956 0.000130973
         486    -3.36545    -3.36955 0.000130976
         487    -3.36498    -3.36954 0.000131042
         488    -3.36438    -3.36953   0.0001312
         489    -3.36535    -3.36952 0.000131209
         490    -3.36483    -3.36951  0.00013129
         491    -3.36479     -3.3695 0.000131374
         492    -3.36439    -3.36949 0.000131517
         493    -3.36482    -3.36948  0.00013159
         494    -3.36389    -3.36947 0.000131809
         495    -3.36378    -3.36946 0.000132044
         496    -3.36401    -3.36945 0.000132234
         497    -3.36434    -3.36944 0.000132366
         498    -3.36475    -3.36943 0.000132435
         499    -3.36611    -3.36942 0.000132337
         500     -3.3669    -3.36942 0.000132168
         501     -3.3657    -3.36941 0.000132112
         502    -3.36622     -3.3694 0.000132001
         503    -3.36589     -3.3694 0.000131924
         504    -3.36522    -3.36939 0.000131922
         505     -3.3653    -3.36938 0.000131908
         506    -3.36479    -3.36937 0.000131959
         507     -3.3656    -3.36936 0.000131908
         508     -3.3662    -3.36936 0.000131795
         509    -3.36696    -3.36935  0.00013162
         510    -3.36601    -3.36935 0.000131526
         511     -3.3656    -3.36934 0.000131472
         512    -3.36533    -3.36933 0.000131448
         513    -3.36467    -3.36932 0.000131505
         514    -3.36501    -3.36931 0.000131516
         515    -3.36561    -3.36931 0.000131457
         516    -3.36618     -3.3693 0.000131341
         517    -3.36633    -3.36929 0.000131213
         518    -3.36635    -3.36929 0.000131083
         519    -3.36656    -3.36928 0.000130935
         520    -3.36605    -3.36928 0.000130831
         521    -3.36653    -3.36927 0.000130686
         522    -3.36654    -3.36927 0.000130541
         523     -3.3662    -3.36926 0.000130423
         524     -3.3672    -3.36926 0.000130233
         525    -3.36795    -3.36925 0.000130009
         526    -3.36712    -3.36925 0.000129825
         527    -3.36635    -3.36924 0.000129695
         528    -3.36679    -3.36924 0.000129533
         529     -3.3668    -3.36924 0.000129371
         530    -3.36666    -3.36923 0.000129217
         531    -3.36805    -3.36923 0.000128993
         532     -3.3678    -3.36923 0.000128779
         533    -3.36726    -3.36922  0.00012859
         534    -3.36777    -3.36922 0.000128378
         535    -3.36852    -3.36922 0.000128145
         536    -3.36817    -3.36922 0.000127921
         537    -3.36818    -3.36921 0.000127697
         538    -3.36938    -3.36921  0.00012746
         539    -3.36875    -3.36921 0.000127226
         540     -3.3687    -3.36921 0.000126994
         541    -3.36905    -3.36921  0.00012676
         542    -3.36892    -3.36921 0.000126527
         543    -3.36849    -3.36921 0.000126301
         544    -3.36721    -3.36921 0.000126122
         545    -3.36628     -3.3692 0.000126005
         546    -3.36741     -3.3692 0.000125817
         547    -3.36799     -3.3692 0.000125606
         548    -3.36847    -3.36919 0.000125384
         549    -3.36909    -3.36919 0.000125155
         550    -3.36925    -3.36919 0.000124928
         551    -3.36918    -3.36919 0.000124701
         552     -3.3693    -3.36919 0.000124475
         553    -3.36936    -3.36919 0.000124251
         554    -3.36903    -3.36919 0.000124027
         555    -3.36962     -3.3692 0.000123806
         556    -3.36953     -3.3692 0.000123584
         557    -3.36932     -3.3692 0.000123363
         558    -3.36934     -3.3692 0.000123142
         559    -3.37067     -3.3692  0.00012295
         560    -3.37035     -3.3692 0.000122747
         561    -3.36993     -3.3692 0.000122535
         562    -3.37014     -3.3692 0.000122329
         563    -3.37036    -3.36921 0.000122129
         564     -3.3694    -3.36921 0.000121913
         565    -3.37004    -3.36921 0.000121706
         566    -3.36928    -3.36921 0.000121491
         567    -3.36927    -3.36921 0.000121277
         568    -3.36954    -3.36921 0.000121064
         569    -3.36858    -3.36921 0.000120857
         570     -3.3688    -3.36921 0.000120647
         571    -3.36915    -3.36921 0.000120436
         572    -3.36891    -3.36921 0.000120226
         573    -3.36951    -3.36921 0.000120017
         574    -3.36877    -3.36921 0.000119811
         575    -3.36984    -3.36921 0.000119607
         576    -3.37101    -3.36921 0.000119441
         577    -3.37178    -3.36921 0.000119317
         578    -3.37199    -3.36922 0.000119208
         579    -3.37132    -3.36922 0.000119057
         580    -3.37073    -3.36923  0.00011888
         581    -3.37028    -3.36923 0.000118689
         582     -3.3706    -3.36923 0.000118509
         583    -3.36972    -3.36923 0.000118309
         584       -3.37    -3.36923 0.000118113
         585    -3.36943    -3.36923 0.000117912
         586    -3.36974    -3.36923 0.000117714
         587    -3.36958    -3.36923 0.000117515
         588    -3.36871    -3.36923 0.000117318
         589    -3.36771    -3.36923 0.000117148
         590      -3.367    -3.36923  0.00011701
         591    -3.36728    -3.36922 0.000116858
         592    -3.36664    -3.36922 0.000116743
         593     -3.3666    -3.36921 0.000116629
         594    -3.36627    -3.36921 0.000116538
         595    -3.36652     -3.3692  0.00011643
         596    -3.36628     -3.3692 0.000116338
         597    -3.36618    -3.36919 0.000116253
         598    -3.36669    -3.36919 0.000116135
         599    -3.36625    -3.36919 0.000116045
         600     -3.3654    -3.36918 0.000116023
