0	1001.81	1041.66	47.9865
1	973.013	1020.99	38.977
2	943.137	986.498	48.2225
3	874.395	952.627	45.5275
4	880.036	905.533	49.2887
5	865.113	896.344	27.25
6	832.787	876.297	25.1216
7	804.77	846.414	31.4616
8	789.451	832.427	32.7133
9	789.451	808.899	33.532
10	774.283	799.853	36.8636
11	751.516	785.431	26.9602
12	745.407	766.464	22.7982
13	713.41	759.65	29.6401
14	717.221	741.315	29.5602
15	710.693	730.269	21.1267
16	692.2	718.512	30.462
17	692.002	711.477	26.1247
18	677.371	704.301	25.6107
19	686.942	703.922	29.5978
20	666.708	694.86	28.9826
21	644.091	679.149	29.1393
22	645.016	667.824	31.4287
23	642.525	661.114	28.0703
24	631.651	653.782	43.5974
25	623.904	644.47	27.3217
26	621.702	637.696	27.943
27	606.723	626.093	25.2747
28	588.819	620.978	22.6022
29	583.73	616.078	27.0588
30	583.494	601.334	33.4887
31	582.23	595.613	40.0405
32	582.23	594.175	39.7876
33	574.02	591.704	36.974
34	574.02	588.953	33.3107
35	571.753	584.185	35.2006
36	571.753	583.188	30.8551
37	562.595	577.985	35.0809
38	562.595	573.847	40.7696
39	558.909	572.446	41.9601
40	558.847	570.066	40.6972
41	555.44	569.495	47.6674
42	547.204	565.486	38.0787
43	547.204	563.282	42.6252
44	547.204	559.037	41.9409
45	547.204	558.148	41.5345
46	535.935	557.697	38.8757
47	527.852	551.331	41.3407
48	526.535	539.279	43.8716
49	524.018	536.228	49.2457
50	509.812	528.387	55.3765
51	499.609	519.157	43.437
52	494.669	512.66	46.3396
53	492.626	504.521	22.7552
54	489.545	502.724	20.0947
55	492.626	502.491	23.8348
56	492.626	502.478	13.8375
57	481.75	500.541	33.5791
58	481.75	491.697	27.2268
59	481.75	491.385	25.7531
60	474.678	490.384	28.4381
61	474.678	485.735	27.9828
62	474.678	484.172	24.6329
63	474.678	484.172	18.6113
64	474.678	484.172	27.2697
65	474.678	484.172	34.6
66	474.678	484.172	26.3772
67	474.072	484.017	18.2799
68	474.193	483.92	44.7943
69	474.193	483.677	24.6623
70	470.136	483.44	32.9705
71	470.481	479.891	28.1244
72	465.243	479.472	29.1614
73	465.243	477.134	34.2286
74	465.243	474.548	40.5903
75	464.862	474.51	34.922
76	464.862	474.281	32.7939
77	464.862	474.159	29.4198
78	464.862	474.159	31.005
79	464.862	474.159	34.8512
80	458.608	473.378	39.1838
81	458.263	471.122	35.6801
82	458.263	467.449	30.3994
83	458.263	467.428	21.2585
84	458.263	467.428	26.2911
85	458.263	467.428	21.9547
86	457.875	467.389	23.8779
87	457.875	467.133	25.3546
88	457.875	467.032	27.2892
89	457.875	467.032	22.9857
90	457.875	467.032	24.6034
91	457.875	467.032	21.0632
92	457.875	467.032	26.3572
93	445.973	464.881	30.0086
94	445.973	454.892	28.798
95	445.737	454.817	41.8869
96	445.259	454.652	38.0957
97	444.783	454.335	38.6828
98	445.259	454.22	39.0168
99	445.259	454.165	43.2033
100	421.05	447.477	42.5272
101	421.137	436.7	50.544
102	421.107	432.105	45.9069
103	418.882	429.413	42.2756
104	420.303	429.354	43.9121
105	420.303	428.999	49.0088
106	420.303	428.709	42.7473
107	420.273	428.703	82.5958
108	420.273	428.69	68.1282
109	420.273	428.678	68.6401
110	420.273	428.678	66.4654
111	420.273	428.678	60.6237
112	420.273	428.678	41.4497
113	420.273	428.678	39.9195
114	420.273	428.678	40.7463
115	420.273	428.678	39.7151
116	420.273	428.678	36.1907
117	420.273	428.678	37.4217
118	420.273	428.678	13.3962
119	420.273	428.678	16.0041
120	420.273	428.678	23.8481
121	420.273	428.678	22.4443
122	420.273	428.678	32.1777
123	420.273	428.678	39.6511
124	420.273	428.678	35.2771
125	420.273	428.678	38.3459
126	420.273	428.678	36.2221
127	420.273	428.678	32.781
128	420.273	428.678	30.3307
129	420.273	428.678	26.8569
130	420.273	428.678	37.6542
131	420.273	428.678	46.1141
132	420.273	428.678	41.5818
133	407.97	427.94	35.9715
134	420.273	428.678	47.9495
135	420.273	428.678	43.7779
136	420.273	428.678	38.0062
137	418.707	428.109	31.6273
138	418.707	427.081	40.0398
139	418.707	427.081	37.5015
140	418.707	427.081	31.0739
141	418.707	427.081	24.9207
142	418.707	427.081	41.4026
143	412.39	426.687	41.5995
144	412.39	421.474	42.5073
145	412.39	420.637	28.9663
146	412.39	420.637	34.8046
147	412.39	420.637	31.1814
148	412.39	420.637	33.1199
149	412.39	420.637	30.3444
150	412.39	420.637	33.0254
151	412.39	420.637	30.9628
152	412.39	420.637	30.2754
153	409.981	420.509	36.3615
154	409.981	420.019	43.0092
155	412.39	420.637	40.2299
156	412.39	420.637	40.2108
157	412.39	420.637	37.2941
158	412.39	420.637	32.5135
159	412.39	420.637	25.1147
160	412.39	420.637	31.3737
161	412.39	420.637	36.6759
162	410.522	420.082	28.94
163	411.638	419.871	31.5379
164	411.638	419.871	31.5685
165	411.638	419.871	27.7256
166	399.336	410.41	22.7376
167	399.336	407.322	51.7699
168	399.336	407.322	38.0658
169	399.336	407.322	28.8432
170	399.336	407.322	44.578
171	399.336	407.322	35.8461
172	399.336	407.322	36.8114
173	399.336	407.322	34.2217
174	399.336	407.322	41.7418
175	399.336	407.322	31.9347
176	399.336	407.322	55.6615
177	399.336	407.322	43.0813
178	399.336	407.322	45.3864
179	399.336	407.322	36.9194
180	399.336	407.322	33.5004
181	399.336	407.322	30.6086
182	396.308	406.656	42.9161
183	396.275	404.204	29.5194
184	396.275	404.2	32.6879
185	396.275	404.2	32.0648
186	396.275	404.2	41.0168
187	396.275	404.2	34.2349
188	396.275	404.2	48.4597
189	396.275	404.2	31.3499
190	396.275	404.2	39.8067
191	396.275	404.2	44.7499
192	396.275	404.2	39.0016
193	396.275	404.2	41.8414
194	396.275	404.2	54.9195
195	396.253	404.199	45.1671
196	396.275	404.2	43.7113
197	393.985	404.109	45.4015
198	393.985	403.188	52.5095
199	391.763	400.773	58.3968
200	391.763	399.598	59.0171
201	391.763	399.598	46.4758
202	391.763	399.598	48.9796
203	390.846	399.561	31.7052
204	391.763	399.598	43.8533
205	391.763	399.598	45.6569
206	391.763	399.598	41.1501
207	391.763	399.598	46.6709
208	391.763	399.598	51.8225
209	391.763	399.598	36.3109
210	391.763	399.598	33.2356
211	391.763	399.598	42.7423
212	383.198	399.256	56.9108
213	389.175	397.958	35.3435
214	389.175	396.973	43.4523
215	389.175	396.958	50.5711
216	389.175	396.958	35.4191
217	389.175	396.958	33.5024
218	389.175	396.958	37.1497
219	389.175	396.958	33.6869
220	389.175	396.958	41.1967
221	389.175	396.958	47.3106
222	389.175	396.958	47.1456
223	389.175	396.958	38.6188
224	389.175	396.958	41.3904
225	380.244	390.171	34.9435
226	380.244	387.849	42.6762
227	380.244	387.849	27.2578
228	379.217	387.788	34.3773
229	379.217	387.808	31.0242
230	379.217	387.151	34.3416
231	379.217	386.801	24.8807
232	379.217	386.801	28.347
233	379.217	386.801	23.3775
234	379.217	386.801	21.6381
235	379.217	386.801	19.5863
236	379.217	386.801	31.6268
237	379.217	386.801	32.1522
238	379.217	386.801	37.8692
239	379.217	386.801	40.9736
240	379.217	386.801	33.1584
241	379.217	386.801	24.8275
242	379.217	386.801	20.3521
243	379.217	386.801	28.2149
244	379.217	386.801	23.8749
245	379.217	386.801	23.177
246	377.891	386.536	27.4818
247	368.429	382.847	37.1771
248	368.429	376.063	32.6242
249	368.429	375.797	32.0431
250	365.012	374.882	31.2926
251	364.565	372.294	29.1577
252	363.892	372.11	34.1812
253	363.892	371.842	34.251
254	363.651	371.131	31.8374
255	363.651	371.011	31.4881
256	363.651	370.924	32.1443
257	363.651	370.924	29.1091
258	363.651	370.924	28.6526
259	362.172	370.628	29.9655
260	362.172	369.445	29.6801
261	362.172	369.415	39.034
262	362.172	369.415	39.8278
263	362.172	369.415	29.1883
264	362.172	369.415	42.655
265	362.172	369.415	30.0141
266	362.172	369.415	29.7435
267	362.172	369.415	34.2142
268	362.172	369.415	20.495
269	362.172	369.415	28.7635
270	360.944	368.58	24.128
271	360.944	368.163	24.8141
272	360.944	368.163	30.8572
273	360.944	368.163	35.9482
274	359.69	367.975	39.1864
275	358.189	367.572	25.4271
276	358.189	366.954	33.1942
277	351.319	366.844	33.8281
278	358.189	366.656	29.2319
279	358.189	367.11	36.2995
280	359.427	367.484	49.4884
281	359.716	367.455	49.6525
282	359.716	367.188	42.8623
283	359.427	366.875	53.2923
284	359.427	366.693	39.6167
285	359.427	366.616	57.3797
286	359.427	366.616	39.6787
287	359.427	366.616	38.5463
288	359.427	366.616	33.3017
289	356.609	366.447	46.2839
290	354.635	363.974	38.043
291	356.609	363.741	39.4375
292	356.609	363.741	36.7926
293	356.609	363.741	57.1983
294	356.609	363.741	44.2171
295	356.609	363.741	30.8255
296	356.609	363.741	50.5944
297	355.7	363.614	42.1552
298	355.7	363.219	41.7473
299	355.7	362.814	32.765
300	355.7	362.814	32.8008
301	355.7	362.814	35.7865
302	355.7	362.814	46.6723
303	355.7	362.814	39.5034
304	355.7	362.814	39.8813
305	355.7	362.814	41.557
306	355.7	362.814	45.5589
307	355.7	362.814	35.2213
308	352.724	362.636	35.886
309	355.7	362.814	30.9447
310	355.7	362.814	28.415
311	355.7	362.814	31.2641
312	355.7	362.814	18.6106
313	351.702	361.695	22.0829
314	346.406	357.469	22.3834
315	346.406	353.335	31.6417
316	346.406	353.335	34.6421
317	346.406	353.335	73.5228
318	346.406	353.335	37.9141
319	346.406	353.335	43.6037
320	346.406	353.335	35.3161
321	346.406	353.335	22.6609
322	346.406	353.335	30.6927
323	346.406	353.335	39.2531
324	346.406	353.335	28.2606
325	340.927	350.53	27.1025
326	340.927	347.746	45.578
327	340.927	347.746	36.3574
328	340.927	347.746	31.5041
329	340.927	347.746	28.5242
330	340.927	347.746	33.1486
331	340.7	347.719	27.5531
332	340.7	347.609	42.0654
333	340.7	347.514	36.0696
334	340.7	347.514	30.1963
335	340.7	347.514	32.9915
336	336.698	345.72	30.2564
337	336.698	343.432	41.3264
338	336.698	343.432	31.5265
339	336.698	343.432	36.2296
340	336.698	343.432	41.644
341	336.698	343.432	36.9862
342	336.698	343.432	29.014
343	336.698	343.432	41.2435
344	336.698	343.432	45.4196
345	336.698	343.432	53.5928
346	336.698	343.432	54.8604
347	336.698	343.432	67.4664
348	336.698	343.432	66.9431
349	335.832	343.397	42.0528
350	335.832	343.189	65.0021
351	335.832	343.241	67.4114
352	335.832	343.172	54.7227
353	335.832	343.016	63.853
354	335.832	342.549	46.7937
355	335.832	342.549	28.16
356	335.832	342.549	37.8016
357	332.392	341.094	39.14
358	332.392	339.04	44.402
359	332.177	339.022	40.0337
360	332.177	339.001	38.635
361	332.177	338.934	35.4404
362	332.177	338.82	28.3146
363	332.177	338.82	38.5669
364	332.177	338.82	44.2686
365	332.177	338.82	37.9806
366	332.157	338.811	30.4854
367	332.157	338.8	31.8551
368	332.157	338.8	35.4099
369	332.157	338.8	27.3137
370	332.157	338.8	31.9052
371	332.157	338.8	48.1808
372	332.157	338.8	38.3426
373	332.157	338.8	41.1603
374	332.157	338.8	32.4511
375	330.93	338.727	27.1003
376	332.157	338.8	33.2623
377	332.157	338.8	35.2516
378	332.157	338.8	30.1903
379	332.157	338.8	34.5716
380	332.157	338.8	30.4768
381	332.157	338.8	29.4495
382	332.157	338.8	40.2866
383	329.98	338.713	42.9558
384	332.157	338.8	23.9436
385	332.157	338.8	27.1613
386	332.157	338.8	31.6143
387	332.157	338.8	26.039
388	329.207	337.386	33.4888
389	329.207	335.791	45.9991
390	329.207	335.791	38.7066
391	329.207	335.791	38.2499
392	329.207	335.791	38.397
393	329.207	335.791	44.3885
394	329.207	335.791	34.0147
395	329.207	335.791	31.3605
396	329.207	335.791	42.164
397	329.207	335.791	21.451
398	329.207	335.791	32.6382
399	329.207	335.791	37.1911
400	329.207	335.791	28.8632
401	329.207	335.791	29.9067
402	329.207	335.791	35.4287
403	329.207	335.791	34.4267
404	329.207	335.791	38.0132
405	329.207	335.791	39.0633
406	329.207	335.791	41.4833
407	329.207	335.791	35.7608
408	329.207	335.791	41.3447
409	329.207	335.791	54.5846
410	329.207	335.791	51.5401
411	329.207	335.791	45.0086
412	329.207	335.791	42.3956
413	329.207	335.791	39.3294
414	320.467	331.113	26.7363
415	320.467	326.876	23.6702
416	320.467	326.876	34.0924
417	320.467	326.876	38.902
418	320.467	326.876	45.7775
419	320.467	326.876	39.349
420	319.748	326.848	45.202
421	320.467	326.876	41.6757
422	320.467	326.876	14.6605
423	320.467	326.876	25.3736
424	320.467	326.876	32.1171
425	317.131	326.543	37.0664
426	317.131	324.074	30.659
427	317.131	323.474	29.5098
428	317.131	323.474	20.4106
429	317.131	323.474	29.9642
430	317.131	323.474	31.8169
431	317.131	323.474	28.6345
432	317.131	323.474	45.1133
433	317.131	323.474	29.3147
434	317.131	323.474	31.9646
435	317.131	323.474	28.2065
436	317.131	323.474	23.417
437	317.131	323.474	23.9624
438	317.131	323.474	27.1473
439	316.278	323.133	27.9082
440	316.278	322.604	18.0849
441	316.278	322.604	22.2696
442	316.278	322.604	36.9601
443	316.278	322.604	32.8851
444	316.278	322.604	39.865
445	316.278	322.604	26.3976
446	316.278	322.604	39.139
447	316.278	322.604	46.987
448	309.417	318.86	33.1384
449	309.417	315.606	38.1926
450	308.719	315.508	35.2117
451	308.719	315.005	33.7212
452	308.719	314.894	32.9011
453	308.719	314.894	45.161
454	308.719	314.894	21.3686
455	308.719	314.894	23.6585
456	308.719	314.894	24.8369
457	308.719	314.894	32.9554
458	308.719	314.894	38.186
459	307.828	314.287	27.9327
460	307.828	313.984	46.7387
461	307.828	313.984	48.7184
462	307.828	313.984	39.5748
463	307.828	313.984	34.3745
464	307.828	313.984	34.7624
465	307.828	313.984	41.3514
466	307.828	313.984	32.2923
467	307.828	313.984	34.84
468	307.828	313.984	25.5468
469	307.828	313.984	33.257
470	307.828	313.984	34.6899
471	307.828	313.984	39.9498
472	307.828	313.984	31.3621
473	307.455	313.939	39.33
474	307.455	313.716	33.5495
475	307.455	313.604	56.6933
476	307.455	313.604	35.3785
477	307.455	313.604	32.507
478	307.455	313.604	33.5331
479	307.455	313.604	50.2128
480	307.455	313.604	33.9888
481	307.455	313.604	37.6811
482	307.455	313.604	34.3754
483	307.455	313.604	35.1214
484	307.455	313.604	31.7896
485	307.455	313.604	26.8508
486	307.455	313.604	29.9563
487	307.455	313.604	32.5886
488	307.455	313.604	32.4206
489	307.455	313.604	28.3237
490	307.455	313.604	48.606
491	307.455	313.604	36.4263
492	307.455	313.604	40.2379
493	307.455	313.604	41.1488
494	307.455	313.604	25.4362
495	307.455	313.604	23.7981
496	307.455	313.604	37.8932
497	307.455	313.604	42.915
498	307.455	313.604	42.4303
499	307.455	313.604	47.5272
500	307.455	313.604	27.1029
501	307.455	313.604	31.3331
502	307.455	313.604	22.5671
503	307.455	313.604	38.0585
504	307.455	313.604	45.9527
505	307.455	313.604	50.9457
506	307.455	313.604	36.4664
507	307.455	313.604	35.6353
508	307.455	313.604	35.088
509	307.455	313.604	37.0435
510	307.455	313.604	35.1919
511	307.455	313.604	46.7382
512	307.455	313.604	43.1568
513	305.736	313.316	47.7945
514	305.279	311.641	38.443
515	305.279	311.385	17.7325
516	305.279	311.385	33.0369
517	305.279	311.385	30.4895
518	305.279	311.385	22.609
519	305.279	311.385	26.0497
520	305.279	311.385	28.3831
521	305.279	311.385	23.1714
522	305.279	311.385	30.1675
523	305.279	311.385	22.9679
524	305.279	311.385	29.052
525	305.279	311.385	22.5219
526	305.279	311.385	31.0727
527	305.279	311.385	23.0412
528	305.279	311.385	31.6516
529	305.279	311.385	25.5763
530	305.279	311.385	31.9283
531	305.279	311.385	29.1822
532	305.279	311.385	33.4592
533	305.279	311.385	28.1497
534	305.279	311.385	36.422
535	305.279	311.385	54.8858
536	305.279	311.385	51.255
537	305.279	311.385	30.5768
538	305.279	311.385	45.0834
539	305.279	311.385	44.9557
540	305.279	311.385	54.3274
541	305.279	311.385	34.9097
542	305.279	311.385	33.8683
543	305.279	311.385	45.0634
544	305.279	311.385	38.6176
545	305.279	311.385	22.8163
546	305.279	311.385	26.6952
547	305.279	311.385	38.4871
548	305.279	311.385	32.8568
549	305.279	311.385	34.7241
550	305.279	311.385	46.1159
551	305.279	311.385	37.8233
552	305.279	311.385	39.3639
553	305.279	311.385	31.3509
554	305.279	311.385	35.0618
555	305.279	311.385	53.3489
556	305.279	311.385	51.9287
557	305.279	311.385	43.9406
558	305.279	311.385	27.6253
559	305.279	311.385	32.6426
560	305.279	311.385	32.3846
561	305.279	311.385	23.3722
562	305.279	311.385	23.0117
563	305.279	311.385	27.0763
564	305.279	311.385	25.8073
565	305.279	311.385	26.0125
566	305.279	311.385	31.5544
567	305.279	311.385	39.6849
568	304.691	311.267	40.5874
569	304.691	310.785	28.9798
570	304.691	310.785	31.9139
571	304.691	310.785	27.0762
572	304.691	310.785	34.757
573	304.691	310.785	29.6549
574	304.691	310.785	33.7615
575	304.691	310.785	20.4904
576	304.691	310.785	27.0517
577	304.691	310.785	28.3237
578	304.691	310.785	35.5386
579	304.691	310.785	26.1404
580	304.691	310.785	25.1712
581	304.691	310.785	29.4103
582	304.691	310.785	28.157
583	304.691	310.785	26.5765
584	304.691	310.785	31.6761
585	304.691	310.785	23.2576
586	304.691	310.785	32.4933
587	304.691	310.785	43.8836
588	304.691	310.785	49.2618
589	304.691	310.785	35.5312
590	304.691	310.785	30.636
591	304.691	310.785	36.3413
592	304.397	310.673	46.7905
593	304.397	310.556	41.4428
594	304.397	310.485	42.1094
595	304.397	310.485	38.5007
596	304.397	310.485	36.3342
597	304.397	310.485	27.0123
598	304.397	310.485	25.1152
599	304.397	310.485	24.3983
600	304.397	310.485	55.2279
601	304.397	310.485	43.7574
602	304.397	310.485	32.3039
603	304.397	310.485	53.4045
604	304.397	310.485	28.6997
605	304.397	310.485	25.8666
606	304.397	310.485	36.8691
607	304.397	310.485	31.288
608	304.397	310.485	39.1191
609	304.397	310.485	31.2825
610	304.397	310.485	38.0826
611	304.397	310.485	28.2949
612	304.397	310.485	33.6296
613	304.397	310.485	28.7926
614	304.397	310.485	34.5513
615	304.397	310.485	48.883
616	304.397	310.485	32.3468
617	304.397	310.485	29.8413
618	304.397	310.485	33.0418
619	304.397	310.485	40.114
620	304.397	310.485	38.9219
621	304.397	310.485	29.476
622	304.397	310.485	31.3274
623	304.397	310.485	24.7808
624	304.397	310.485	30.6923
625	304.397	310.485	37.2945
626	304.397	310.485	23.621
627	304.397	310.485	33.1564
628	304.397	310.485	33.4986
629	304.397	310.485	50.8224
630	304.397	310.485	38.0719
631	304.397	310.485	38.2306
632	304.397	310.485	25.2891
633	304.397	310.485	24.6468
634	304.397	310.485	27.4977
635	304.397	310.485	28.3129
636	304.397	310.485	24.5872
637	304.397	310.485	25.3094
638	304.397	310.485	21.6299
639	304.397	310.485	23.6424
640	304.397	310.485	30.9429
641	304.397	310.485	26.1892
642	304.397	310.485	33.2218
643	304.397	310.485	36.2283
644	304.397	310.485	25.8399
645	304.397	310.485	39.652
646	304.397	310.485	32.892
647	304.397	310.485	25.4661
648	304.397	310.485	37.3883
649	304.397	310.485	30.458
650	304.397	310.485	30.8764
651	304.397	310.485	36.0504
652	304.397	310.485	30.3695
653	304.397	310.485	31.5752
654	304.397	310.485	36.5735
655	304.397	310.485	22.8139
656	304.397	310.485	42.3777
657	304.397	310.485	38.673
658	304.397	310.485	24.6836
659	304.397	310.485	31.82
660	304.397	310.485	27.1105
661	304.397	310.485	22.9785
662	304.397	310.485	17.5488
663	304.397	310.485	22.0357
664	304.397	310.485	30.9903
665	304.397	310.485	27.8785
666	304.397	310.485	35.9803
667	304.397	310.485	26.7164
668	304.397	310.485	37.5688
669	304.397	310.485	30.9895
670	304.397	310.485	26.5687
671	304.397	310.485	31.5199
672	304.397	310.485	32.0747
673	304.397	310.485	42.0284
674	304.397	310.485	31.8709
675	304.397	310.485	41.2676
676	304.397	310.485	28.0391
677	304.397	310.485	27.2754
678	304.397	310.485	37.5082
679	304.397	310.485	28.1779
680	304.397	310.485	27.3146
681	304.397	310.485	41.6628
682	304.397	310.485	36.582
683	304.397	310.485	33.1267
684	304.397	310.485	29.1001
685	304.397	310.485	28.8435
686	304.397	310.485	33.2764
687	304.397	310.485	39.4442
688	304.397	310.485	32.2003
689	304.397	310.485	44.8618
690	304.397	310.485	32.2925
691	304.397	310.485	32.5123
692	304.397	310.485	23.6865
693	304.397	310.485	32.7595
694	304.397	310.485	30.7547
695	304.397	310.485	35.8576
696	304.397	310.485	24.6014
697	304.397	310.485	37.6586
698	304.397	310.485	25.316
699	304.397	310.485	24.5682
700	304.397	310.485	30.966
701	304.397	310.485	35.5355
702	304.397	310.485	35.543
703	304.397	310.485	26.9671
704	304.397	310.485	32.0194
705	304.397	310.485	43.0151
706	304.397	310.485	29.7837
707	304.397	310.485	32.3305
708	304.397	310.485	21.6002
709	304.397	310.485	42.4522
710	304.397	310.485	38.7783
711	304.397	310.485	50.8835
712	304.397	310.485	41.9277
713	304.397	310.485	40.5169
714	304.397	310.485	30.1468
715	304.397	310.485	33.4622
716	304.397	310.485	24.65
717	303.69	310.443	37.8394
718	303.69	310.372	29.4385
719	303.69	310.075	33.976
720	303.69	309.764	28.3819
721	303.69	309.764	27.1931
722	303.69	309.764	40.8805
723	303.69	309.764	34.4251
724	303.69	309.764	46.7632
725	303.69	309.764	29.5965
726	303.69	309.764	24.8599
727	303.69	309.764	19.9029
728	303.69	309.764	29.0822
729	303.69	309.764	20.9452
730	303.69	309.764	28.2811
731	303.69	309.764	28.4728
732	303.69	309.764	33.6711
733	303.69	309.764	37.0115
734	303.69	309.764	31.1546
735	303.69	309.764	34.3553
736	303.69	309.764	29.3228
737	303.69	309.764	23.36
738	303.69	309.764	30.5066
739	303.69	309.764	32.5786
740	303.69	309.764	32.7978
741	303.69	309.764	38.6589
742	303.69	309.764	45.5495
743	303.69	309.764	37.7282
744	303.69	309.764	44.4782
745	303.69	309.764	35.4363
746	303.69	309.764	32.0488
747	303.69	309.764	48.182
748	303.69	309.764	42.2592
749	303.69	309.764	42.753
750	303.69	309.764	51.3455
751	303.69	309.764	48.3476
752	303.69	309.764	34.3344
753	303.69	309.764	33.9335
754	303.69	309.764	21.2275
755	303.69	309.764	22.2967
756	303.69	309.764	40.1839
757	303.69	309.764	28.69
758	303.69	309.764	31.4418
759	303.69	309.764	34.0792
760	303.69	309.764	36.1914
761	303.69	309.764	50.985
762	303.69	309.764	52.992
763	303.69	309.764	35.8157
764	303.69	309.764	47.4393
765	303.69	309.764	38.2854
766	303.69	309.764	31.4601
767	303.077	309.69	29.8664
768	303.077	309.617	30.9998
769	303.077	309.298	43.8465
770	303.077	309.139	34.3823
771	303.077	309.139	32.6834
772	303.077	309.139	35.3166
773	303.077	309.139	32.7738
774	303.077	309.139	34.098
775	303.077	309.139	45.2537
776	303.077	309.139	30.644
777	303.077	309.139	26.8159
778	303.077	309.139	32.9119
779	303.077	309.139	26.9468
780	303.077	309.139	19.9703
781	303.077	309.139	44.5411
782	303.077	309.139	32.4239
783	303.077	309.139	39.745
784	303.077	309.139	31.5224
785	303.077	309.139	39.7143
786	303.077	309.139	32.1346
787	303.077	309.139	30.4178
788	302.898	309.132	29.8167
789	302.898	308.988	23.8669
790	302.898	308.956	30.0331
791	302.898	308.956	32.1086
792	302.898	308.956	30.0306
793	302.898	308.956	21.7954
794	302.898	308.956	26.1207
795	302.898	308.956	40.288
796	302.898	308.956	35.826
797	302.898	308.956	29.8378
798	302.898	308.956	30.295
799	302.898	308.956	29.252
800	302.898	308.956	36.7775
801	302.898	308.956	38.105
802	302.898	308.956	33.5802
803	302.898	308.956	28.5725
804	302.898	308.956	30.2487
805	302.898	308.956	41.1273
806	302.898	308.956	33.9784
807	302.898	308.956	29.8812
808	302.898	308.956	34.5187
809	302.898	308.956	35.4811
810	302.898	308.956	37.8063
811	302.898	308.956	22.1498
812	302.898	308.956	23.2317
813	302.898	308.956	17.6155
814	302.898	308.956	20.8223
815	302.898	308.956	26.9527
816	302.898	308.956	31.6369
817	302.898	308.956	25.836
818	302.161	308.366	28.3678
819	302.161	308.204	17.696
820	302.161	308.204	38.6662
821	302.161	308.204	29.8166
822	302.161	308.204	23.059
823	302.161	308.204	34.6555
824	302.161	308.204	26.1079
825	302.161	308.204	36.4732
826	302.161	308.204	32.6666
827	302.161	308.204	29.9457
828	302.161	308.204	37.3325
829	302.161	308.204	36.5985
830	302.161	308.204	35.3626
831	302.161	308.204	41.6392
832	302.161	308.204	41.4408
833	302.161	308.204	34.7805
834	302.161	308.204	44.1629
835	302.161	308.204	37.4605
836	302.161	308.204	26.3351
837	302.161	308.204	36.515
838	302.161	308.204	38.0967
839	302.161	308.204	28.6971
840	302.161	308.204	19.5433
841	301.531	307.99	29.5098
842	301.531	307.561	31.8437
843	301.531	307.561	38.4638
844	301.531	307.561	46.8928
845	301.531	307.561	47.2942
846	301.531	307.561	51.005
847	301.531	307.561	39.2624
848	301.531	307.561	38.7311
849	301.531	307.561	38.635
850	301.531	307.561	36.5673
851	300.74	307.324	27.3915
852	300.74	306.755	36.1633
853	300.74	306.755	39.4321
854	300.74	306.755	45.6101
855	300.74	306.755	36.1684
856	300.74	306.755	29.7377
857	300.74	306.755	28.2769
858	300.74	306.755	33.59
859	300.74	306.755	37.0033
860	300.74	306.755	34.4619
861	300.74	306.755	29.9167
862	300.74	306.755	36.3184
863	300.74	306.755	22.5691
864	300.74	306.755	29.4381
865	300.74	306.755	32.9702
866	300.74	306.755	46.5133
867	300.74	306.755	30.0312
868	300.74	306.755	35.5906
869	300.74	306.755	46.6671
870	300.74	306.755	30.8504
871	300.74	306.755	25.5759
872	300.74	306.755	26.1121
873	300.74	306.755	31.1151
874	300.74	306.755	29.5563
875	299.131	305.79	25.5815
876	299.131	305.114	25.8088
877	299.131	305.114	31.3763
878	299.131	305.114	29.5927
879	299.131	305.114	29.8479
880	299.131	305.114	16.1042
881	299.131	305.114	21.7585
882	299.131	305.114	30.3554
883	299.131	305.114	29.785
884	296.326	303.767	28.7556
885	296.326	302.252	35.6145
886	296.326	302.252	32.031
887	296.326	302.252	27.4375
888	296.326	302.252	35.4094
889	295.926	302.22	32.8642
890	295.926	302.068	50.6151
891	295.926	301.844	48.0694
892	295.926	301.844	49.8855
893	295.926	301.844	61.4948
894	295.926	301.844	45.5401
895	295.926	301.844	56.4655
896	295.926	301.844	56.9194
897	295.926	301.844	54.4038
898	295.926	301.844	59.6354
899	295.926	301.844	47.9454
900	295.926	301.844	43.1163
901	295.926	301.844	49.8358
902	295.926	301.844	38.249
903	295.926	301.844	34.8175
904	295.926	301.844	47.7824
905	295.926	301.844	41.9208
906	295.926	301.844	33.5634
907	295.926	301.844	34.3238
908	295.926	301.844	28.1934
909	295.926	301.844	29.4548
910	295.926	301.844	45.474
911	295.926	301.844	40.6621
912	295.926	301.844	37.9032
913	295.926	301.844	35.6726
914	295.926	301.844	52.9653
915	295.926	301.844	47.1252
916	295.926	301.844	35.9052
917	295.926	301.844	31.0169
918	295.926	301.844	34.1297
919	295.926	301.844	31.7969
920	295.926	301.844	30.5119
921	295.926	301.844	39.3745
922	295.926	301.844	28.0159
923	291.771	301.262	36.4934
924	291.771	298.586	56.1521
925	291.771	297.606	45.4454
926	291.771	297.606	36.705
927	291.771	297.606	32.1308
928	291.771	297.606	27.2425
929	291.771	297.606	39.7123
930	291.771	297.606	44.8214
931	291.771	297.606	44.3436
932	291.55	297.593	38.5994
933	291.55	297.513	33.1181
934	291.55	297.381	56.8713
935	291.55	297.381	34.056
936	291.55	297.381	30.6727
937	291.55	297.381	32.5229
938	291.55	297.381	21.7855
939	291.55	297.381	37.5878
940	291.55	297.381	33.284
941	291.55	297.381	28.8239
942	291.55	297.381	31.5553
943	291.55	297.381	19.738
944	291.55	297.381	37.5321
945	291.55	297.381	24.1532
946	291.55	297.381	27.9194
947	291.55	297.381	42.6667
948	291.55	297.381	27.8857
949	288.228	297.063	27.4705
950	288.228	294.79	28.8999
951	288.228	293.993	41.9831
952	288.228	293.993	42.5299
953	288.228	293.993	35.3721
954	288.228	293.993	36.8173
955	288.228	293.993	22.6911
956	288.228	293.993	28.0388
957	288.228	293.993	45.8641
958	288.228	293.993	32.158
959	288.228	293.993	39.0227
960	288.228	293.993	43.139
961	288.228	293.993	45.6073
962	288.228	293.993	38.4115
963	288.228	293.993	36.4658
964	288.228	293.993	41.755
965	288.228	293.993	41.7889
966	288.228	293.993	47.317
967	288.228	293.993	41.0128
968	288.228	293.993	39.0965
969	288.228	293.993	33.1559
970	288.228	293.993	33.6137
971	288.228	293.993	35.9997
972	288.228	293.993	31.5475
973	288.228	293.993	27.818
974	288.228	293.993	40.9297
975	288.228	293.993	40.806
976	288.228	293.993	36.3911
977	288.228	293.993	27.3658
978	288.228	293.993	24.5007
979	288.228	293.993	40.3985
980	288.228	293.993	34.4373
981	288.228	293.993	27.2026
982	288.228	293.993	32.9879
983	288.228	293.993	36.4531
984	288.228	293.993	32.1967
985	288.228	293.993	36.4338
986	288.228	293.993	32.6253
987	288.228	293.993	25.1534
988	288.228	293.993	30.7732
989	288.228	293.993	34.2542
990	288.228	293.993	35.4625
991	288.228	293.993	42.3597
992	287.721	293.942	30.3871
993	287.721	293.679	34.0782
994	286.867	293.408	38.1543
995	286.82	292.91	31.1471
996	286.82	292.559	38.0813
997	286.82	292.557	32.8721
998	286.82	292.557	41.6623
999	286.82	292.557	32.7855
1000	286.82	292.557	33.1492
1001	286.82	292.557	31.8412
1002	286.82	292.557	51.8849
1003	286.82	292.557	33.2796
1004	286.82	292.557	25.7464
1005	286.82	292.557	40.4387
1006	286.82	292.557	30.3146
1007	286.82	292.557	24.2357
1008	286.82	292.557	30.9249
1009	286.82	292.557	23.0572
1010	286.82	292.557	18.6487
1011	286.82	292.557	32.3388
1012	286.82	292.557	30.9388
1013	286.82	292.557	43.7832
1014	286.82	292.557	36.0026
1015	286.82	292.557	22.922
1016	286.82	292.557	27.6261
1017	286.82	292.557	33.6557
1018	286.82	292.557	44.7835
1019	286.82	292.557	34.1321
1020	286.82	292.557	38.5252
1021	286.82	292.557	36.334
1022	286.82	292.557	32.2555
1023	286.82	292.557	43.625
1024	286.82	292.557	38.0148
1025	286.82	292.557	50.2599
1026	286.82	292.557	52.5791
1027	286.82	292.557	41.6598
1028	286.82	292.557	31.0045
1029	286.82	292.557	61.1648
1030	286.82	292.557	40.2618
1031	286.82	292.557	42.7644
1032	286.82	292.557	37.1046
1033	286.82	292.557	26.4098
1034	286.82	292.557	24.5569
1035	286.82	292.557	34.7403
1036	286.82	292.557	42.3844
1037	286.82	292.557	33.0088
1038	286.82	292.557	33.6928
1039	286.82	292.557	39.2825
1040	284.649	292.47	35.3335
1041	284.649	291.167	30.9747
1042	284.649	290.342	41.6605
1043	284.649	290.342	37.2474
1044	284.649	290.342	33.4953
1045	284.649	290.342	27.2402
1046	284.649	290.342	35.5823
1047	284.649	290.342	32.3857
1048	284.649	290.342	24.1475
1049	284.649	290.342	36.0857
1050	284.649	290.342	43.0141
1051	284.649	290.342	27.136
1052	284.649	290.342	26.1584
1053	284.649	290.342	46.8735
1054	284.649	290.342	41.8476
1055	284.649	290.342	39.547
1056	284.649	290.342	24.8427
1057	284.649	290.342	32.2072
1058	284.649	290.342	36.1657
1059	284.649	290.342	34.7838
1060	284.649	290.342	40.5811
1061	284.649	290.342	38.036
1062	284.649	290.342	33.5701
1063	284.649	290.342	33.3203
1064	284.649	290.342	37.1858
1065	284.649	290.342	36.4992
1066	284.649	290.342	38.9013
1067	284.649	290.342	26.3675
1068	284.649	290.342	47.5063
1069	284.649	290.342	44.6642
1070	284.649	290.342	36.1859
1071	284.649	290.342	31.7501
1072	284.649	290.342	20.135
1073	284.649	290.342	26.6312
1074	284.649	290.342	33.3695
1075	284.649	290.342	36.8931
1076	284.649	290.342	44.4431
1077	284.649	290.342	38.4356
1078	284.649	290.342	30.7914
1079	284.649	290.342	22.4578
1080	284.649	290.342	30.9374
1081	284.649	290.342	33.0954
1082	284.649	290.342	28.2191
1083	284.649	290.342	25.2344
1084	284.649	290.342	38.7658
1085	284.649	290.342	31.8558
1086	284.649	290.342	47.7315
1087	284.649	290.342	32.5894
1088	284.649	290.342	44.1039
1089	284.649	290.342	29.0532
1090	284.649	290.342	45.524
1091	284.649	290.342	32.969
1092	284.649	290.342	33.7777
1093	284.649	290.342	46.603
1094	284.649	290.342	34.2916
1095	284.649	290.342	39.2829
1096	284.649	290.342	31.6893
1097	284.649	290.342	34.4236
1098	284.649	290.342	38.8028
1099	284.649	290.342	49.8672
1100	284.649	290.342	34.7878
1101	284.649	290.342	33.4431
1102	284.649	290.342	27.5511
1103	284.649	290.342	27.8692
1104	284.649	290.342	29.8487
1105	284.649	290.342	35.0136
1106	284.649	290.342	35.6842
1107	284.649	290.342	39.006
1108	284.649	290.342	31.2575
1109	284.649	290.342	39.9444
1110	284.649	290.342	27.5239
1111	284.649	290.342	30.5344
1112	283.092	290.248	34.2513
1113	283.092	289.376	33.5333
1114	283.092	288.753	33.4579
1115	283.092	288.753	41.6504
1116	283.092	288.753	19.4952
1117	283.092	288.753	20.2952
1118	283.092	288.753	34.7667
1119	283.092	288.753	38.2308
1120	283.092	288.753	30.3553
1121	283.092	288.753	25.505
1122	283.092	288.753	22.0097
1123	283.092	288.753	13.2377
1124	283.092	288.753	19.6012
1125	283.092	288.753	28.1548
1126	283.092	288.753	34.5618
1127	283.092	288.753	31.8617
1128	283.092	288.753	40.0585
1129	283.092	288.753	38.9243
1130	283.092	288.753	28.5341
1131	283.092	288.753	31.2402
1132	283.092	288.753	30.4548
1133	283.092	288.753	44.6203
1134	283.092	288.753	30.7379
1135	283.092	288.753	37.5802
1136	283.092	288.753	32.9258
1137	283.092	288.753	33.892
1138	283.092	288.753	37.5369
1139	283.092	288.753	37.5996
1140	283.092	288.753	46.2636
1141	283.092	288.753	40.1003
1142	283.092	288.753	38.7973
1143	283.092	288.753	28.9698
1144	283.092	288.753	34.2588
1145	283.092	288.753	25.9685
1146	283.092	288.753	28.048
1147	283.092	288.753	30.8052
1148	283.092	288.753	25.3936
1149	283.092	288.753	26.0925
1150	283.092	288.753	28.438
1151	283.092	288.753	19.7323
1152	283.092	288.753	30.4064
1153	283.092	288.753	53.8193
1154	283.092	288.753	29.9902
1155	283.092	288.753	27.1054
1156	283.092	288.753	54.1436
1157	283.092	288.753	36.8179
1158	283.092	288.753	35.3531
1159	283.092	288.753	36.5983
1160	283.092	288.753	43.922
1161	283.092	288.753	36.1239
1162	283.092	288.753	40.9848
1163	283.092	288.753	23.9273
1164	283.092	288.753	32.4805
1165	283.092	288.753	20.5196
1166	283.092	288.753	32.2616
1167	283.092	288.753	21.2882
1168	283.092	288.753	22.3476
1169	283.092	288.753	24.5325
1170	283.092	288.753	42.0054
1171	283.092	288.753	41.8044
1172	283.092	288.753	32.9995
1173	283.092	288.753	35.9869
1174	283.092	288.753	37.7627
1175	283.092	288.753	25.6207
1176	283.092	288.753	33.7582
1177	282.071	288.59	26.9092
1178	282.071	287.713	37.011
1179	282.071	287.713	26.7518
1180	282.071	287.713	26.1824
1181	282.071	287.713	26.1619
1182	282.071	287.713	43.7565
1183	282.071	287.713	32.7236
1184	282.071	287.713	37.7627
1185	282.071	287.713	37.0494
1186	282.071	287.713	29.8224
1187	282.071	287.713	27.0331
1188	282.071	287.713	25.9952
1189	282.071	287.713	35.8702
1190	282.071	287.713	43.1312
1191	282.071	287.713	35.4167
1192	282.071	287.713	25.4399
1193	282.071	287.713	23.334
1194	282.071	287.713	30.804
1195	282.071	287.713	35.9559
1196	282.071	287.713	27.8637
1197	282.071	287.713	32.1874
1198	282.071	287.713	25.1394
1199	282.071	287.713	22.3761
1200	282.071	287.713	28.6217
1201	282.071	287.713	40.069
1202	282.071	287.713	41.3764
1203	282.071	287.713	36.9352
1204	282.071	287.713	39.2976
1205	282.071	287.713	40.7675
1206	282.071	287.713	32.8836
1207	282.026	287.711	39.1678
1208	282.026	287.687	51.1589
1209	282.026	287.667	31.6837
1210	282.026	287.667	31.6491
1211	282.026	287.667	38.7023
1212	282.026	287.667	30.5681
1213	282.026	287.667	41.4286
1214	282.026	287.667	45.3666
1215	282.026	287.667	39.0609
1216	282.026	287.667	45.6515
1217	282.026	287.667	37.7164
1218	282.026	287.667	32.7115
1219	282.026	287.667	25.4567
1220	282.026	287.667	25.5505
1221	282.026	287.667	33.5363
1222	282.026	287.667	30.9107
1223	282.026	287.667	28.1553
1224	282.026	287.667	43.1095
1225	282.026	287.667	39.4435
1226	282.026	287.667	25.7059
1227	282.026	287.667	42.4329
1228	282.026	287.667	44.5349
1229	282.026	287.667	28.678
1230	282.026	287.667	27.9055
1231	282.026	287.667	29.4868
1232	282.026	287.667	31.8019
1233	282.026	287.667	32.9438
1234	282.026	287.667	31.3223
1235	282.026	287.667	44.4504
1236	282.026	287.667	37.0885
1237	282.026	287.667	38.4839
1238	282.026	287.667	34.6494
1239	282.026	287.667	30.163
1240	282.026	287.667	40.1581
1241	282.026	287.667	34.836
1242	282.026	287.667	26.756
1243	282.026	287.667	31.0672
1244	282.026	287.667	31.4261
1245	282.026	287.667	36.7978
1246	282.026	287.667	27.5409
1247	282.026	287.667	27.7645
1248	282.026	287.667	26.3337
1249	282.026	287.667	32.6009
1250	282.026	287.667	25.4897
1251	282.026	287.667	28.2406
1252	282.026	287.667	35.9625
1253	282.026	287.667	29.1147
1254	282.026	287.667	36.3253
1255	282.026	287.667	29.3024
1256	282.026	287.667	24.1654
1257	282.026	287.667	32.0804
1258	282.026	287.667	39.1863
1259	282.026	287.667	36.2837
1260	282.026	287.667	48.4764
1261	282.026	287.667	41.8913
1262	282.026	287.667	32.5463
1263	282.026	287.667	34.0833
1264	282.026	287.667	34.6125
1265	282.026	287.667	48.8733
1266	282.026	287.667	39.4155
1267	282.026	287.667	38.8901
1268	282.026	287.667	21.9931
1269	282.026	287.667	29.3775
1270	282.026	287.667	31.4714
1271	282.026	287.667	30.571
1272	282.026	287.667	33.8788
1273	282.026	287.667	22.0776
1274	282.026	287.667	17.2783
1275	282.026	287.667	30.8926
1276	282.026	287.667	35.6629
1277	282.026	287.667	31.2824
1278	282.026	287.667	32.3015
1279	282.026	287.667	28.9233
1280	282.026	287.667	26.3852
1281	282.026	287.667	31.5593
1282	282.026	287.667	38.2122
1283	282.026	287.667	30.6926
1284	282.026	287.667	39.0248
1285	282.026	287.667	44.7559
1286	282.026	287.667	30.5029
1287	282.026	287.667	33.6403
1288	282.026	287.667	24.455
1289	282.026	287.667	34.0959
1290	282.026	287.667	33.7116
1291	282.026	287.667	35.4406
1292	282.026	287.667	25.8828
1293	282.026	287.667	28.1081
1294	282.026	287.667	47.8704
1295	282.026	287.667	30.8445
1296	282.026	287.667	49.9508
1297	282.026	287.667	37.1365
1298	282.026	287.667	35.226
1299	282.026	287.667	42.983
1300	282.026	287.667	47.0622
1301	282.026	287.667	35.207
1302	282.026	287.667	33.1613
1303	282.026	287.667	38.5716
1304	282.026	287.667	51.0526
1305	282.026	287.667	33.5868
1306	282.026	287.667	32.0708
1307	282.026	287.667	31.9971
1308	282.026	287.667	41.9628
1309	282.026	287.667	42.7596
1310	282.026	287.667	38.8762
1311	282.026	287.667	35.9063
1312	282.026	287.667	22.2079
1313	282.026	287.667	49.5228
1314	282.026	287.667	50.7346
1315	282.026	287.667	44.923
1316	282.026	287.667	43.3548
1317	282.026	287.667	39.5661
1318	282.026	287.667	37.6614
1319	282.026	287.667	50.0654
1320	282.026	287.667	38.8579
1321	282.026	287.667	30.3425
1322	282.026	287.667	46.9018
1323	282.026	287.667	48.3659
1324	282.026	287.667	54.3361
1325	282.026	287.667	34.8387
1326	282.026	287.667	28.1657
1327	282.026	287.667	38.506
1328	282.026	287.667	29.1616
1329	282.026	287.667	29.0496
1330	282.026	287.667	30.7129
1331	282.026	287.667	34.8259
1332	282.026	287.667	30.1687
1333	282.026	287.667	31.0617
1334	282.026	287.667	30.6
1335	282.026	287.667	50.0054
1336	282.026	287.667	30.8128
1337	282.026	287.667	34.249
1338	282.026	287.667	46.5883
1339	282.026	287.667	55.5145
1340	282.026	287.667	47.8542
1341	282.026	287.667	42.7178
1342	282.026	287.667	31.8877
1343	282.026	287.667	48.799
1344	282.026	287.667	39.967
1345	282.026	287.667	55.2279
1346	282.026	287.667	39.0449
1347	282.026	287.667	38.4206
1348	282.026	287.667	40.3705
1349	282.026	287.667	36.8484
1350	282.026	287.667	40.4922
1351	282.026	287.667	39.3032
1352	282.026	287.667	32.7492
1353	282.026	287.667	30.5226
1354	282.026	287.667	29.4473
1355	282.026	287.667	30.8928
1356	282.026	287.667	27.7125
1357	282.026	287.667	29.1819
1358	282.026	287.667	23.5653
1359	282.026	287.667	21.8603
1360	282.026	287.667	33.3782
1361	282.026	287.667	30.8246
1362	282.026	287.667	31.384
1363	282.026	287.667	49.1376
1364	282.026	287.667	37.8815
1365	282.026	287.667	39.5918
1366	282.026	287.667	30.2809
1367	282.026	287.667	34.5103
1368	282.026	287.667	41.7042
1369	282.026	287.667	28.4775
1370	282.026	287.667	24.9371
1371	282.026	287.667	47.2456
1372	282.026	287.667	40.108
1373	282.026	287.667	29.7364
1374	282.026	287.667	30.0215
1375	282.026	287.667	34.7974
1376	282.026	287.667	26.9785
1377	282.026	287.667	36.0206
1378	282.026	287.667	37.6585
1379	282.026	287.667	25.309
1380	282.026	287.667	22.0652
1381	282.026	287.667	42.0475
1382	282.026	287.667	26.8463
1383	282.026	287.667	45.0192
1384	282.026	287.667	49.0103
1385	282.026	287.667	40.7623
1386	282.026	287.667	34.2046
1387	282.026	287.667	36.152
1388	282.026	287.667	30.9924
1389	282.026	287.667	31.9639
1390	282.026	287.667	27.9259
1391	282.026	287.667	44.6483
1392	282.026	287.667	52.3676
1393	282.026	287.667	39.0766
1394	282.026	287.667	31.4557
1395	282.026	287.667	23.6273
1396	282.026	287.667	25.5119
1397	282.026	287.667	24.7235
1398	282.026	287.667	32.8081
1399	282.026	287.667	27.8191
1400	282.026	287.667	37.0963
1401	282.026	287.667	41.4181
1402	282.026	287.667	32.607
1403	282.026	287.667	23.9755
1404	282.026	287.667	32.6523
1405	282.026	287.667	22.8817
1406	282.026	287.667	24.5235
1407	282.026	287.667	30.99
1408	282.026	287.667	32.7081
1409	282.026	287.667	42.75
1410	282.026	287.667	36.5333
1411	282.026	287.667	33.4804
1412	282.026	287.667	34.1758
1413	282.026	287.667	35.8891
1414	282.026	287.667	28.1355
1415	282.026	287.667	39.6437
1416	282.026	287.667	28.4974
1417	282.026	287.667	34.8166
1418	282.026	287.667	37.5162
1419	282.026	287.667	24.2939
1420	281.697	287.581	24.9019
1421	281.697	287.331	32.6366
1422	281.697	287.331	31.0213
1423	281.697	287.331	39.1614
1424	281.697	287.331	40.7153
1425	281.697	287.331	43.6386
1426	281.697	287.331	42.0552
1427	281.697	287.331	31.8306
1428	281.697	287.331	31.107
1429	281.697	287.331	36.4334
1430	281.697	287.331	22.9266
1431	281.697	287.331	30.6655
1432	281.697	287.331	36.5474
1433	281.697	287.331	36.0483
1434	281.697	287.331	32.4401
1435	281.697	287.331	31.2835
1436	281.697	287.331	23.6846
1437	281.52	287.211	29.9517
1438	281.52	287.15	29.0163
1439	281.52	287.15	24.5764
1440	281.52	287.15	26.9793
1441	281.52	287.15	33.333
1442	281.52	287.15	32.6342
1443	281.52	287.15	33.6219
1444	281.52	287.15	29.1965
1445	281.22	287.096	37.1207
1446	281.22	286.934	33.4411
1447	281.22	286.844	27.8339
1448	281.22	286.844	26.9753
1449	281.22	286.844	28.9148
1450	281.22	286.844	33.8939
1451	281.22	286.844	32.1999
1452	281.22	286.844	37.4563
1453	281.22	286.844	54.9796
1454	281.22	286.844	48.8951
1455	281.22	286.844	41.6558
1456	281.22	286.844	39.2014
1457	281.22	286.844	47.2704
1458	281.22	286.844	45.8745
1459	281.22	286.844	28.3817
1460	281.22	286.844	42.2463
1461	281.22	286.844	30.8544
1462	281.22	286.844	31.963
1463	281.22	286.844	44.8337
1464	281.22	286.844	37.8161
1465	281.22	286.844	55.8591
1466	281.22	286.844	41.3254
1467	281.22	286.844	44.1548
1468	281.22	286.844	36.7586
1469	281.22	286.844	46.7472
1470	281.22	286.844	53.8552
1471	281.22	286.844	39.2973
1472	281.22	286.844	47.323
1473	281.22	286.844	37.3333
1474	281.22	286.844	45.6135
1475	281.22	286.844	38.4301
1476	281.22	286.844	22.4181
1477	281.22	286.844	26.6357
1478	281.22	286.844	33.6591
1479	281.22	286.844	32.6832
1480	281.22	286.844	35.5544
1481	281.22	286.844	28.9877
1482	281.22	286.844	33.7439
1483	281.22	286.844	38.6885
1484	281.22	286.844	39.7425
1485	281.22	286.844	42.4497
1486	281.22	286.844	36.2406
1487	281.22	286.844	28.5469
1488	281.22	286.844	28.7357
1489	281.22	286.844	28.0749
1490	281.22	286.844	28.1728
1491	281.22	286.844	30.2785
1492	281.22	286.844	22.7626
1493	281.22	286.844	26.6922
1494	281.22	286.844	41.903
1495	281.22	286.844	33.425
1496	281.22	286.844	60.3153
1497	281.22	286.844	44.9935
1498	281.22	286.844	44.7964
1499	281.22	286.844	45.1783
1500	281.22	286.844	37.3041
1501	281.22	286.844	47.3745
1502	281.22	286.844	46.7138
1503	281.22	286.844	41.5163
1504	281.22	286.844	51.8385
1505	281.22	286.844	44.2636
1506	281.22	286.844	31.0404
1507	281.22	286.844	43.0825
1508	281.22	286.844	32.5688
1509	281.22	286.844	32.3696
1510	281.22	286.844	42.2989
1511	281.22	286.844	29.3167
1512	281.22	286.844	34.6753
1513	281.22	286.844	42.5111
1514	281.22	286.844	33.6586
1515	281.22	286.844	38.5793
1516	281.22	286.844	41.3058
1517	281.22	286.844	35.0975
1518	281.22	286.844	37.3252
1519	281.22	286.844	38.0758
1520	281.22	286.844	40.017
1521	281.22	286.844	45.0432
1522	281.22	286.844	52.8668
1523	281.22	286.844	41.8243
1524	281.22	286.844	48.9048
1525	281.22	286.844	35.2403
1526	281.22	286.844	50.505
1527	281.22	286.844	44.2717
1528	281.22	286.844	33.2165
1529	280.226	286.607	36.9219
1530	280.226	285.854	45.3947
1531	280.226	285.83	39.741
1532	280.226	285.83	33.3827
1533	280.226	285.83	36.6697
1534	280.226	285.83	38.1427
1535	280.226	285.83	31.1313
1536	280.226	285.83	33.6025
1537	280.226	285.83	36.4875
1538	280.226	285.83	34.1657
1539	280.226	285.83	41.1608
1540	280.226	285.83	34.7742
1541	280.226	285.83	31.5517
1542	280.226	285.83	22.4261
1543	280.226	285.83	29.0985
1544	280.226	285.83	23.3167
1545	280.226	285.83	31.9656
1546	280.226	285.83	27.4386
1547	280.226	285.83	42.3198
1548	280.226	285.83	34.1731
1549	280.226	285.83	32.0263
1550	280.226	285.83	36.5195
1551	280.226	285.83	21.8506
1552	280.226	285.83	37.4347
1553	280.226	285.83	33.6191
1554	280.226	285.83	38.1976
1555	280.226	285.83	26.4047
1556	280.226	285.83	35.1881
1557	280.226	285.83	27.7712
1558	280.226	285.83	31.1569
1559	280.226	285.83	33.015
1560	280.226	285.83	31.0061
1561	280.226	285.83	30.0044
1562	280.226	285.83	31.972
1563	280.226	285.83	41.6792
1564	280.226	285.83	35.0826
1565	280.226	285.83	43.2585
1566	280.226	285.83	42.0141
1567	280.226	285.83	72.7577
1568	280.226	285.83	49.2432
1569	280.226	285.83	70.7999
1570	280.226	285.83	48.346
1571	280.226	285.83	56.5876
1572	280.226	285.83	32.1715
1573	280.226	285.83	29.8023
1574	280.226	285.83	34.4819
1575	280.226	285.83	33.2257
1576	280.226	285.83	45.4853
1577	280.226	285.83	37.4504
1578	280.226	285.83	48.7792
1579	280.226	285.83	39.5164
1580	280.226	285.83	34.6991
1581	280.226	285.83	45.0561
1582	280.226	285.83	36.8068
1583	280.226	285.83	33.558
1584	280.226	285.83	35.7317
1585	280.226	285.83	28.3297
1586	280.226	285.83	39.7071
1587	280.226	285.83	34.6795
1588	280.226	285.83	25.7846
1589	280.226	285.83	23.3964
1590	280.226	285.83	34.5569
1591	280.226	285.83	31.4661
1592	280.226	285.83	48.7399
1593	280.226	285.83	39.9897
1594	280.226	285.83	44.236
1595	280.226	285.83	53.1466
1596	280.226	285.83	31.5718
1597	280.226	285.83	44.3587
1598	280.226	285.83	35.2054
1599	280.226	285.83	22.949
1600	280.226	285.83	27.1992
1601	280.226	285.83	18.587
1602	280.226	285.83	22.1714
1603	280.226	285.83	30.2047
1604	280.226	285.83	25.946
1605	280.226	285.83	23.9841
1606	280.226	285.83	27.9652
1607	280.226	285.83	27.9657
1608	280.226	285.83	31.3191
1609	280.226	285.83	22.8215
1610	280.226	285.83	31.9119
1611	280.226	285.83	36.377
1612	280.226	285.83	46.9236
1613	280.226	285.83	23.1431
1614	280.226	285.83	30.5194
1615	280.226	285.83	32.7417
1616	280.226	285.83	35.8973
1617	280.226	285.83	36.3078
1618	280.226	285.83	38.7928
1619	280.226	285.83	39.647
1620	280.226	285.83	27.693
1621	280.226	285.83	20.516
1622	280.226	285.83	35.3654
1623	280.226	285.83	34.2416
1624	280.226	285.83	52.7813
1625	280.226	285.83	33.2153
1626	280.226	285.83	36.5382
1627	280.226	285.83	21.2809
1628	280.226	285.83	24.5515
1629	280.226	285.83	25.299
1630	280.226	285.83	34.4512
1631	279.983	285.743	23.3945
1632	279.983	285.582	19.1084
1633	279.983	285.582	27.3755
1634	279.983	285.582	23.49
1635	279.983	285.582	29.9565
1636	279.983	285.582	19.1798
1637	279.983	285.582	29.2967
1638	279.983	285.582	39.339
1639	279.983	285.582	46.1428
1640	279.983	285.582	44.7761
1641	279.983	285.582	38.4933
1642	279.983	285.582	27.1358
1643	279.983	285.582	28.3389
1644	279.983	285.582	23.6132
1645	279.983	285.582	35.3547
1646	279.983	285.582	45.7251
1647	279.983	285.582	38.186
1648	279.983	285.582	30.8336
1649	279.983	285.582	30.5258
1650	279.983	285.582	32.1132
1651	279.983	285.582	36.5174
1652	279.983	285.582	36.4583
1653	279.983	285.582	27.7838
1654	279.983	285.582	22.5747
1655	279.616	285.509	22.7283
1656	279.616	285.209	22.7231
1657	279.616	285.209	32.0539
1658	279.616	285.209	32.9734
1659	279.616	285.209	26.8335
1660	279.616	285.209	23.2313
1661	279.616	285.209	28.1912
1662	279.616	285.209	33.0411
1663	279.616	285.209	33.3064
1664	279.616	285.209	31.3708
1665	279.616	285.209	30.7113
1666	279.616	285.209	40.582
1667	279.616	285.209	46.5049
1668	279.616	285.209	39.6842
1669	279.616	285.209	36.0899
1670	277.162	285.012	31.2604
1671	277.162	282.766	31.1833
1672	277.162	282.705	28.2882
1673	277.162	282.705	35.185
1674	277.162	282.705	42.6943
1675	277.162	282.705	59.5847
1676	277.162	282.705	48.5061
1677	277.162	282.705	39.7431
1678	277.162	282.705	46.2445
1679	277.162	282.705	37.2613
1680	277.162	282.705	48.2421
1681	277.162	282.705	49.731
1682	277.162	282.705	55.6491
1683	277.162	282.705	52.7154
1684	277.162	282.705	44.6501
1685	277.162	282.705	25.0547
1686	277.162	282.705	34.8574
1687	277.162	282.705	25.93
1688	277.162	282.705	35.6219
1689	277.162	282.705	47.253
1690	277.162	282.705	50.8044
1691	277.162	282.705	53.6767
1692	277.162	282.705	28.9755
1693	277.162	282.705	46.642
1694	277.162	282.705	29.2592
1695	277.162	282.705	32.0115
1696	277.162	282.705	37.0255
1697	277.162	282.705	21.986
1698	277.162	282.705	39.4768
1699	277.162	282.705	36.8491
1700	277.162	282.705	50.3392
1701	277.162	282.705	35.1421
1702	277.162	282.705	36.8014
1703	277.162	282.705	38.0062
1704	277.162	282.705	33.0035
1705	277.162	282.705	27.1544
1706	277.162	282.705	27.3026
1707	277.162	282.705	25.7628
1708	277.162	282.705	45.6756
1709	277.162	282.705	34.5161
1710	277.162	282.705	41.7015
1711	277.162	282.705	34.1778
1712	277.162	282.705	38.0938
1713	277.162	282.705	51.71
1714	277.162	282.705	43.9079
1715	277.162	282.705	48.196
1716	277.162	282.705	47.3488
1717	277.162	282.705	30.4153
1718	277.162	282.705	37.3531
1719	277.162	282.705	36.5796
1720	277.162	282.705	40.7508
1721	277.162	282.705	27.0397
1722	277.162	282.705	32.4912
1723	277.162	282.705	36.8467
1724	277.162	282.705	35.7815
1725	277.162	282.705	30.0679
1726	277.162	282.705	29.7312
1727	277.162	282.705	45.4511
1728	277.162	282.705	45.1808
1729	277.162	282.705	44.5433
1730	277.162	282.705	34.638
1731	277.162	282.705	43.0627
1732	277.162	282.705	37.2882
1733	277.162	282.705	31.7506
1734	277.162	282.705	46.4748
1735	277.162	282.705	39.4283
1736	277.162	282.705	34.7979
1737	277.162	282.705	39.6353
1738	277.162	282.705	33.3024
1739	277.162	282.705	30.3395
1740	277.162	282.705	34.9603
1741	277.162	282.705	32.263
1742	277.162	282.705	37.807
1743	277.162	282.705	43.9957
1744	277.162	282.705	26.3973
1745	277.162	282.705	34.9855
1746	277.162	282.705	24.6465
1747	277.162	282.705	35.3307
1748	277.162	282.705	28.6677
1749	277.162	282.705	32.481
1750	277.162	282.705	34.7569
1751	277.162	282.705	29.5591
1752	277.162	282.705	29.6808
1753	277.162	282.705	28.6788
1754	277.162	282.705	26.29
1755	277.162	282.705	31.8288
1756	277.162	282.705	28.2125
1757	277.162	282.705	27.4963
1758	277.162	282.705	35.3736
1759	277.162	282.705	33.0103
1760	277.162	282.705	24.3421
1761	277.162	282.705	28.5246
1762	277.162	282.705	37.6808
1763	277.162	282.705	39.5945
1764	277.162	282.705	26.2622
1765	277.162	282.705	30.4994
1766	277.162	282.705	27.0225
1767	277.162	282.705	27.3741
1768	277.162	282.705	19.0102
1769	277.162	282.705	24.8026
1770	277.162	282.705	33.1657
1771	277.162	282.705	30.7817
1772	277.162	282.705	43.8048
1773	277.162	282.705	33.909
1774	277.162	282.705	36.6996
1775	277.162	282.705	30.0205
1776	277.162	282.705	31.3585
1777	277.162	282.705	41.4593
1778	277.162	282.705	29.9485
1779	277.162	282.705	30.5304
1780	277.162	282.705	21.8011
1781	277.162	282.705	26.5589
1782	277.162	282.705	28.1012
1783	277.162	282.705	24.8877
1784	277.162	282.705	30.9232
1785	277.162	282.705	27.6528
1786	277.162	282.705	29.7249
1787	277.162	282.705	47.0943
1788	277.162	282.705	33.8678
1789	277.162	282.705	28.66
1790	277.162	282.705	33.9044
1791	277.162	282.705	44.3832
1792	277.162	282.705	31.9142
1793	277.162	282.705	49.9085
1794	277.162	282.705	37.5588
1795	277.162	282.705	42.8851
1796	277.162	282.705	33.8822
1797	277.162	282.705	31.1194
1798	277.162	282.705	40.2327
1799	277.162	282.705	39.9018
1800	277.162	282.705	34.8216
1801	277.162	282.705	36.5301
1802	277.162	282.705	37.8273
1803	277.162	282.705	31.4669
1804	277.162	282.705	29.2246
1805	277.162	282.705	39.6484
1806	277.162	282.705	33.4849
1807	277.162	282.705	45.9474
1808	277.162	282.705	55.1134
1809	277.162	282.705	38.0844
1810	277.162	282.705	45.2062
1811	277.162	282.705	49.7598
1812	277.162	282.705	36.4205
1813	277.162	282.705	46.9664
1814	277.162	282.705	53.1314
1815	277.162	282.705	41.1333
1816	277.162	282.705	47.4304
1817	277.162	282.705	31.0785
1818	277.162	282.705	38.3452
1819	277.162	282.705	42.4066
1820	277.162	282.705	38.1245
1821	277.162	282.705	37.0499
1822	277.162	282.705	42.2826
1823	277.162	282.705	39.2104
1824	277.162	282.705	38.8857
1825	277.162	282.705	27.5674
1826	277.162	282.705	27.0249
1827	277.162	282.705	23.0705
1828	277.162	282.705	17.5527
1829	277.162	282.705	29.4257
1830	277.162	282.705	27.2026
1831	277.162	282.705	26.6581
1832	277.162	282.705	30.114
1833	277.162	282.705	30.7288
1834	277.162	282.705	23.4596
1835	277.162	282.705	40.0695
1836	277.162	282.705	23.9439
1837	277.162	282.705	37.9417
1838	277.162	282.705	42.7287
1839	277.162	282.705	36.1245
1840	277.162	282.705	33.1394
1841	277.162	282.705	41.3689
1842	277.162	282.705	35.3726
1843	277.162	282.705	31.487
1844	277.162	282.705	37.4799
1845	277.162	282.705	39.6934
1846	277.162	282.705	28.3841
1847	277.162	282.705	31.1763
1848	277.162	282.705	44.0091
1849	277.162	282.705	35.0773
1850	277.162	282.705	34.8744
1851	277.162	282.705	39.1127
1852	277.162	282.705	39.4261
1853	277.162	282.705	44.7519
1854	277.162	282.705	56.2475
1855	277.162	282.705	54.37
1856	277.162	282.705	28.5201
1857	277.162	282.705	34.8221
1858	277.162	282.705	34.858
1859	277.162	282.705	29.3999
1860	277.162	282.705	29.2518
1861	277.162	282.705	30.0743
1862	277.162	282.705	21.7623
1863	277.162	282.705	23.7551
1864	277.162	282.705	31.3848
1865	277.162	282.705	28.1721
1866	277.162	282.705	29.4823
1867	277.162	282.705	37.6316
1868	277.162	282.705	45.4422
1869	277.162	282.705	43.2367
1870	277.162	282.705	29.3519
1871	277.162	282.705	46.6113
1872	277.162	282.705	38.5959
1873	277.162	282.705	28.7929
1874	277.162	282.705	28.7524
1875	277.162	282.705	41.0076
1876	277.162	282.705	40.4492
1877	277.162	282.705	31.2366
1878	277.162	282.705	32.1274
1879	277.162	282.705	27.2221
1880	277.162	282.705	39.2026
1881	277.08	282.702	32.5272
1882	277.162	282.705	31.5404
1883	277.162	282.705	30.2205
1884	277.162	282.705	27.4357
1885	277.162	282.705	24.5316
1886	277.162	282.705	35.6286
1887	277.162	282.705	26.9085
1888	277.162	282.705	54.6869
1889	277.162	282.705	38.1647
1890	277.162	282.705	29.8782
1891	277.162	282.705	37.9954
1892	277.162	282.705	40.0814
1893	277.162	282.705	39.0443
1894	277.162	282.705	45.3685
1895	277.162	282.705	34.0485
1896	277.162	282.705	31.823
1897	277.162	282.705	38.2054
1898	277.162	282.705	27.7422
1899	277.162	282.705	29.4279
1900	277.162	282.705	24.9227
1901	277.162	282.705	48.3466
1902	277.162	282.705	37.9042
1903	277.162	282.705	40.9026
1904	277.162	282.705	35.7557
1905	277.162	282.705	38.3509
1906	277.162	282.705	36.7847
1907	277.162	282.705	50.5547
1908	277.162	282.705	42.7231
1909	277.162	282.705	55.6599
1910	277.162	282.705	33.5762
1911	277.162	282.705	34.756
1912	277.162	282.705	30.0024
1913	277.162	282.705	36.8082
1914	277.162	282.705	34.5711
1915	277.162	282.705	37.0768
1916	277.162	282.705	29.3736
1917	277.162	282.705	23.6571
1918	277.162	282.705	37.5187
1919	277.162	282.705	30.2357
1920	277.162	282.705	29.968
1921	277.162	282.705	32.7921
1922	277.162	282.705	23.0076
1923	277.162	282.705	27.667
1924	277.162	282.705	32.9585
1925	277.162	282.705	29.4081
1926	277.162	282.705	35.9917
1927	277.162	282.705	43.9851
1928	277.162	282.705	48.8115
1929	277.162	282.705	41.0451
1930	277.162	282.705	27.9169
1931	277.162	282.705	31.021
1932	277.162	282.705	31.3337
1933	277.162	282.705	39.387
1934	277.162	282.705	37.4727
1935	277.162	282.705	32.1332
1936	277.162	282.705	36.8326
1937	277.162	282.705	31.236
1938	277.162	282.705	25.3789
1939	277.162	282.705	16.9749
1940	277.162	282.705	29.4377
1941	277.162	282.705	35.446
1942	277.162	282.705	24.0032
1943	277.162	282.705	13.5968
1944	277.162	282.705	22.5458
1945	277.162	282.705	29.2033
1946	277.162	282.705	30.6393
1947	277.162	282.705	38.1395
1948	277.162	282.705	48.4364
1949	277.162	282.705	34.2718
1950	277.162	282.705	23.8939
1951	277.162	282.705	24.2439
1952	277.162	282.705	16.7476
1953	277.162	282.705	31.2916
1954	277.162	282.705	40.7167
1955	277.162	282.705	34.383
1956	277.162	282.705	24.5013
1957	277.162	282.705	37.2541
1958	277.162	282.705	25.7824
1959	277.162	282.705	38.8287
1960	277.162	282.705	53.7398
1961	277.162	282.705	48.0248
1962	277.162	282.705	45.5108
1963	277.162	282.705	41.717
1964	277.162	282.705	34.9274
1965	277.162	282.705	43.3737
1966	277.162	282.705	29.4183
1967	277.162	282.705	24.466
1968	277.162	282.705	24.9414
1969	277.162	282.705	26.8738
1970	277.162	282.705	34.4354
1971	277.162	282.705	41.6134
1972	277.162	282.705	24.4876
1973	277.162	282.705	29.8451
1974	277.162	282.705	51.0911
1975	277.162	282.705	30.7746
1976	277.162	282.705	30.0375
1977	277.162	282.705	35.7874
1978	277.162	282.705	29.8461
1979	277.162	282.705	27.4689
1980	277.162	282.705	26.3161
1981	277.162	282.705	60.4111
1982	277.162	282.705	43.4285
1983	277.162	282.705	39.527
1984	277.162	282.705	50.3574
1985	277.162	282.705	50.7931
1986	277.162	282.705	44.1231
1987	277.162	282.705	23.0681
1988	277.162	282.705	28.0273
1989	277.162	282.705	35.2507
1990	277.162	282.705	29.3134
1991	277.162	282.705	39.8773
1992	277.162	282.705	38.6575
1993	277.162	282.705	40.6723
1994	277.162	282.705	32.9651
1995	277.162	282.705	24.4543
1996	277.162	282.705	19.4978
1997	277.162	282.705	24.1417
1998	277.162	282.705	28.8659
1999	277.162	282.705	25.8538
2000	277.162	282.705	30.3557
2001	277.162	282.705	32.3387
2002	277.162	282.705	51.3889
2003	277.162	282.705	38.9868
2004	277.162	282.705	42.0689
2005	277.162	282.705	47.268
2006	277.162	282.705	43.2971
2007	277.162	282.705	43.7018
2008	277.162	282.705	24.6186
2009	277.162	282.705	31.8896
2010	277.162	282.705	45.2717
2011	277.162	282.705	34.8369
2012	277.162	282.705	24.0515
2013	277.162	282.705	38.0647
2014	277.162	282.705	28.6139
2015	277.162	282.705	33.3102
2016	277.162	282.705	24.9496
2017	277.162	282.705	26.3915
2018	277.162	282.705	34.244
2019	277.162	282.705	36.2304
2020	277.162	282.705	29.9423
2021	277.162	282.705	39.8937
2022	277.162	282.705	63.3952
2023	277.162	282.705	49.3543
2024	277.162	282.705	42.0121
2025	277.162	282.705	51.6499
2026	277.162	282.705	40.6211
2027	277.162	282.705	44.8994
2028	277.162	282.705	47.3585
2029	277.162	282.705	42.321
2030	277.162	282.705	37.0164
2031	277.162	282.705	31.2132
2032	277.162	282.705	33.3474
2033	277.162	282.705	44.3308
2034	277.162	282.705	43.7616
2035	277.162	282.705	32.9963
2036	277.162	282.705	32.6031
2037	277.162	282.705	18.8483
2038	277.162	282.705	30.7806
2039	277.162	282.705	35.387
2040	277.162	282.705	27.5717
2041	277.162	282.705	47.9475
2042	277.162	282.705	53.9146
2043	277.162	282.705	39.0918
2044	277.162	282.705	37.7637
2045	277.162	282.705	40.4776
2046	277.162	282.705	31.8274
2047	277.162	282.705	39.3664
2048	277.162	282.705	14.2317
2049	277.162	282.705	20.1907
2050	277.162	282.705	36.7937
2051	277.162	282.705	25.1213
2052	277.162	282.705	34.0983
2053	277.162	282.705	21.8098
2054	277.162	282.705	20.7597
2055	277.162	282.705	25.7933
2056	277.162	282.705	32.9785
2057	277.162	282.705	30.9389
2058	277.162	282.705	32.1293
2059	277.162	282.705	33.4542
2060	277.162	282.705	49.2716
2061	277.162	282.705	46.6925
2062	277.162	282.705	46.3763
2063	277.162	282.705	36.9616
2064	277.162	282.705	40.793
2065	277.162	282.705	45.3247
2066	277.162	282.705	41.1918
2067	277.162	282.705	40.1335
2068	277.162	282.705	40.346
2069	277.162	282.705	42.4991
2070	277.162	282.705	30.4944
2071	277.162	282.705	28.8536
2072	277.162	282.705	26.9662
2073	277.162	282.705	26.6319
2074	277.162	282.705	33.226
2075	277.162	282.705	32.9506
2076	277.162	282.705	38.7768
2077	277.162	282.705	42.1537
2078	277.162	282.705	53.3211
2079	277.162	282.705	38.8332
2080	277.162	282.705	26.0006
2081	277.162	282.705	34.0704
2082	277.162	282.705	29.0465
2083	277.162	282.705	46.4445
2084	277.162	282.705	44.1884
2085	277.162	282.705	39.8429
2086	277.162	282.705	42.4488
2087	277.162	282.705	35.8504
2088	277.162	282.705	37.263
2089	277.162	282.705	33.8827
2090	277.162	282.705	35.4018
2091	277.162	282.705	35.4792
2092	277.162	282.705	36.1167
2093	277.162	282.705	37.9369
2094	277.162	282.705	38.6225
2095	277.162	282.705	47.8973
2096	277.162	282.705	51.1648
2097	277.162	282.705	53.3036
2098	277.162	282.705	26.6258
2099	277.162	282.705	22.3453
2100	277.162	282.705	31.9542
2101	277.162	282.705	21.3384
2102	277.162	282.705	28.1464
2103	277.162	282.705	35.6201
2104	277.162	282.705	44.7684
2105	277.162	282.705	31.7226
2106	277.162	282.705	36.8105
2107	277.162	282.705	39.6755
2108	277.162	282.705	29.2084
2109	277.162	282.705	30.6626
2110	277.162	282.705	27.268
2111	277.162	282.705	37.621
2112	277.162	282.705	39.2057
2113	277.162	282.705	28.5605
2114	277.162	282.705	34.8384
2115	277.162	282.705	37.1293
2116	277.162	282.705	40.0133
2117	277.162	282.705	34.2324
2118	277.162	282.705	33.9065
2119	277.162	282.705	50.0191
2120	277.162	282.705	31.9467
2121	277.162	282.705	29.3232
2122	277.162	282.705	28.9134
2123	277.162	282.705	38.5578
2124	277.162	282.705	35.4616
2125	277.162	282.705	34.1833
2126	277.162	282.705	31.1324
2127	277.162	282.705	38.1505
2128	277.162	282.705	36.3447
2129	277.162	282.705	36.0181
2130	277.162	282.705	50.4314
2131	277.162	282.705	44.4915
2132	277.162	282.705	22.9172
2133	277.162	282.705	31.0241
2134	277.162	282.705	25.3465
2135	277.162	282.705	26.7411
2136	277.162	282.705	32.0856
2137	277.162	282.705	26.4472
2138	277.162	282.705	31.0816
2139	277.162	282.705	19.72
2140	277.162	282.705	21.3677
2141	277.162	282.705	26.9797
2142	277.162	282.705	33.2936
2143	277.162	282.705	36.1451
2144	277.162	282.705	30.3197
2145	277.162	282.705	39.5786
2146	277.162	282.705	34.4909
2147	277.162	282.705	28.7845
2148	277.162	282.705	47.9263
2149	277.162	282.705	39.811
2150	277.162	282.705	44.9594
2151	277.162	282.705	41.2094
2152	277.162	282.705	46.3429
2153	277.162	282.705	42.3251
2154	277.162	282.705	39.7775
2155	277.162	282.705	31.7799
2156	277.162	282.705	35.0133
2157	277.162	282.705	45.5997
2158	277.162	282.705	41.1541
2159	277.162	282.705	45.039
2160	277.162	282.705	33.6949
2161	277.162	282.705	33.6376
2162	277.162	282.705	40.0148
2163	277.162	282.705	31.0434
2164	277.162	282.705	34.5552
2165	277.162	282.705	33.137
2166	277.162	282.705	31.415
2167	277.162	282.705	49.2284
2168	277.162	282.705	36.0751
2169	277.162	282.705	50.3409
2170	277.162	282.705	57.8082
2171	277.162	282.705	34.0657
2172	277.162	282.705	25.3435
2173	277.162	282.705	36.454
2174	277.162	282.705	27.2007
2175	277.162	282.705	25.3051
2176	277.162	282.705	36.6969
2177	277.162	282.705	51.1744
2178	277.162	282.705	38.2952
2179	277.162	282.705	38.3361
2180	277.162	282.705	44.8995
2181	277.162	282.705	43.0462
2182	277.162	282.705	39.6308
2183	277.162	282.705	50.8235
2184	277.162	282.705	40.9
2185	277.162	282.705	47.9307
2186	277.162	282.705	34.1483
2187	277.162	282.705	33.1793
2188	277.162	282.705	30.9358
2189	277.162	282.705	31.1091
2190	277.162	282.705	29.7453
2191	277.162	282.705	34.8315
2192	277.162	282.705	37.1843
2193	277.162	282.705	45.1219
2194	277.162	282.705	28.9084
2195	277.162	282.705	45.1466
2196	277.162	282.705	40.5809
2197	277.162	282.705	32.4916
2198	277.162	282.705	37.9402
2199	277.162	282.705	22.3154
2200	277.162	282.705	24.6107
2201	277.162	282.705	34.8732
2202	277.162	282.705	31.4173
2203	277.162	282.705	31.8915
2204	277.162	282.705	31.8537
2205	277.162	282.705	38.9451
2206	277.162	282.705	36.5221
2207	277.162	282.705	43.9046
2208	277.162	282.705	30.8633
2209	277.162	282.705	41.5648
2210	277.162	282.705	29.271
2211	277.162	282.705	35.2463
2212	277.162	282.705	38.8207
2213	277.162	282.705	46.0623
2214	277.162	282.705	47.0106
2215	277.162	282.705	32.1645
2216	277.162	282.705	39.2988
2217	277.162	282.705	41.0964
2218	277.162	282.705	56.0518
2219	277.162	282.705	21.5129
2220	277.162	282.705	30.5907
2221	277.162	282.705	39.5896
2222	277.162	282.705	33.9134
2223	277.162	282.705	30.2864
2224	277.162	282.705	32.8142
2225	277.162	282.705	40.9593
2226	277.162	282.705	43.7917
2227	277.162	282.705	38.8265
2228	277.162	282.705	42.7715
2229	277.162	282.705	32.7699
2230	277.162	282.705	32.5066
2231	277.162	282.705	24.4644
2232	277.162	282.705	33.9294
2233	277.162	282.705	35.543
2234	277.162	282.705	40.5766
2235	277.162	282.705	35.0802
2236	277.162	282.705	31.9941
2237	277.162	282.705	31.6185
2238	277.162	282.705	31.0283
2239	277.162	282.705	29.7098
2240	277.162	282.705	24.6949
2241	277.162	282.705	27.1068
2242	277.162	282.705	23.8154
2243	277.162	282.705	28.3784
2244	277.162	282.705	21.3183
2245	277.162	282.705	14.5101
2246	277.162	282.705	32.5154
2247	277.162	282.705	31.1115
2248	277.162	282.705	34.6348
2249	277.162	282.705	36.264
2250	277.162	282.705	39.109
2251	277.162	282.705	40.5208
2252	277.162	282.705	41.1823
2253	277.162	282.705	28.3559
2254	277.162	282.705	41.9658
2255	277.162	282.705	27.4727
2256	277.162	282.705	28.4523
2257	277.162	282.705	40.3109
2258	277.162	282.705	33.778
2259	277.162	282.705	27.4314
2260	277.162	282.705	29.0576
2261	277.162	282.705	26.0815
2262	277.162	282.705	36.1933
2263	277.162	282.705	33.4581
2264	277.162	282.705	26.601
2265	277.162	282.705	31.3432
2266	277.162	282.705	35.3395
2267	277.162	282.705	46.7376
2268	277.162	282.705	29.0624
2269	277.162	282.705	22.3806
2270	277.162	282.705	29.0499
2271	277.162	282.705	27.8357
2272	277.162	282.705	38.6177
2273	277.162	282.705	29.7577
2274	277.162	282.705	35.3146
2275	277.162	282.705	34.2551
2276	277.162	282.705	43.5883
2277	277.162	282.705	37.6953
2278	277.162	282.705	49.8828
2279	277.162	282.705	48.1709
2280	277.162	282.705	47.4399
2281	277.162	282.705	57.7293
2282	277.162	282.705	63.3844
2283	277.162	282.705	47.9678
2284	277.162	282.705	42.5685
2285	277.162	282.705	29.9883
2286	277.162	282.705	31.0801
2287	277.162	282.705	40.631
2288	277.162	282.705	57.9239
2289	277.162	282.705	49.6701
2290	277.162	282.705	32.8021
2291	277.162	282.705	34.9908
2292	277.162	282.705	28.2402
2293	277.162	282.705	23.9689
2294	277.162	282.705	37.1782
2295	277.162	282.705	29.9148
2296	277.162	282.705	32.7358
2297	277.162	282.705	30.1928
2298	277.162	282.705	35.132
2299	277.162	282.705	24.2512
2300	277.162	282.705	32.3823
2301	277.162	282.705	28.4711
2302	277.162	282.705	28.7722
2303	277.162	282.705	25.6436
2304	277.162	282.705	38.4636
2305	277.162	282.705	37.9225
2306	277.162	282.705	29.905
2307	277.162	282.705	42.1966
2308	277.162	282.705	45.3312
2309	277.162	282.705	49.3544
2310	277.162	282.705	44.6336
2311	277.162	282.705	27.6527
2312	277.162	282.705	39.1038
2313	277.162	282.705	26.5553
2314	277.162	282.705	27.6197
2315	277.162	282.705	25.5411
2316	277.162	282.705	38.7838
2317	277.162	282.705	31.8432
2318	277.162	282.705	27.5403
2319	277.162	282.705	27.9636
2320	277.162	282.705	31.6526
2321	277.162	282.705	32.443
2322	277.162	282.705	43.4227
2323	277.162	282.705	29.5429
2324	277.162	282.705	38.0478
2325	277.162	282.705	37.4537
2326	277.162	282.705	28.0552
2327	277.162	282.705	29.8009
2328	277.162	282.705	34.3824
2329	277.162	282.705	33.6255
2330	277.162	282.705	30.1997
2331	277.162	282.705	32.8434
2332	277.162	282.705	48.4606
2333	277.162	282.705	41.4313
2334	277.162	282.705	43.314
2335	277.162	282.705	31.5008
2336	277.162	282.705	29.9081
2337	277.162	282.705	33.4592
2338	277.162	282.705	34.7709
2339	277.162	282.705	31.4305
2340	277.162	282.705	36.8682
2341	277.162	282.705	31.7222
2342	277.162	282.705	37.2453
2343	277.162	282.705	35.8773
2344	277.162	282.705	35.9396
2345	277.162	282.705	37.9364
2346	277.162	282.705	33.872
2347	277.162	282.705	28.4639
2348	277.162	282.705	26.1137
2349	277.162	282.705	25.6461
2350	277.162	282.705	21.6865
2351	277.162	282.705	31.1377
2352	277.162	282.705	38.6436
2353	277.162	282.705	35.9838
2354	277.162	282.705	26.5076
2355	277.162	282.705	36.1364
2356	277.162	282.705	42.0053
2357	277.162	282.705	52.5021
2358	277.162	282.705	52.4097
2359	277.162	282.705	42.886
2360	277.162	282.705	43.1787
2361	277.162	282.705	50.9422
2362	277.162	282.705	43.1937
2363	277.162	282.705	38.996
2364	277.162	282.705	56.8324
2365	277.162	282.705	40.5091
2366	277.162	282.705	40.0479
2367	277.162	282.705	50.5831
2368	277.162	282.705	54.7845
2369	277.162	282.705	36.4674
2370	277.162	282.705	38.7117
2371	277.162	282.705	37.3355
2372	277.162	282.705	33.1107
2373	277.162	282.705	33.1365
2374	277.162	282.705	38.6236
2375	277.162	282.705	36.7001
2376	277.162	282.705	28.3665
2377	277.162	282.705	35.1881
2378	277.162	282.705	43.2662
2379	277.162	282.705	45.5118
2380	277.162	282.705	38.6027
2381	277.162	282.705	28.05
2382	277.162	282.705	25.3066
2383	277.162	282.705	35.1002
2384	277.162	282.705	36.3307
2385	277.162	282.705	36.2667
2386	277.162	282.705	48.525
2387	277.162	282.705	33.7774
2388	277.162	282.705	28.4476
2389	277.162	282.705	25.7556
2390	277.162	282.705	19.4868
2391	277.162	282.705	9.7763
2392	277.162	282.705	33.1954
2393	277.162	282.705	26.4496
2394	277.162	282.705	36.8442
2395	277.162	282.705	39.3087
2396	277.162	282.705	29.0932
2397	277.162	282.705	28.9533
2398	277.162	282.705	41.9842
2399	277.162	282.705	36.1685
2400	277.162	282.705	36.1324
2401	277.162	282.705	36.8198
2402	277.162	282.705	41.0075
2403	277.162	282.705	42.6143
2404	277.162	282.705	42.6485
2405	277.162	282.705	39.6646
2406	277.162	282.705	43.0036
2407	277.162	282.705	38.24
2408	277.162	282.705	33.6295
2409	277.162	282.705	34.2589
2410	277.162	282.705	53.6785
2411	277.162	282.705	45.0026
2412	277.162	282.705	41.1002
2413	277.162	282.705	56.0343
2414	277.162	282.705	38.7761
2415	277.162	282.705	48.8647
2416	277.162	282.705	55.3803
2417	277.162	282.705	37.7449
2418	277.162	282.705	36.361
2419	277.162	282.705	46.0146
2420	277.162	282.705	51.0575
2421	277.162	282.705	44.6514
2422	277.162	282.705	37.8182
2423	277.162	282.705	41.6609
2424	277.162	282.705	25.4853
2425	277.162	282.705	29.6451
2426	277.162	282.705	31.6072
2427	277.162	282.705	36.9316
2428	277.162	282.705	41.4805
2429	277.162	282.705	44.8759
2430	277.162	282.705	33.8172
2431	277.162	282.705	35.6216
2432	277.162	282.705	34.0165
2433	277.162	282.705	32.5353
2434	277.162	282.705	37.238
2435	277.162	282.705	30.1522
2436	277.162	282.705	37.7016
2437	277.162	282.705	32.4594
2438	277.162	282.705	36.8975
2439	277.162	282.705	21.1393
2440	277.162	282.705	29.644
2441	277.162	282.705	38.6164
2442	277.162	282.705	44.275
2443	277.162	282.705	35.3971
2444	277.162	282.705	27.6565
2445	277.162	282.705	40.3608
2446	277.162	282.705	34.1937
2447	277.162	282.705	46.4888
2448	277.162	282.705	39.8064
2449	277.162	282.705	34.3117
2450	277.162	282.705	50.2152
2451	277.162	282.705	35.8803
2452	277.162	282.705	36.7195
2453	277.162	282.705	32.6772
2454	277.162	282.705	33.8986
2455	277.162	282.705	41.9423
2456	277.162	282.705	49.8155
2457	277.162	282.705	55.657
2458	277.162	282.705	54.2617
2459	277.162	282.705	36.491
2460	277.162	282.705	33.6127
2461	277.162	282.705	35.6906
2462	277.162	282.705	33.3731
2463	277.162	282.705	49.9468
2464	277.162	282.705	34.5546
2465	277.162	282.705	32.5038
2466	277.162	282.705	18.9205
2467	277.162	282.705	18.5625
2468	277.162	282.705	15.2234
2469	277.162	282.705	29.6943
2470	277.162	282.705	31.022
2471	277.162	282.705	36.8207
2472	277.162	282.705	48.4951
2473	277.162	282.705	34.9375
2474	277.162	282.705	34.2758
2475	277.162	282.705	29.3376
2476	277.162	282.705	27.4362
2477	277.162	282.705	30.1742
2478	277.162	282.705	25.9236
2479	277.162	282.705	31.6556
2480	277.162	282.705	18.7868
2481	277.162	282.705	51.4525
2482	277.162	282.705	34.5317
2483	277.162	282.705	36.517
2484	277.162	282.705	40.9531
2485	277.162	282.705	40.4179
2486	277.162	282.705	38.3841
2487	277.162	282.705	35.4926
2488	277.162	282.705	26.4976
2489	277.162	282.705	37.1581
2490	277.162	282.705	29.1776
2491	277.162	282.705	21.5022
2492	277.162	282.705	23.872
2493	277.162	282.705	33.8664
2494	277.162	282.705	33.5619
2495	277.162	282.705	30.7626
2496	277.162	282.705	28.817
2497	277.162	282.705	27.625
2498	277.162	282.705	37.5006
2499	277.162	282.705	32.6826
2500	277.162	282.705	40.7479
2501	277.162	282.705	28.42
2502	277.162	282.705	21.8022
2503	277.162	282.705	29.4854
2504	277.162	282.705	33.7497
2505	277.162	282.705	31.3926
2506	277.162	282.705	25.3252
2507	277.162	282.705	29.9025
2508	277.162	282.705	37.7127
2509	277.162	282.705	35.8903
2510	277.162	282.705	26.5808
2511	277.162	282.705	22.3686
2512	277.162	282.705	32.5731
2513	277.162	282.705	33.4795
2514	277.162	282.705	35.0952
2515	277.162	282.705	44.0422
2516	277.162	282.705	43.3353
2517	277.162	282.705	40.6206
2518	277.162	282.705	36.7219
2519	277.162	282.705	39.3576
2520	277.162	282.705	27.8724
2521	277.162	282.705	44.2758
2522	277.162	282.705	39.244
2523	277.162	282.705	38.065
2524	277.162	282.705	28.382
2525	277.162	282.705	29.2994
2526	277.162	282.705	27.7131
2527	277.162	282.705	35.8977
2528	277.162	282.705	27.3219
2529	277.162	282.705	26.9541
2530	277.162	282.705	35.728
2531	277.162	282.705	34.278
2532	277.162	282.705	28.7112
2533	277.162	282.705	30.6898
2534	277.162	282.705	20.7272
2535	277.162	282.705	27.6117
2536	277.162	282.705	38.4511
2537	277.162	282.705	27.5008
2538	277.162	282.705	31.8582
2539	277.162	282.705	26.5391
2540	277.162	282.705	31.8177
2541	277.162	282.705	27.5791
2542	277.162	282.705	29.7387
2543	277.162	282.705	30.682
2544	277.162	282.705	41.6381
2545	277.162	282.705	32.628
2546	277.162	282.705	43.0206
2547	277.162	282.705	33.8632
2548	277.162	282.705	29.155
2549	277.162	282.705	38.5107
2550	277.162	282.705	57.1953
2551	277.162	282.705	37.9515
2552	277.162	282.705	28.2471
2553	277.162	282.705	30.1954
2554	277.162	282.705	33.2688
2555	277.162	282.705	26.2579
2556	277.162	282.705	27.6565
2557	277.162	282.705	30.5497
2558	277.162	282.705	31.7554
2559	277.162	282.705	46.788
2560	277.162	282.705	34.6367
2561	277.162	282.705	25.6287
2562	277.162	282.705	20.9529
2563	277.162	282.705	35.8533
2564	277.162	282.705	33.3139
2565	277.162	282.705	31.8214
2566	277.162	282.705	36.1449
2567	277.162	282.705	25.9652
2568	277.162	282.705	31.1978
2569	277.162	282.705	35.9835
2570	277.162	282.705	33.0015
2571	277.162	282.705	31.3355
2572	277.162	282.705	32.0701
2573	277.162	282.705	33.5918
2574	276.412	282.345	40.1235
2575	276.412	281.94	46.9197
2576	276.412	281.94	50.3987
2577	276.412	281.94	45.7608
2578	276.412	281.94	39.506
2579	276.412	281.94	30.7104
2580	276.412	281.94	38.9467
2581	276.412	281.94	48.1819
2582	276.412	281.94	39.2359
2583	276.412	281.94	39.2656
2584	276.412	281.94	37.0769
2585	276.412	281.94	50.3512
2586	276.412	281.94	38.6062
2587	276.412	281.94	38.6682
2588	276.412	281.94	33.2189
2589	276.412	281.94	37.0058
2590	276.412	281.94	30.8747
2591	276.412	281.94	31.0446
2592	276.412	281.94	35.3125
2593	276.412	281.94	31.2801
2594	276.412	281.94	31.9618
2595	276.412	281.94	36.9277
2596	276.412	281.94	38.7664
2597	276.412	281.94	30.5449
2598	276.412	281.94	39.4024
2599	276.412	281.94	33.9918
2600	276.412	281.94	43.6714
2601	276.412	281.94	38.3018
2602	276.412	281.94	35.9641
2603	276.412	281.94	50.6129
2604	276.412	281.94	33.4678
2605	276.412	281.94	43.5192
2606	276.412	281.94	37.7248
2607	276.412	281.94	59.4975
2608	276.412	281.94	51.6907
2609	276.412	281.94	42.756
2610	276.412	281.94	39.3847
2611	276.412	281.94	26.3764
2612	276.412	281.94	35.9429
2613	276.412	281.94	31.0413
2614	276.412	281.94	34.1705
2615	276.412	281.94	32.4336
2616	276.412	281.94	21.7756
2617	276.412	281.94	24.5642
2618	276.412	281.94	32.3437
2619	276.412	281.94	23.3949
2620	276.412	281.94	30.5908
2621	276.412	281.94	26.7029
2622	276.412	281.94	25.5957
2623	276.412	281.94	28.3283
2624	276.412	281.94	45.5434
2625	276.412	281.94	37.9017
2626	276.412	281.94	44.0762
2627	276.412	281.94	29.5207
2628	276.412	281.94	21.1938
2629	276.412	281.94	26.0204
2630	276.412	281.94	26.4747
2631	276.412	281.94	43.9019
2632	276.412	281.94	32.9389
2633	276.412	281.94	39.0833
2634	276.412	281.94	23.9205
2635	276.412	281.94	48.2371
2636	276.412	281.94	26.0716
2637	276.412	281.94	42.8475
2638	276.412	281.94	29.7896
2639	276.412	281.94	29.8296
2640	276.412	281.94	42.0808
2641	276.412	281.94	40.6018
2642	276.412	281.94	35.3992
2643	276.412	281.94	34.8386
2644	276.412	281.94	42.7317
2645	276.412	281.94	39.885
2646	276.412	281.94	29.7248
2647	276.412	281.94	30.7701
2648	276.412	281.94	28.0856
2649	276.412	281.94	44.4167
2650	276.412	281.94	39.8288
2651	276.412	281.94	27.2036
2652	276.412	281.94	30.7993
2653	276.412	281.94	34.4529
2654	276.412	281.94	26.1334
2655	276.412	281.94	27.8746
2656	276.412	281.94	35.0887
2657	276.412	281.94	41.3822
2658	276.412	281.94	41.734
2659	276.412	281.94	37.8351
2660	276.412	281.94	49.6147
2661	276.412	281.94	45.9259
2662	276.412	281.94	37.1182
2663	276.412	281.94	31.581
2664	276.412	281.94	32.6271
2665	276.412	281.94	24.6434
2666	276.412	281.94	30.4258
2667	276.412	281.94	43.2347
2668	276.412	281.94	49.2539
2669	276.412	281.94	37.7823
2670	276.412	281.94	43.5604
2671	276.412	281.94	38.6323
2672	276.412	281.94	35.3821
2673	276.412	281.94	36.6718
2674	276.412	281.94	28.736
2675	276.412	281.94	39.9171
2676	276.412	281.94	33.7887
2677	276.412	281.94	43.01
2678	276.412	281.94	36.276
2679	276.412	281.94	29.8949
2680	276.412	281.94	35.022
2681	276.412	281.94	29.0621
2682	276.412	281.94	30.0716
2683	276.412	281.94	27.1369
2684	276.412	281.94	26.9478
2685	276.412	281.94	29.6232
2686	276.412	281.94	34.6742
2687	276.412	281.94	49.1966
2688	276.412	281.94	45.0378
2689	276.412	281.94	38.7368
2690	276.412	281.94	25.2978
2691	276.412	281.94	21.0093
2692	276.412	281.94	23.5208
2693	276.412	281.94	35.6487
2694	276.412	281.94	28.8501
2695	276.412	281.94	29.0868
2696	276.412	281.94	44.8589
2697	276.412	281.94	27.8671
2698	276.412	281.94	31.5593
2699	276.412	281.94	30.5472
2700	276.412	281.94	30.9819
2701	276.412	281.94	45.877
2702	276.412	281.94	30.3653
2703	276.412	281.94	28.7675
2704	276.412	281.94	40.5471
2705	276.412	281.94	36.514
2706	276.412	281.94	43.895
2707	276.412	281.94	44.3593
2708	276.412	281.94	49.6207
2709	276.412	281.94	45.7828
2710	276.412	281.94	33.8459
2711	276.412	281.94	32.4087
2712	276.412	281.94	38.9699
2713	276.412	281.94	31.139
2714	276.412	281.94	41.5416
2715	276.412	281.94	20.9401
2716	276.412	281.94	15.1399
2717	276.412	281.94	30.9473
2718	276.412	281.94	34.373
2719	276.412	281.94	37.168
2720	276.412	281.94	31.8558
2721	276.412	281.94	31.7997
2722	276.412	281.94	37.2174
2723	276.412	281.94	28.2594
2724	276.412	281.94	27.6716
2725	276.412	281.94	22.1951
2726	276.412	281.94	22.8852
2727	276.412	281.94	32.4966
2728	276.412	281.94	31.9278
2729	276.412	281.94	34.0877
2730	276.412	281.94	33.2123
2731	276.412	281.94	30.7023
2732	276.412	281.94	38.383
2733	276.412	281.94	43.0036
2734	276.412	281.94	56.5626
2735	276.412	281.94	36.353
2736	276.412	281.94	40.0598
2737	276.412	281.94	38.519
2738	276.412	281.94	38.5774
2739	276.412	281.94	40.46
2740	276.412	281.94	45.0186
2741	276.412	281.94	48.8276
2742	276.412	281.94	30.4835
2743	276.412	281.94	31.6935
2744	276.412	281.94	26.4441
2745	276.412	281.94	32.426
2746	276.412	281.94	21.4185
2747	276.412	281.94	48.7008
2748	276.412	281.94	34.9316
2749	276.412	281.94	37.538
2750	276.412	281.94	32.1969
2751	276.412	281.94	39.1706
2752	276.412	281.94	35.1602
2753	276.412	281.94	33.9109
2754	276.412	281.94	30.6467
2755	276.412	281.94	30.2877
2756	276.412	281.94	25.6595
2757	276.412	281.94	35.859
2758	276.412	281.94	60.1705
2759	276.412	281.94	48.1184
2760	276.412	281.94	48.4134
2761	276.412	281.94	46.6387
2762	276.412	281.94	51.3245
2763	276.412	281.94	45.6111
2764	276.412	281.94	45.2182
2765	276.412	281.94	44.3627
2766	276.412	281.94	43.0581
2767	276.412	281.94	46.5858
2768	276.412	281.94	46.9138
2769	276.412	281.94	34.8505
2770	276.412	281.94	62.2327
2771	276.412	281.94	45.2003
2772	276.412	281.94	47.5344
2773	276.412	281.94	42.2588
2774	276.412	281.94	31.3159
2775	276.412	281.94	32.2
2776	276.412	281.94	32.9152
2777	276.412	281.94	28.3139
2778	276.412	281.94	36.5104
2779	276.412	281.94	39.0789
2780	276.412	281.94	29.5632
2781	276.412	281.94	29.7687
2782	276.412	281.94	22.4138
2783	276.412	281.94	23.8152
2784	276.412	281.94	31.3843
2785	276.412	281.94	32.7136
2786	276.412	281.94	34.2932
2787	276.412	281.94	27.9677
2788	276.412	281.94	21.118
2789	276.412	281.94	19.7209
2790	276.412	281.94	37.8515
2791	276.412	281.94	39.9506
2792	276.412	281.94	25.0908
2793	276.412	281.94	33.4537
2794	276.412	281.94	33.2212
2795	276.412	281.94	27.2789
2796	276.412	281.94	45.4405
2797	276.412	281.94	61.8127
2798	276.412	281.94	51.6692
2799	276.412	281.94	59.3687
2800	276.412	281.94	47.1021
2801	276.412	281.94	28.4238
2802	276.412	281.94	32.7374
2803	276.412	281.94	45.3628
2804	276.412	281.94	34.693
2805	276.412	281.94	33.4813
2806	276.412	281.94	34.2514
2807	276.412	281.94	44.4965
2808	276.412	281.94	30.2512
2809	276.412	281.94	33.0898
2810	276.412	281.94	35.5871
2811	276.412	281.94	41.2563
2812	276.412	281.94	26.797
2813	276.412	281.94	28.5774
2814	276.412	281.94	17.6214
2815	276.412	281.94	37.2137
2816	276.412	281.94	37.9165
2817	276.412	281.94	38.0826
2818	276.412	281.94	25.1931
2819	276.412	281.94	38.9912
2820	276.412	281.94	30.6641
2821	276.412	281.94	31.5861
2822	276.412	281.94	27.1761
2823	276.412	281.94	47.8321
2824	276.412	281.94	41.4949
2825	276.412	281.94	40.0988
2826	276.412	281.94	45.4353
2827	276.412	281.94	37.661
2828	276.412	281.94	37.3105
2829	276.412	281.94	62.7052
2830	276.412	281.94	41.1442
2831	276.412	281.94	37.7639
2832	276.412	281.94	35.9829
2833	276.412	281.94	61.9373
2834	276.412	281.94	51.7107
2835	276.412	281.94	43.8052
2836	276.412	281.94	49.4889
2837	276.412	281.94	47.2957
2838	276.412	281.94	41.0204
2839	276.412	281.94	38.6948
2840	276.412	281.94	41.7427
2841	276.412	281.94	27.0935
2842	276.412	281.94	32.173
2843	276.412	281.94	30.032
2844	276.412	281.94	42.2013
2845	276.412	281.94	31.4865
2846	276.412	281.94	21.9709
2847	276.412	281.94	27.4691
2848	276.412	281.94	30.7128
2849	276.412	281.94	36.6254
2850	276.412	281.94	23.5111
2851	276.412	281.94	31.7907
2852	276.412	281.94	28.8839
2853	276.412	281.94	40.7639
2854	276.412	281.94	35.8043
2855	276.412	281.94	33.1355
2856	276.412	281.94	31.8427
2857	276.412	281.94	33.6406
2858	276.412	281.94	32.4401
2859	276.412	281.94	47.6014
2860	276.412	281.94	34.9334
2861	276.412	281.94	37.4769
2862	276.412	281.94	33.1739
2863	276.412	281.94	25.9563
2864	276.412	281.94	27.5256
2865	276.412	281.94	41.4685
2866	276.412	281.94	24.4652
2867	276.412	281.94	27.9355
2868	276.412	281.94	24.4423
2869	276.412	281.94	27.8121
2870	276.412	281.94	21.131
2871	276.412	281.94	34.2978
2872	276.412	281.94	25.8727
2873	276.412	281.94	37.033
2874	276.412	281.94	36.7354
2875	276.412	281.94	40.4219
2876	276.412	281.94	39.2994
2877	276.412	281.94	33.8929
2878	276.412	281.94	48.576
2879	276.412	281.94	35.4501
2880	276.412	281.94	38.0091
2881	276.412	281.94	35.8237
2882	276.412	281.94	33.7443
2883	276.412	281.94	29.3997
2884	276.412	281.94	32.4971
2885	276.412	281.94	42.251
2886	276.412	281.94	37.8384
2887	276.412	281.94	26.6095
2888	276.412	281.94	29.4833
2889	276.412	281.94	24.4173
2890	276.412	281.94	28.8791
2891	276.412	281.94	29.2316
2892	276.412	281.94	30.8929
2893	276.412	281.94	29.8163
2894	276.412	281.94	26.4124
2895	276.412	281.94	28.9086
2896	276.412	281.94	29.9319
2897	276.412	281.94	25.9794
2898	276.412	281.94	24.6692
2899	276.412	281.94	40.4762
2900	276.412	281.94	36.3497
2901	276.412	281.94	37.2901
2902	276.412	281.94	36.8675
2903	276.412	281.94	34.3902
2904	276.412	281.94	27.8995
2905	276.412	281.94	26.0152
2906	276.412	281.94	35.2219
2907	276.412	281.94	33.2011
2908	276.412	281.94	34.4914
2909	276.412	281.94	34.1149
2910	276.412	281.94	34.2047
2911	276.412	281.94	39.6751
2912	276.412	281.94	22.9489
2913	276.412	281.94	25.7587
2914	276.412	281.94	33.7916
2915	276.412	281.94	32.5115
2916	276.412	281.94	35.747
2917	276.412	281.94	46.7526
2918	276.412	281.94	31.4232
2919	276.412	281.94	40.4915
2920	276.412	281.94	35.4652
2921	276.412	281.94	39.6056
2922	276.412	281.94	61.4542
2923	276.412	281.94	58.0941
2924	276.412	281.94	61.6146
2925	276.412	281.94	48.1169
2926	276.412	281.94	56.5005
2927	276.412	281.94	38.1779
2928	276.412	281.94	46.7837
2929	276.412	281.94	47.4543
2930	276.412	281.94	55.7822
2931	276.412	281.94	46.7126
2932	276.412	281.94	35.1342
2933	276.412	281.94	26.4268
2934	276.412	281.94	32.7607
2935	276.412	281.94	38.0165
2936	276.412	281.94	27.3084
2937	276.412	281.94	22.9313
2938	276.412	281.94	31.0411
2939	276.412	281.94	40.0146
2940	276.412	281.94	48.8628
2941	276.412	281.94	35.1161
2942	276.412	281.94	25.8937
2943	276.412	281.94	42.9885
2944	276.412	281.94	45.0877
2945	276.412	281.94	49.6097
2946	276.412	281.94	40.5592
2947	276.412	281.94	42.646
2948	276.412	281.94	43.3896
2949	276.412	281.94	47.1714
2950	276.412	281.94	32.2781
2951	276.412	281.94	35.9526
2952	276.412	281.94	49.5869
2953	276.412	281.94	33.9068
2954	276.412	281.94	35.0593
2955	276.412	281.94	35.9756
2956	276.412	281.94	40.1597
2957	276.412	281.94	34.1506
2958	276.412	281.94	39.742
2959	276.412	281.94	42.2016
2960	276.412	281.94	34.7782
2961	276.412	281.94	39.3765
2962	276.412	281.94	42.2933
2963	276.412	281.94	31.7913
2964	276.412	281.94	44.8114
2965	276.412	281.94	48.5062
2966	276.412	281.94	42.459
2967	276.412	281.94	39.0037
2968	276.412	281.94	35.5123
2969	276.412	281.94	49.7552
2970	276.412	281.94	26.7335
2971	276.331	281.937	28.5373
2972	276.412	281.94	26.8335
2973	276.412	281.94	28.3386
2974	276.412	281.94	27.2766
2975	276.412	281.94	31.8427
2976	276.412	281.94	52.3945
2977	276.412	281.94	53.4632
2978	276.412	281.94	42.9792
2979	276.412	281.94	39.0715
2980	276.412	281.94	34.4974
2981	276.412	281.94	31.2348
2982	276.412	281.94	42.6433
2983	276.412	281.94	44.8627
2984	276.412	281.94	39.4014
2985	276.412	281.94	33.0413
2986	276.412	281.94	23.7988
2987	276.412	281.94	29.0238
2988	276.412	281.94	31.2896
2989	276.412	281.94	28.8372
2990	276.412	281.94	44.9422
2991	276.412	281.94	49.1685
2992	276.412	281.94	51.4511
2993	276.412	281.94	49.5062
2994	276.412	281.94	42.9593
2995	276.412	281.94	39.6136
2996	276.412	281.94	36.2061
2997	276.412	281.94	35.5386
2998	276.412	281.94	35.3421
2999	276.412	281.94	32.7697
