1     6.20202     6.20202           0
2     6.20635     6.20418  0.00153021
3     6.20853     6.20563  0.00156151
4     6.19713     6.20351  0.00218079
5     6.20695      6.2042  0.00185044
6     6.20319     6.20403  0.00154967
7      6.2091     6.20475  0.00148841
8     6.20867     6.20524  0.00138056
9     6.20057     6.20472  0.00132132
10     6.21051      6.2053   0.0013098
11     6.20599     6.20536  0.00119224
12     6.19866      6.2048   0.0012169
13     6.21469     6.20557  0.00133981
14     6.20016     6.20518  0.00129858
15     6.19727     6.20465  0.00131463
16     6.20594     6.20473  0.00123491
17     6.21083     6.20509  0.00121319
18     6.20713      6.2052  0.00115108
19      6.2152     6.20573  0.00120468
20      6.2124     6.20606  0.00118969
21     6.22187     6.20682  0.00135041
22     6.21674     6.20727  0.00136223
23     6.21495      6.2076  0.00134333
24     6.21207     6.20779  0.00130022
25     6.20507     6.20768  0.00125276
26     6.21321     6.20789  0.00122248
27     6.21478     6.20815  0.00120357
28     6.21233      6.2083  0.00116983
29     6.21103     6.20839  0.00113329
30      6.2038     6.20824  0.00110579
31     6.21684     6.20851  0.00110436
32     6.21076     6.20858  0.00107207
33     6.21073     6.20865  0.00104155
34     6.22215     6.20905  0.00108399
35     6.21102      6.2091  0.00105448
36     6.20234     6.20892  0.00104177
37     6.20863     6.20891  0.00101365
38     6.19825     6.20863  0.00102505
39     6.21143      6.2087  0.00100129
40     6.19583     6.20838  0.00102662
41     6.20553     6.20831  0.00100393
42     6.20807      6.2083 0.000980038
43     6.21066     6.20836 0.000958779
44     6.20903     6.20837  0.00093711
45      6.2124     6.20846 0.000920547
46     6.20506     6.20839 0.000903506
47     6.19907     6.20819 0.000905768
48     6.20903     6.20821 0.000887067
49     6.19415     6.20792 0.000914158
50     6.20364     6.20783 0.000899882
51     6.20653     6.20781 0.000882602
52     6.21254      6.2079 0.000870295
53     6.20399     6.20783 0.000856991
54     6.20904     6.20785 0.000841417
55     6.20658     6.20783 0.000826437
56       6.209     6.20785 0.000811944
57     6.20346     6.20777 0.000801331
58     6.20404     6.20771 0.000790097
59     6.21608     6.20785 0.000789349
60     6.20737     6.20784 0.000776233
61     6.21731     6.20799 0.000778887
62     6.21411     6.20809 0.000772536
63     6.21944     6.20827 0.000780998
64     6.21054     6.20831 0.000769594
65     6.22286     6.20853 0.000789663
66     6.21008     6.20856 0.000778048
67     6.19848     6.20841 0.000780838
68     6.20854     6.20841 0.000769358
69     6.20278     6.20833 0.000762513
70     6.21149     6.20837 0.000752961
71     6.20633     6.20834 0.000742906
72     6.20847     6.20834  0.00073259
73     6.21008     6.20837 0.000722939
74     6.20856     6.20837 0.000713174
75     6.21747     6.20849 0.000713916
76     6.20817     6.20849 0.000704536
77     6.21518     6.20857  0.00070072
78     6.19996     6.20846 0.000700396
79     6.19491     6.20829  0.00071224
80     6.21612     6.20839 0.000710025
81     6.20873     6.20839 0.000701272
82     6.20959     6.20841 0.000692873
83     6.21053     6.20843 0.000684998
84     6.21703     6.20854 0.000684442
85      6.2216     6.20869 0.000693433
86     6.20692     6.20867 0.000685676
87     6.21263     6.20872 0.000679301
88     6.20811     6.20871 0.000671616
89     6.21165     6.20874 0.000664881
90     6.20854     6.20874 0.000657497
91     6.20238     6.20867 0.000653974
92     6.22208     6.20882 0.000662902
93     6.21361     6.20887 0.000657778
94     6.20154     6.20879 0.000655377
95     6.20102     6.20871 0.000653558
96     6.22231     6.20885 0.000661939
97     6.20629     6.20882 0.000655639
98     6.20191     6.20875 0.000652736
99      6.2112     6.20878 0.000646612
100     6.21229     6.20881 0.000641098
1     6.20202     6.20202           0
2     6.20635     6.20418  0.00153021
3     6.20853     6.20563  0.00156151
4     6.19713     6.20351  0.00218079
5     6.20695      6.2042  0.00185044
6     6.20319     6.20403  0.00154967
7      6.2091     6.20475  0.00148841
8     6.20867     6.20524  0.00138056
9     6.20057     6.20472  0.00132132
10     6.21051      6.2053   0.0013098
11     6.20599     6.20536  0.00119224
12     6.19866      6.2048   0.0012169
13     6.21469     6.20557  0.00133981
14     6.20016     6.20518  0.00129858
15     6.19727     6.20465  0.00131463
16     6.20594     6.20473  0.00123491
17     6.21083     6.20509  0.00121319
18     6.20713      6.2052  0.00115108
19      6.2152     6.20573  0.00120468
20      6.2124     6.20606  0.00118969
21     6.22187     6.20682  0.00135041
22     6.21674     6.20727  0.00136223
23     6.21495      6.2076  0.00134333
24     6.21207     6.20779  0.00130022
25     6.20507     6.20768  0.00125276
26     6.21321     6.20789  0.00122248
27     6.21478     6.20815  0.00120357
28     6.21233      6.2083  0.00116983
29     6.21103     6.20839  0.00113329
30      6.2038     6.20824  0.00110579
31     6.21684     6.20851  0.00110436
32     6.21076     6.20858  0.00107207
33     6.21073     6.20865  0.00104155
34     6.22215     6.20905  0.00108399
35     6.21102      6.2091  0.00105448
36     6.20234     6.20892  0.00104177
37     6.20863     6.20891  0.00101365
38     6.19825     6.20863  0.00102505
39     6.21143      6.2087  0.00100129
40     6.19583     6.20838  0.00102662
41     6.20553     6.20831  0.00100393
42     6.20807      6.2083 0.000980038
43     6.21066     6.20836 0.000958779
44     6.20903     6.20837  0.00093711
45      6.2124     6.20846 0.000920547
46     6.20506     6.20839 0.000903506
47     6.19907     6.20819 0.000905768
48     6.20903     6.20821 0.000887067
49     6.19415     6.20792 0.000914158
50     6.20364     6.20783 0.000899882
51     6.20653     6.20781 0.000882602
52     6.21254      6.2079 0.000870295
53     6.20399     6.20783 0.000856991
54     6.20904     6.20785 0.000841417
55     6.20658     6.20783 0.000826437
56       6.209     6.20785 0.000811944
57     6.20346     6.20777 0.000801331
58     6.20404     6.20771 0.000790097
59     6.21608     6.20785 0.000789349
60     6.20737     6.20784 0.000776233
61     6.21731     6.20799 0.000778887
62     6.21411     6.20809 0.000772536
63     6.21944     6.20827 0.000780998
64     6.21054     6.20831 0.000769594
65     6.22286     6.20853 0.000789663
66     6.21008     6.20856 0.000778048
67     6.19848     6.20841 0.000780838
68     6.20854     6.20841 0.000769358
69     6.20278     6.20833 0.000762513
70     6.21149     6.20837 0.000752961
71     6.20633     6.20834 0.000742906
72     6.20847     6.20834  0.00073259
73     6.21008     6.20837 0.000722939
74     6.20856     6.20837 0.000713174
75     6.21747     6.20849 0.000713916
76     6.20817     6.20849 0.000704536
77     6.21518     6.20857  0.00070072
78     6.19996     6.20846 0.000700396
79     6.19491     6.20829  0.00071224
80     6.21612     6.20839 0.000710025
81     6.20873     6.20839 0.000701272
82     6.20959     6.20841 0.000692873
83     6.21053     6.20843 0.000684998
84     6.21703     6.20854 0.000684442
85      6.2216     6.20869 0.000693433
86     6.20692     6.20867 0.000685676
87     6.21263     6.20872 0.000679301
88     6.20811     6.20871 0.000671616
89     6.21165     6.20874 0.000664881
90     6.20854     6.20874 0.000657497
91     6.20238     6.20867 0.000653974
92     6.22208     6.20882 0.000662902
93     6.21361     6.20887 0.000657778
94     6.20154     6.20879 0.000655377
95     6.20102     6.20871 0.000653558
96     6.22231     6.20885 0.000661939
97     6.20629     6.20882 0.000655639
98     6.20191     6.20875 0.000652736
99      6.2112     6.20878 0.000646612
100     6.21229     6.20881 0.000641098
