           1    -2.82976    -2.82976           0
           2    -2.84552    -2.83764     0.00788
           3    -2.83864    -2.83797  0.00456172
           4     -2.8284    -2.83558  0.00401655
           5     -2.8244    -2.83334  0.00383136
           6    -2.83536    -2.83368  0.00314628
           7    -2.84464    -2.83525  0.00308581
           8     -2.8252    -2.83399  0.00295271
           9    -2.83024    -2.83357  0.00263717
          10      -2.846    -2.83482  0.00266607
          11    -2.83424    -2.83476  0.00241212
          12    -2.82592    -2.83403  0.00232201
          13    -2.83488    -2.83409  0.00213695
          14    -2.82928    -2.83375  0.00200807
          15    -2.81616    -2.83258  0.00220672
          16    -2.81544     -2.8315   0.0023255
          17    -2.81968    -2.83081   0.0022925
          18    -2.82304    -2.83038  0.00220407
          19    -2.83208    -2.83047  0.00208677
          20    -2.84336    -2.83111  0.00208199
          21    -2.82528    -2.83083  0.00199975
          22    -2.81784    -2.83024  0.00199607
          23    -2.83304    -2.83037  0.00191118
          24    -2.83216    -2.83044  0.00183135
          25     -2.8348    -2.83061   0.0017652
          26    -2.82752     -2.8305  0.00170012
          27    -2.82992    -2.83047  0.00163608
          28    -2.82688    -2.83035  0.00158179
          29    -2.82056    -2.83001  0.00156312
          30    -2.81784     -2.8296  0.00156364
          31    -2.84768    -2.83019  0.00162089
          32    -2.83096    -2.83021  0.00156961
          33     -2.8232       -2.83  0.00153606
          34    -2.84328    -2.83039  0.00154055
          35    -2.83648    -2.83056  0.00150598
          36    -2.82704    -2.83046  0.00146682
          37    -2.82576    -2.83034  0.00143228
          38    -2.83512    -2.83046  0.00139975
          39    -2.84304    -2.83079    0.001401
          40    -2.83096    -2.83079  0.00136554
          41    -2.82528    -2.83066  0.00133858
          42     -2.8436    -2.83096  0.00134218
          43    -2.83416    -2.83104   0.0013127
          44    -2.82616    -2.83093  0.00128731
          45      -2.842    -2.83117  0.00128221
          46    -2.83256     -2.8312  0.00125438
          47    -2.82616     -2.8311  0.00123209
          48    -2.82592    -2.83099  0.00121096
          49     -2.8332    -2.83103  0.00118684
          50     -2.8348    -2.83111   0.0011653
          51    -2.82296    -2.83095  0.00115335
          52     -2.8396    -2.83112  0.00114312
          53    -2.82752    -2.83105  0.00112339
          54    -2.81352    -2.83072  0.00114919
          55    -2.82472    -2.83061  0.00113337
          56    -2.81296     -2.8303  0.00115673
          57    -2.83776    -2.83043  0.00114377
          58    -2.82992    -2.83042  0.00112391
          59    -2.82184    -2.83028  0.00111423
          60    -2.81696    -2.83005  0.00111775
          61    -2.84688    -2.83033  0.00113336
          62    -2.82648    -2.83027  0.00111666
          63    -2.82768    -2.83023  0.00109956
          64    -2.82816    -2.83019  0.00108272
          65    -2.82656    -2.83014   0.0010674
          66    -2.82728    -2.83009  0.00105199
          67     -2.8456    -2.83033   0.0010617
          68     -2.8236    -2.83023  0.00105064
          69    -2.83432    -2.83029    0.001037
          70    -2.83096     -2.8303  0.00102212
          71    -2.84368    -2.83048   0.0010251
          72    -2.82808    -2.83045  0.00101132
          73    -2.81288    -2.83021    0.001026
          74    -2.83856    -2.83032  0.00101831
          75     -2.8332    -2.83036  0.00100537
          76      -2.826     -2.8303 0.000993716
          77    -2.81048    -2.83005  0.00101396
          78    -2.81736    -2.82988    0.001014
          79     -2.8288    -2.82987  0.00100118
          80    -2.82512    -2.82981 0.000990366
          81    -2.84448    -2.82999 0.000994688
          82     -2.8344    -2.83005 0.000983952
          83    -2.82056    -2.82993 0.000978721
          84    -2.82008    -2.82981 0.000974085
          85    -2.82056    -2.82971 0.000968695
          86    -2.83624    -2.82978 0.000960375
          87    -2.83752    -2.82987  0.00095343
          88    -2.82808    -2.82985 0.000942753
          89    -2.83088    -2.82986 0.000932172
          90    -2.83344     -2.8299 0.000922614
          91    -2.83712    -2.82998 0.000915861
          92    -2.83456    -2.83003 0.000907217
          93    -2.81976    -2.82992 0.000904179
          94    -2.83584    -2.82998 0.000896723
          95    -2.82296    -2.82991 0.000890308
          96    -2.82512    -2.82986 0.000882396
          97    -2.83064    -2.82987 0.000873289
          98    -2.84864    -2.83006 0.000885305
          99    -2.82352    -2.82999 0.000878802
         100    -2.83464    -2.83004  0.00087121
         101     -2.8352    -2.83009 0.000864053
         102     -2.8252    -2.83004 0.000856883
         103    -2.83024    -2.83004 0.000848525
         104    -2.82248    -2.82997 0.000843468
         105    -2.83256       -2.83  0.00083576
         106    -2.82936    -2.82999  0.00082786
         107    -2.83664    -2.83005 0.000822438
         108    -2.83856    -2.83013 0.000818586
         109    -2.82464    -2.83008 0.000812604
         110    -2.82848    -2.83007 0.000805315
         111    -2.84056    -2.83016 0.000803607
         112     -2.8376    -2.83023 0.000799165
         113    -2.82328    -2.83017 0.000794443
         114    -2.82584    -2.83013 0.000788357
         115    -2.84016    -2.83021 0.000786326
         116    -2.83264    -2.83024 0.000779798
         117    -2.82816    -2.83022 0.000773308
         118    -2.82312    -2.83016 0.000769083
         119    -2.82064    -2.83008 0.000766775
         120     -2.8468    -2.83022 0.000773023
         121    -2.83472    -2.83025  0.00076751
         122    -2.81864    -2.83016 0.000767123
         123    -2.82248     -2.8301 0.000763418
         124    -2.82216    -2.83003 0.000759937
         125    -2.82896    -2.83002 0.000753882
         126    -2.82656       -2.83  0.00074838
         127    -2.82568    -2.82996 0.000743241
         128    -2.83864    -2.83003 0.000740521
         129     -2.8148    -2.82991 0.000744184
         130    -2.82192    -2.82985 0.000740992
         131    -2.83192    -2.82987 0.000735484
         132      -2.832    -2.82988 0.000730069
         133    -2.82808    -2.82987 0.000724686
         134    -2.85048    -2.83002  0.00073552
         135    -2.81976    -2.82995 0.000733999
         136    -2.82016    -2.82988 0.000732127
         137    -2.82264    -2.82982  0.00072868
         138    -2.84936    -2.82996 0.000737104
         139     -2.8296    -2.82996 0.000731787
         140    -2.82744    -2.82994 0.000726764
         141    -2.83904    -2.83001  0.00072447
         142    -2.83472    -2.83004 0.000720115
         143    -2.83968    -2.83011 0.000718231
         144    -2.83736    -2.83016 0.000715002
         145       -2.83    -2.83016 0.000710054
         146    -2.82112     -2.8301 0.000707886
         147    -2.83288    -2.83011 0.000703309
         148    -2.82056    -2.83005 0.000701518
         149    -2.84008    -2.83012 0.000700037
         150    -2.82976    -2.83012 0.000695359
         151    -2.84288     -2.8302 0.000695892
         152    -2.81928    -2.83013 0.000695022
         153    -2.82048    -2.83006 0.000693338
         154    -2.81472    -2.82997  0.00069599
         155    -2.82312    -2.82992 0.000692894
         156    -2.82704     -2.8299 0.000688686
         157    -2.82384    -2.82986 0.000685374
         158     -2.8344    -2.82989 0.000681627
         159    -2.83136     -2.8299  0.00067739
         160    -2.81352     -2.8298 0.000680885
         161    -2.83024     -2.8298 0.000676648
         162    -2.83088    -2.82981 0.000672491
         163      -2.822    -2.82976 0.000670067
         164     -2.8336    -2.82978  0.00066638
         165    -2.83248     -2.8298 0.000662531
         166     -2.8284    -2.82979 0.000658582
         167    -2.82504    -2.82976 0.000655244
         168    -2.82584    -2.82974 0.000651751
         169    -2.81624    -2.82966 0.000652789
         170    -2.83472    -2.82969  0.00064962
         171    -2.82864    -2.82968 0.000645839
         172     -2.8192    -2.82962  0.00064496
         173    -2.83792    -2.82967 0.000643012
         174    -2.81208    -2.82957 0.000647251
         175    -2.82632    -2.82955 0.000643809
         176    -2.82976    -2.82955 0.000640142
         177    -2.83528    -2.82959 0.000637337
         178    -2.82264    -2.82955 0.000634946
         179    -2.83744    -2.82959 0.000632927
         180    -2.83648    -2.82963 0.000630564
         181    -2.83576    -2.82966 0.000627985
         182    -2.85024    -2.82978 0.000634677
         183      -2.822    -2.82973 0.000632628
         184    -2.84288     -2.8298 0.000633224
         185    -2.82224    -2.82976 0.000631118
         186    -2.82824    -2.82976 0.000627769
         187    -2.82544    -2.82973 0.000624829
         188    -2.82336     -2.8297 0.000622421
         189    -2.83536    -2.82973 0.000619843
         190    -2.82208    -2.82969 0.000617885
         191    -2.83912    -2.82974 0.000616622
         192    -2.84032    -2.82979 0.000615873
         193     -2.8352    -2.82982 0.000613314
         194    -2.82408    -2.82979 0.000610861
         195     -2.8408    -2.82985 0.000610337
         196    -2.84544    -2.82993 0.000612405
         197    -2.82184    -2.82989 0.000610669
         198    -2.83776    -2.82993 0.000608878
         199    -2.82552     -2.8299 0.000606215
         200    -2.81464    -2.82983 0.000607985
         201    -2.83008    -2.82983 0.000604954
         202    -2.83264    -2.82984 0.000602112
         203    -2.82832    -2.82983 0.000599186
         204    -2.83192    -2.82985 0.000596329
         205       -2.84    -2.82989 0.000595477
         206    -2.83448    -2.82992 0.000592997
         207    -2.82872    -2.82991 0.000590154
         208    -2.82584    -2.82989 0.000587636
         209    -2.82136    -2.82985  0.00058624
         210    -2.83496    -2.82988 0.000583949
         211    -2.82896    -2.82987 0.000581191
         212    -2.83816    -2.82991 0.000579763
         213    -2.83528    -2.82994 0.000577585
         214      -2.826    -2.82992 0.000575174
         215     -2.8344    -2.82994 0.000572872
         216     -2.8328    -2.82995 0.000570368
         217    -2.83256    -2.82996 0.000567861
         218     -2.8352    -2.82999  0.00056576
         219    -2.83272       -2.83 0.000563309
         220    -2.82096    -2.82996 0.000562246
         221    -2.83048    -2.82996 0.000559701
         222    -2.83648    -2.82999 0.000557948
         223      -2.824    -2.82996 0.000556089
         224    -2.80744    -2.82986 0.000562658
         225    -2.83504    -2.82989 0.000560624
         226    -2.82176    -2.82985 0.000559295
         227    -2.81616    -2.82979 0.000560082
         228    -2.82464    -2.82977 0.000558077
         229    -2.84056    -2.82981  0.00055763
         230     -2.8292    -2.82981 0.000555207
         231     -2.8292    -2.82981 0.000552804
         232    -2.83528    -2.82983 0.000550922
         233    -2.82856    -2.82983 0.000548579
         234    -2.83144    -2.82983 0.000546273
         235    -2.83648    -2.82986 0.000544679
         236    -2.81992    -2.82982 0.000543999
         237    -2.83144    -2.82983 0.000541742
         238    -2.82432     -2.8298 0.000539957
         239    -2.82128    -2.82977 0.000538874
         240    -2.82584    -2.82975 0.000536874
         241    -2.83536    -2.82977 0.000535148
         242    -2.81352    -2.82971 0.000537148
         243    -2.83824    -2.82974 0.000536084
         244    -2.82256    -2.82971 0.000534693
         245    -2.83024    -2.82972 0.000532511
         246    -2.82872    -2.82971 0.000530357
         247    -2.83168    -2.82972 0.000528266
         248    -2.81376    -2.82965 0.000530052
         249    -2.84304    -2.82971 0.000530649
         250    -2.82768     -2.8297 0.000528584
         251    -2.83184    -2.82971 0.000526543
         252    -2.82504    -2.82969 0.000524777
         253     -2.8336    -2.82971 0.000522927
         254     -2.8232    -2.82968 0.000521493
         255    -2.82944    -2.82968 0.000519445
         256     -2.8168    -2.82963 0.000519852
         257    -2.82184     -2.8296 0.000518712
         258      -2.828    -2.82959 0.000516734
         259    -2.81832    -2.82955 0.000516572
         260     -2.8328    -2.82956 0.000514734
         261    -2.81384     -2.8295 0.000516284
         262      -2.838    -2.82953 0.000515331
         263    -2.82536    -2.82952 0.000513613
         264    -2.82736    -2.82951 0.000511729
         265    -2.82032    -2.82948 0.000510973
         266    -2.84096    -2.82952 0.000510876
         267    -2.83936    -2.82956 0.000510292
         268    -2.84312    -2.82961 0.000510898
         269    -2.83712    -2.82963 0.000509761
         270    -2.83784    -2.82966 0.000508778
         271    -2.82736    -2.82966 0.000506968
         272    -2.82912    -2.82965 0.000505105
         273    -2.84064    -2.82969 0.000504858
         274    -2.82936    -2.82969 0.000503013
         275    -2.82744    -2.82968 0.000501248
         276     -2.8332     -2.8297 0.000499591
         277     -2.8292     -2.8297 0.000497787
         278    -2.83696    -2.82972 0.000496681
         279    -2.81544    -2.82967 0.000497538
         280    -2.81248    -2.82961 0.000499545
         281    -2.82976    -2.82961 0.000497764
         282     -2.8444    -2.82966 0.000498762
         283     -2.8244    -2.82964 0.000497344
         284    -2.83616    -2.82967  0.00049612
         285    -2.83224    -2.82968 0.000494459
         286    -2.82608    -2.82966 0.000492887
         287    -2.82872    -2.82966 0.000491178
         288    -2.83648    -2.82968 0.000490042
         289    -2.83976    -2.82972 0.000489587
         290    -2.82696    -2.82971 0.000487988
         291    -2.82792     -2.8297 0.000486347
         292    -2.84072    -2.82974 0.000486145
         293     -2.8264    -2.82973 0.000484617
         294    -2.83984    -2.82976 0.000484189
         295    -2.83848    -2.82979 0.000483449
         296    -2.81536    -2.82974 0.000484274
         297    -2.82688    -2.82973 0.000482737
         298    -2.82592    -2.82972 0.000481284
         299    -2.82672    -2.82971 0.000479777
         300    -2.82256    -2.82969 0.000478769
         301    -2.82688    -2.82968 0.000477267
         302    -2.82008    -2.82965 0.000476744
         303      -2.842    -2.82969 0.000476914
         304    -2.84064    -2.82972 0.000476706
         305    -2.83672    -2.82975 0.000475694
         306    -2.82968    -2.82975 0.000474137
         307    -2.84136    -2.82978 0.000474102
         308    -2.81808    -2.82975 0.000474086
         309    -2.82936    -2.82974 0.000472551
         310     -2.8436    -2.82979  0.00047314
         311    -2.82024    -2.82976 0.000472614
         312    -2.84544    -2.82981 0.000473771
         313     -2.8316    -2.82981 0.000472289
         314    -2.81272    -2.82976  0.00047392
         315    -2.82472    -2.82974 0.000472684
         316    -2.82528    -2.82973 0.000471397
         317    -2.83456    -2.82975 0.000470155
         318    -2.83208    -2.82975 0.000468732
         319    -2.82128    -2.82973 0.000468014
         320    -2.82368    -2.82971 0.000466932
         321     -2.8392    -2.82974 0.000466413
         322    -2.82784    -2.82973    0.000465
         323    -2.83456    -2.82975 0.000463799
         324    -2.83648    -2.82977 0.000462832
         325    -2.83312    -2.82978 0.000461521
         326     -2.8188    -2.82974 0.000461334
         327    -2.83408    -2.82976 0.000460112
         328    -2.83968    -2.82979 0.000459704
         329     -2.8376    -2.82981 0.000458919
         330    -2.83032    -2.82981 0.000457529
         331    -2.82752     -2.8298 0.000456197
         332    -2.83872    -2.82983 0.000455613
         333     -2.8312    -2.82984 0.000454262
         334    -2.81656     -2.8298  0.00045464
         335     -2.8172    -2.82976 0.000454838
         336    -2.84744    -2.82981 0.000456525
         337    -2.82784    -2.82981 0.000455206
         338    -2.83584    -2.82982 0.000454209
         339    -2.83168    -2.82983   0.0004529
         340    -2.83872    -2.82985 0.000452322
         341    -2.81736    -2.82982  0.00045248
         342    -2.84272    -2.82986  0.00045273
         343    -2.81416    -2.82981 0.000453721
         344    -2.83864    -2.82984 0.000453128
         345    -2.82184    -2.82981 0.000452407
         346    -2.83328    -2.82982 0.000451209
         347    -2.81608    -2.82978 0.000451646
         348    -2.83176    -2.82979 0.000450382
         349    -2.82328    -2.82977 0.000449477
         350    -2.82344    -2.82975 0.000448556
         351    -2.82416    -2.82974  0.00044756
         352    -2.81256    -2.82969 0.000448946
         353    -2.83296     -2.8297 0.000447768
         354      -2.836    -2.82971 0.000446857
         355    -2.83952    -2.82974 0.000446451
         356    -2.82432    -2.82973 0.000445456
         357    -2.82664    -2.82972 0.000444291
         358    -2.83528    -2.82973  0.00044332
         359    -2.82712    -2.82973 0.000442143
         360    -2.82944    -2.82973 0.000440914
         361    -2.83256    -2.82973 0.000439761
         362    -2.80552    -2.82967 0.000443616
         363    -2.82896    -2.82966 0.000442397
         364    -2.82144    -2.82964 0.000441758
         365    -2.81368     -2.8296 0.000442711
         366    -2.82976     -2.8296   0.0004415
         367    -2.82592    -2.82959  0.00044041
         368    -2.83088    -2.82959 0.000439225
         369     -2.8268    -2.82958 0.000438099
         370    -2.83216    -2.82959 0.000436969
         371     -2.8364    -2.82961 0.000436175
         372    -2.83072    -2.82961 0.000435012
         373    -2.83192    -2.82962 0.000433888
         374    -2.82416     -2.8296 0.000432972
         375    -2.83296    -2.82961 0.000431909
         376    -2.84096    -2.82964 0.000431814
         377     -2.8304    -2.82965 0.000430672
         378    -2.82392    -2.82963 0.000429798
         379    -2.82976    -2.82963 0.000428663
         380    -2.83352    -2.82964 0.000427656
         381     -2.8392    -2.82967 0.000427269
         382    -2.84256     -2.8297 0.000427484
         383    -2.82304    -2.82968 0.000426721
         384    -2.82104    -2.82966 0.000426203
         385    -2.83696    -2.82968 0.000425517
         386    -2.82752    -2.82967  0.00042445
         387    -2.82552    -2.82966 0.000423488
         388    -2.81848    -2.82963 0.000423377
         389     -2.8312    -2.82964 0.000422306
         390    -2.83216    -2.82964 0.000421272
         391     -2.8212    -2.82962 0.000420748
         392    -2.83736    -2.82964 0.000420137
         393    -2.83024    -2.82964 0.000419069
         394    -2.82296    -2.82963 0.000418348
         395    -2.82584    -2.82962 0.000417398
         396    -2.83392    -2.82963 0.000416484
         397    -2.82008     -2.8296  0.00041613
         398    -2.83792    -2.82963 0.000415608
         399     -2.8192     -2.8296 0.000415388
         400    -2.82768    -2.82959 0.000414376
