           1     -0.4668     -0.4668           0
           2     -0.4528     -0.4598       0.007
           3    -0.46856    -0.46272  0.00498595
           4    -0.46552    -0.46342  0.00359442
           5    -0.46056   -0.462848  0.00284238
           6    -0.45696   -0.461867  0.00251974
           7     -0.4524   -0.460514   0.0025227
           8       -0.46    -0.46045  0.00218566
           9    -0.46344   -0.460782  0.00195599
          10    -0.46864   -0.461568  0.00191786
          11     -0.4584    -0.46128  0.00175851
          12    -0.46256   -0.461387  0.00160883
          13     -0.4584   -0.461157  0.00149764
          14     -0.4604   -0.461103   0.0013876
          15    -0.45936   -0.460987    0.001297
          16    -0.46712    -0.46137  0.00127235
          17    -0.46392    -0.46152  0.00120454
          18    -0.46584    -0.46176  0.00116073
          19      -0.444   -0.460825  0.00144195
          20     -0.4624   -0.460904  0.00137022
          21    -0.46416   -0.461059  0.00131253
          22    -0.46184   -0.461095  0.00125195
          23    -0.46816   -0.461402  0.00123509
          24    -0.46304    -0.46147  0.00118448
          25    -0.45792   -0.461328  0.00114495
          26    -0.46248   -0.461372  0.00110092
          27    -0.45928   -0.461295   0.0010622
          28    -0.46624   -0.461471  0.00103868
          29    -0.45632   -0.461294  0.00101785
          30     -0.4596   -0.461237 0.000984953
          31    -0.46456   -0.461345 0.000958662
          32    -0.45992     -0.4613 0.000929287
          33    -0.46864   -0.461522 0.000927744
          34    -0.46016   -0.461482 0.000900935
          35    -0.46072   -0.461461 0.000875087
          36    -0.46176   -0.461469 0.000850472
          37    -0.45744    -0.46136 0.000834304
          38    -0.46776   -0.461528 0.000829333
          39    -0.45944   -0.461475 0.000809561
          40    -0.45872   -0.461406 0.000792063
          41    -0.45632   -0.461282 0.000782399
          42    -0.45552   -0.461145  0.00077577
          43    -0.45824   -0.461077  0.00076052
          44    -0.46576   -0.461184 0.000750618
          45    -0.45528   -0.461052 0.000745384
          46     -0.4648   -0.461134 0.000733538
          47    -0.46968   -0.461316 0.000740435
          48    -0.46376   -0.461367 0.000726632
          49    -0.45496   -0.461236 0.000723559
          50    -0.46192    -0.46125 0.000709072
          51    -0.45856   -0.461197 0.000697028
          52    -0.45608   -0.461098 0.000690539
          53    -0.46288   -0.461132 0.000678218
          54    -0.46168   -0.461142 0.000665617
          55     -0.4648   -0.461209 0.000656779
          56    -0.46856    -0.46134 0.000658168
          57    -0.46136    -0.46134 0.000646518
          58    -0.46264   -0.461363 0.000635669
          59    -0.46072   -0.461352 0.000624897
          60     -0.4624   -0.461369 0.000614642
          61    -0.45624   -0.461285 0.000610302
          62    -0.45656   -0.461209 0.000605196
          63    -0.45688    -0.46114 0.000599464
          64    -0.45832   -0.461096 0.000591666
          65    -0.46032   -0.461084 0.000582615
          66    -0.46712   -0.461176 0.000580962
          67    -0.45696   -0.461113 0.000575674
          68    -0.45952   -0.461089 0.000567629
          69    -0.46392    -0.46113 0.000560844
          70     -0.4508   -0.460983 0.000572135
          71    -0.46024   -0.460972 0.000564116
          72    -0.45928   -0.460949 0.000556723
          73    -0.46472   -0.461001 0.000551468
          74    -0.45648   -0.460939 0.000547384
          75    -0.47144   -0.461079  0.00055789
          76    -0.45808    -0.46104 0.000551914
          77    -0.46328   -0.461069 0.000545475
          78     -0.4592   -0.461045 0.000538969
          79    -0.46344   -0.461075 0.000532966
          80    -0.45592   -0.461011 0.000530193
          81    -0.46224   -0.461026 0.000523826
          82    -0.46272   -0.461047 0.000517811
          83      -0.468   -0.461131 0.000518348
          84    -0.45592   -0.461069 0.000515883
          85    -0.46296   -0.461091 0.000510263
          86    -0.45944   -0.461072  0.00050466
          87    -0.46848   -0.461157 0.000506042
          88    -0.46752   -0.461229 0.000505457
          89    -0.45616   -0.461172 0.000502981
          90     -0.4528   -0.461079 0.000505985
          91    -0.45968   -0.461064  0.00050063
          92     -0.4704   -0.461165 0.000505451
          93    -0.46424   -0.461198 0.000501078
          94    -0.46048   -0.461191 0.000495778
          95     -0.4616   -0.461195  0.00049055
          96      -0.462   -0.461203 0.000485486
          97    -0.46136   -0.461205 0.000480458
          98     -0.4656    -0.46125  0.00047764
          99    -0.46672   -0.461305 0.000476008
         100    -0.46248   -0.461317 0.000471371
         101    -0.45776   -0.461282 0.000468007
         102    -0.46344   -0.461303 0.000463879
         103    -0.46712   -0.461359 0.000462812
         104    -0.46208   -0.461366 0.000458393
         105    -0.46832   -0.461432 0.000458811
         106    -0.46888   -0.461503 0.000459861
         107    -0.45224   -0.461416 0.000463696
         108    -0.46792   -0.461476 0.000463313
         109     -0.4636   -0.461496 0.000459456
         110     -0.4604   -0.461486 0.000455369
         111    -0.46752    -0.46154  0.00045451
         112    -0.46344   -0.461557 0.000450753
         113    -0.45464   -0.461496 0.000450921
         114    -0.45992   -0.461482 0.000447161
         115     -0.4596   -0.461466 0.000443558
         116    -0.46888    -0.46153 0.000444339
         117    -0.46168   -0.461531 0.000440526
         118    -0.46384   -0.461551 0.000437215
         119       -0.46   -0.461537 0.000433721
         120    -0.47248   -0.461629 0.000439652
         121    -0.46016   -0.461617 0.000436173
         122    -0.46552   -0.461649 0.000433764
         123    -0.46152   -0.461647 0.000430225
         124    -0.46592   -0.461682  0.00042813
         125    -0.46536   -0.461711 0.000425709
         126    -0.46672   -0.461751 0.000424183
         127     -0.4608   -0.461744 0.000420897
         128    -0.46568   -0.461774 0.000418726
         129    -0.45712   -0.461738 0.000417032
         130     -0.4664   -0.461774 0.000415362
         131    -0.46064   -0.461765  0.00041227
         132    -0.45768   -0.461735 0.000410304
         133    -0.46232   -0.461739 0.000407231
         134    -0.45952   -0.461722  0.00040452
         135    -0.47136   -0.461794 0.000407809
         136    -0.46824   -0.461841 0.000407565
         137    -0.46528   -0.461866 0.000405357
         138    -0.46016   -0.461854 0.000402599
         139    -0.45456   -0.461801 0.000403122
         140    -0.46136   -0.461798 0.000400245
         141    -0.46544   -0.461824 0.000398234
         142    -0.46288   -0.461832  0.00039549
         143    -0.45856   -0.461809  0.00039338
         144    -0.45952   -0.461793 0.000390962
         145     -0.4536   -0.461736 0.000392346
         146    -0.47376   -0.461819 0.000398257
         147    -0.45496   -0.461772 0.000398281
         148    -0.45864   -0.461751 0.000396147
         149    -0.46672   -0.461784  0.00039489
         150    -0.45696   -0.461752 0.000393565
         151    -0.46256   -0.461757 0.000390986
         152     -0.4536   -0.461704 0.000392095
         153    -0.45776   -0.461678 0.000390376
         154    -0.46944   -0.461728 0.000391094
         155    -0.46528   -0.461751 0.000389238
         156    -0.46216   -0.461754 0.000386744
         157    -0.45264   -0.461696 0.000388632
         158     -0.4648   -0.461715 0.000386664
         159    -0.45696   -0.461686 0.000385387
         160    -0.46552   -0.461709  0.00038372
         161    -0.47136   -0.461769 0.000386012
         162    -0.46224   -0.461772 0.000383632
         163    -0.46784    -0.46181 0.000383084
         164    -0.45856    -0.46179 0.000381257
         165    -0.45984   -0.461778 0.000379123
         166    -0.45976   -0.461766 0.000377028
         167    -0.45328   -0.461715 0.000378193
         168    -0.46272   -0.461721 0.000375983
         169    -0.46104   -0.461717 0.000373773
         170    -0.46688   -0.461747 0.000372807
         171    -0.46696   -0.461778 0.000371872
         172    -0.46136   -0.461775 0.000369712
         173    -0.46336   -0.461785 0.000367682
         174    -0.46784   -0.461819 0.000367216
         175    -0.45608   -0.461787 0.000366582
         176     -0.4716   -0.461842 0.000368733
         177    -0.46176   -0.461842 0.000366644
         178    -0.46808   -0.461877 0.000366259
         179    -0.45464   -0.461836 0.000366444
         180    -0.47608   -0.461916 0.000372896
         181    -0.45952   -0.461902 0.000371066
         182    -0.46136   -0.461899 0.000369033
         183    -0.46008   -0.461889 0.000367146
         184    -0.46552   -0.461909 0.000365678
         185    -0.46608   -0.461932 0.000364394
         186    -0.45704   -0.461905 0.000363382
         187    -0.46808   -0.461938 0.000362939
         188    -0.46088   -0.461933 0.000361047
         189    -0.46048   -0.461925 0.000359214
         190    -0.46136   -0.461922 0.000357331
         191    -0.45992   -0.461912  0.00035561
         192      -0.466   -0.461933 0.000354393
         193    -0.46008   -0.461923 0.000352683
         194    -0.46296   -0.461929 0.000350901
         195    -0.45472   -0.461892 0.000351048
         196     -0.4724   -0.461945 0.000353344
         197    -0.46944   -0.461983 0.000353598
         198    -0.45816   -0.461964 0.000352338
         199    -0.46104   -0.461959 0.000350593
         200    -0.46768   -0.461988 0.000350007
         201    -0.46768   -0.462016  0.00034941
         202    -0.45936   -0.462003 0.000347925
         203     -0.4656   -0.462021  0.00034666
         204    -0.46424   -0.462032 0.000345128
         205       -0.47   -0.462071 0.000345633
         206    -0.46128   -0.462067 0.000343972
         207    -0.47104    -0.46211  0.00034504
         208    -0.45736   -0.462087 0.000344136
         209     -0.4584    -0.46207  0.00034294
         210    -0.46728   -0.462094 0.000342203
         211    -0.46008   -0.462085 0.000340711
         212    -0.46944    -0.46212 0.000340871
         213    -0.45728   -0.462097 0.000340027
         214    -0.46608   -0.462116 0.000338945
         215    -0.45984   -0.462105 0.000337531
         216     -0.4748   -0.462164 0.000341067
         217    -0.45624   -0.462136 0.000340587
         218      -0.462   -0.462136 0.000339022
         219    -0.46464   -0.462147 0.000337664
         220    -0.45824   -0.462129 0.000336595
         221    -0.45912   -0.462116 0.000335345
         222    -0.46272   -0.462119 0.000333842
         223    -0.46392   -0.462127  0.00033244
         224    -0.47056   -0.462164 0.000333087
         225    -0.46184   -0.462163 0.000331606
         226    -0.46096   -0.462158 0.000330178
         227    -0.45768   -0.462138 0.000329312
         228    -0.45616   -0.462112 0.000328911
         229    -0.45384   -0.462075 0.000329458
         230    -0.45696   -0.462053 0.000328775
         231    -0.45856   -0.462038 0.000327698
         232     -0.4548   -0.462007 0.000327771
         233     -0.4524   -0.461966 0.000328955
         234     -0.4616   -0.461964  0.00032755
         235    -0.46928   -0.461995 0.000327636
         236    -0.46008   -0.461987 0.000326345
         237    -0.46544   -0.462002 0.000325292
         238    -0.46888   -0.462031 0.000325209
         239    -0.45704    -0.46201 0.000324518
         240    -0.46632   -0.462028 0.000323661
         241    -0.45896   -0.462015 0.000322567
         242     -0.4692   -0.462045   0.0003226
         243    -0.46072   -0.462039 0.000321316
         244    -0.46632   -0.462057 0.000320477
         245    -0.45784    -0.46204  0.00031963
         246    -0.46264   -0.462042 0.000318338
         247     -0.4652   -0.462055 0.000317304
         248    -0.46368   -0.462061  0.00031609
         249    -0.46736   -0.462083 0.000315536
         250    -0.47264   -0.462125 0.000317096
         251     -0.4712   -0.462161 0.000317893
         252    -0.46272   -0.462163 0.000316637
         253    -0.46688   -0.462182 0.000315933
         254    -0.46848   -0.462207 0.000315663
         255    -0.46664   -0.462224 0.000314903
         256    -0.46216   -0.462224  0.00031367
         257    -0.46552   -0.462237  0.00031271
         258    -0.46576    -0.46225 0.000311795
         259    -0.45768   -0.462233  0.00031109
         260    -0.46304   -0.462236 0.000309907
         261    -0.45944   -0.462225 0.000308903
         262    -0.45192   -0.462186 0.000310225
         263    -0.46176   -0.462184 0.000309047
         264     -0.4556   -0.462159 0.000308883
         265    -0.46408   -0.462166 0.000307801
         266      -0.458   -0.462151 0.000307041
         267    -0.45368   -0.462119  0.00030753
         268    -0.45632   -0.462097 0.000307143
         269    -0.46352   -0.462103 0.000306045
         270    -0.46224   -0.462103  0.00030491
         271     -0.4632   -0.462107 0.000303809
         272    -0.47464   -0.462153 0.000306177
         273    -0.45552   -0.462129  0.00030602
         274      -0.466   -0.462143 0.000305228
         275     -0.4616   -0.462141 0.000304123
         276    -0.46136   -0.462138 0.000303032
         277    -0.46288   -0.462141 0.000301948
         278    -0.46856   -0.462164 0.000301744
         279    -0.46408   -0.462171 0.000300739
         280     -0.4564    -0.46215 0.000300371
         281    -0.45392   -0.462121  0.00030073
         282    -0.45824   -0.462107 0.000299978
         283    -0.46488   -0.462117 0.000299076
         284    -0.46496   -0.462127  0.00029819
         285    -0.46416   -0.462134 0.000297227
         286    -0.45848   -0.462121 0.000296461
         287    -0.46616   -0.462135 0.000295762
         288    -0.45344   -0.462105 0.000296275
         289     -0.4572   -0.462088 0.000295736
         290    -0.46088   -0.462084 0.000294744
         291    -0.46848   -0.462106  0.00029455
         292    -0.45672   -0.462088 0.000294119
         293    -0.46032   -0.462082 0.000293175
         294     -0.4636   -0.462087 0.000292222
         295    -0.46304    -0.46209 0.000291248
         296    -0.47304   -0.462127  0.00029261
         297    -0.46912   -0.462151 0.000292572
         298    -0.45464   -0.462125 0.000292676
         299    -0.45792   -0.462111 0.000292034
         300      -0.456   -0.462091 0.000291771
         301     -0.4612   -0.462088 0.000290815
         302    -0.46088   -0.462084 0.000289878
         303    -0.45896   -0.462074 0.000289104
         304    -0.45592   -0.462053 0.000288861
         305    -0.46128   -0.462051 0.000287924
         306    -0.44624   -0.461999 0.000291596
         307    -0.46808   -0.462019 0.000291319
         308    -0.46696   -0.462035 0.000290814
         309     -0.4728    -0.46207 0.000291957
         310    -0.47616   -0.462115 0.000294542
         311    -0.45968   -0.462108 0.000293698
         312    -0.46568   -0.462119 0.000292979
         313    -0.45992   -0.462112 0.000292126
         314    -0.47408    -0.46215 0.000293678
         315    -0.46248   -0.462151 0.000292746
         316      -0.458   -0.462138 0.000292114
         317    -0.46024   -0.462132 0.000291252
         318     -0.4648    -0.46214 0.000290456
         319    -0.46568   -0.462151 0.000289757
         320    -0.46088   -0.462147 0.000288877
         321    -0.45912   -0.462138  0.00028813
         322    -0.45632    -0.46212 0.000287802
         323    -0.46688   -0.462135 0.000287287
         324    -0.46432   -0.462141 0.000286479
         325    -0.46368   -0.462146 0.000285635
         326    -0.46112   -0.462143 0.000284775
         327     -0.4688   -0.462163 0.000284632
         328    -0.46544   -0.462173 0.000283938
         329    -0.46944   -0.462196 0.000283934
         330    -0.46744   -0.462211 0.000283518
         331    -0.46128   -0.462209 0.000282675
         332     -0.4652   -0.462218 0.000281966
         333    -0.46304    -0.46222 0.000281129
         334    -0.46264   -0.462221 0.000280289
         335    -0.45912   -0.462212 0.000279604
         336    -0.46576   -0.462223 0.000278971
         337    -0.46704   -0.462237 0.000278509
         338    -0.46472   -0.462244 0.000277781
         339    -0.46112   -0.462241  0.00027698
         340    -0.46048   -0.462236 0.000276212
         341    -0.46536   -0.462245 0.000275554
         342    -0.47072    -0.46227 0.000275862
         343      -0.464   -0.462275 0.000275103
         344    -0.46384   -0.462279  0.00027434
         345    -0.46976   -0.462301 0.000274401
         346    -0.46752   -0.462316 0.000274023
         347    -0.46984   -0.462338 0.000274091
         348    -0.45224   -0.462309 0.000274838
         349    -0.46152   -0.462306 0.000274059
         350       -0.46     -0.4623 0.000273354
         351    -0.45992   -0.462293 0.000272658
         352     -0.4624   -0.462293 0.000271883
         353     -0.4592   -0.462285 0.000271253
         354    -0.46384   -0.462289 0.000270522
         355     -0.4648   -0.462296 0.000269851
         356     -0.4588   -0.462286 0.000269271
         357    -0.46992   -0.462308 0.000269366
         358    -0.46488   -0.462315 0.000268709
         359    -0.46672   -0.462327  0.00026824
         360    -0.45776   -0.462314 0.000267794
         361    -0.46616   -0.462325 0.000267264
         362    -0.45888   -0.462316 0.000266694
         363    -0.46392    -0.46232 0.000265995
         364    -0.45296   -0.462294 0.000266507
         365      -0.458   -0.462283 0.000266036
         366    -0.46536   -0.462291 0.000265442
         367     -0.4608   -0.462287 0.000264749
         368    -0.45776   -0.462275 0.000264315
         369    -0.46056    -0.46227 0.000263638
         370    -0.46024   -0.462264 0.000262982
         371    -0.45776   -0.462252 0.000262553
         372    -0.46776   -0.462267 0.000262265
         373    -0.46288   -0.462269 0.000261566
         374    -0.45952   -0.462261 0.000260969
         375    -0.46208   -0.462261 0.000260272
         376    -0.46072   -0.462257 0.000259612
         377    -0.45776   -0.462245 0.000259197
         378    -0.47112   -0.462268 0.000259574
         379    -0.46664    -0.46228 0.000259145
         380    -0.46144   -0.462278 0.000258472
         381    -0.45488   -0.462258 0.000258523
         382    -0.46528   -0.462266 0.000257966
         383    -0.45656   -0.462251 0.000257723
         384    -0.46992   -0.462271 0.000257825
         385    -0.45472   -0.462252 0.000257902
         386    -0.47096   -0.462274  0.00025822
         387    -0.46208   -0.462274 0.000257553
         388     -0.4556   -0.462256 0.000257463
         389    -0.45752   -0.462244 0.000257089
         390    -0.46768   -0.462258 0.000256807
         391    -0.46304    -0.46226 0.000256158
         392      -0.464   -0.462265 0.000255542
         393    -0.45872   -0.462256  0.00025505
         394    -0.46392    -0.46226 0.000254437
         395    -0.45912   -0.462252 0.000253917
         396    -0.47008   -0.462272 0.000254045
         397    -0.46768   -0.462285  0.00025377
         398    -0.46392   -0.462289 0.000253165
         399    -0.46248    -0.46229  0.00025253
         400    -0.47192   -0.462314 0.000253046
