           1    -2.95496    -2.95496           0
           2    -2.95128    -2.95312     0.00184
           3    -2.96216    -2.95613  0.00319511
           4    -2.94592    -2.95358  0.00340938
           5    -2.96168     -2.9552  0.00309818
           6    -2.96272    -2.95645  0.00282312
           7      -2.958    -2.95667  0.00239618
           8    -2.95872    -2.95693  0.00209085
           9    -2.96104    -2.95739  0.00189966
          10    -2.95888    -2.95754  0.00170566
          11    -2.95504    -2.95731  0.00155942
          12    -2.95912    -2.95746  0.00143153
          13    -2.95568    -2.95732  0.00132391
          14     -2.9584     -2.9574  0.00122812
          15    -2.95544    -2.95727  0.00115076
          16    -2.96272    -2.95761  0.00112906
          17     -2.9552    -2.95747     0.00107
          18     -2.9516    -2.95714  0.00106017
          19    -2.96232    -2.95741  0.00103919
          20     -2.9588    -2.95748 0.000988293
          21    -2.95584    -2.95741 0.000943308
          22     -2.9552    -2.95731  0.00090498
          23    -2.95664    -2.95728 0.000865222
          24    -2.95056      -2.957 0.000874382
          25    -2.95968     -2.9571 0.000845518
          26    -2.95696     -2.9571 0.000812367
          27      -2.958    -2.95713 0.000782413
          28    -2.95816    -2.95717 0.000754846
          29    -2.95512     -2.9571 0.000731769
          30    -2.95984    -2.95719  0.00071284
          31    -2.96032    -2.95729 0.000696819
          32    -2.95808    -2.95731 0.000675143
          33    -2.95776    -2.95733 0.000654504
          34    -2.95744    -2.95733  0.00063497
          35    -2.95888    -2.95738 0.000618146
          36    -2.96664    -2.95763 0.000653527
          37    -2.95976    -2.95769 0.000638212
          38    -2.95816     -2.9577 0.000621313
          39    -2.96408    -2.95787 0.000626872
          40     -2.9636    -2.95801 0.000627586
          41    -2.96488    -2.95818 0.000634608
          42     -2.9548     -2.9581 0.000624514
          43    -2.96728    -2.95831 0.000646129
          44    -2.96464    -2.95845 0.000647455
          45    -2.96248    -2.95854 0.000639194
          46    -2.95088    -2.95838 0.000646965
          47    -2.96224    -2.95846 0.000638363
          48    -2.96456    -2.95859 0.000637715
          49     -2.9632    -2.95868 0.000631621
          50    -2.95208    -2.95855 0.000632784
          51    -2.95936    -2.95856 0.000620456
          52    -2.95176    -2.95843 0.000622321
          53    -2.95688     -2.9584  0.00061117
          54    -2.95744    -2.95839 0.000600011
          55     -2.9644     -2.9585 0.000599062
          56     -2.9596    -2.95852 0.000588598
          57    -2.95672    -2.95848 0.000579037
          58    -2.96008    -2.95851 0.000569631
          59     -2.9656    -2.95863 0.000572638
          60    -2.95664     -2.9586 0.000563991
          61    -2.95608    -2.95856 0.000556202
          62    -2.96624    -2.95868 0.000561014
          63    -2.95488    -2.95862 0.000555325
          64    -2.95256    -2.95853 0.000554722
          65     -2.9608    -2.95856 0.000547241
          66    -2.96104     -2.9586 0.000540192
          67    -2.96072    -2.95863  0.00053301
          68    -2.95408    -2.95856  0.00052936
          69    -2.95704    -2.95854 0.000522099
          70     -2.9544    -2.95848 0.000517976
          71      -2.962    -2.95853 0.000513026
          72    -2.95688    -2.95851 0.000506371
          73    -2.95648    -2.95848 0.000500159
          74    -2.95616    -2.95845  0.00049435
          75    -2.96472    -2.95853 0.000494828
          76    -2.96152    -2.95857 0.000489852
          77    -2.95912    -2.95858 0.000483501
          78    -2.95792    -2.95857 0.000477337
          79    -2.96432    -2.95864 0.000476841
          80     -2.9548     -2.9586 0.000473288
          81    -2.95184    -2.95851 0.000474792
          82    -2.96296    -2.95857 0.000472092
          83    -2.95008    -2.95846 0.000477447
          84    -2.95968    -2.95848 0.000471951
          85    -2.96176    -2.95852  0.00046796
          86     -2.9652     -2.9586 0.000468969
          87    -2.96312    -2.95865 0.000466455
          88    -2.95992    -2.95866 0.000461351
          89    -2.96048    -2.95868 0.000456595
          90    -2.96184    -2.95872 0.000452854
          91    -2.95616    -2.95869 0.000448731
          92    -2.96272    -2.95873 0.000445984
          93    -2.95976    -2.95874 0.000441301
          94    -2.96472    -2.95881 0.000441185
          95    -2.95928    -2.95881 0.000436545
          96    -2.95008    -2.95872 0.000441447
          97    -2.96416    -2.95878 0.000440455
          98    -2.96232    -2.95881 0.000437434
          99     -2.9576     -2.9588 0.000433166
         100    -2.95536    -2.95877 0.000430192
         101    -2.96168     -2.9588 0.000426886
         102    -2.95392    -2.95875 0.000425375
         103    -2.95552    -2.95872 0.000422389
         104    -2.95256    -2.95866 0.000422477
         105     -2.9612    -2.95868 0.000419134
         106     -2.9524    -2.95862 0.000419369
         107    -2.95688    -2.95861 0.000415751
         108    -2.95552    -2.95858 0.000412873
         109    -2.96144     -2.9586  0.00040991
         110    -2.96472    -2.95866 0.000409954
         111    -2.95992    -2.95867 0.000406403
         112    -2.95984    -2.95868 0.000402893
         113    -2.96496    -2.95874 0.000403159
         114    -2.96136    -2.95876 0.000400269
         115    -2.95632    -2.95874  0.00039734
         116    -2.95416     -2.9587 0.000395872
         117     -2.9532    -2.95865 0.000395278
         118    -2.96112    -2.95867 0.000392472
         119    -2.95544    -2.95865 0.000390107
         120    -2.96136    -2.95867 0.000387503
         121    -2.95776    -2.95866 0.000384361
         122    -2.96232    -2.95869 0.000382375
         123    -2.95672    -2.95868 0.000379592
         124    -2.95112    -2.95861 0.000381416
         125     -2.9568     -2.9586 0.000378631
         126    -2.95544    -2.95857  0.00037645
         127    -2.95896    -2.95858 0.000373486
         128    -2.95416    -2.95854 0.000372161
         129    -2.96896    -2.95862 0.000377991
         130    -2.95448    -2.95859 0.000376424
         131    -2.95928     -2.9586 0.000373576
         132    -2.95984    -2.95861 0.000370855
         133    -2.95904    -2.95861  0.00036807
         134      -2.962    -2.95864 0.000366188
         135    -2.96712     -2.9587  0.00036886
         136    -2.95928     -2.9587 0.000366162
         137    -2.96208    -2.95873 0.000364315
         138    -2.95648    -2.95871 0.000362032
         139    -2.95584    -2.95869 0.000360011
         140      -2.956    -2.95867 0.000357946
         141    -2.96176    -2.95869 0.000356073
         142    -2.95032    -2.95863  0.00035844
         143    -2.95784    -2.95863 0.000355967
         144     -2.9548     -2.9586 0.000354485
         145    -2.96752    -2.95866 0.000357364
         146    -2.96464     -2.9587 0.000357262
         147    -2.95616    -2.95869 0.000355245
         148    -2.95888    -2.95869 0.000352839
         149    -2.95824    -2.95869 0.000350475
         150    -2.94464    -2.95859 0.000360503
         151    -2.95728    -2.95858 0.000358213
         152    -2.95136    -2.95854 0.000359007
         153     -2.9636    -2.95857 0.000358186
         154    -2.95872    -2.95857 0.000355854
         155    -2.95992    -2.95858 0.000353658
         156    -2.95832    -2.95858 0.000351388
         157    -2.95496    -2.95855 0.000349901
         158      -2.958    -2.95855 0.000347697
         159    -2.95288    -2.95851 0.000347339
         160      -2.956     -2.9585 0.000345519
         161    -2.95792    -2.95849 0.000343385
         162    -2.95168    -2.95845 0.000343842
         163    -2.96656     -2.9585 0.000345326
         164     -2.9584     -2.9585 0.000343215
         165     -2.9568    -2.95849 0.000341284
         166    -2.95696    -2.95848 0.000339348
         167    -2.96392    -2.95851 0.000338877
         168    -2.96232    -2.95854 0.000337615
         169    -2.95688    -2.95853 0.000335754
         170    -2.96512    -2.95857 0.000336018
         171     -2.9608    -2.95858 0.000334303
         172     -2.9564    -2.95857 0.000332595
         173      -2.954    -2.95854 0.000331719
         174    -2.95512    -2.95852 0.000330392
         175    -2.95904    -2.95852 0.000328513
         176    -2.95352     -2.9585 0.000327876
         177    -2.96152    -2.95851 0.000326465
         178     -2.9596    -2.95852 0.000324684
         179    -2.94832    -2.95846 0.000327853
         180    -2.96224    -2.95848 0.000326702
         181    -2.95984    -2.95849 0.000324978
         182    -2.95488    -2.95847 0.000323796
         183    -2.95608    -2.95846 0.000322287
         184    -2.96448    -2.95849 0.000322197
         185    -2.95888    -2.95849 0.000320458
         186     -2.9612    -2.95851 0.000319063
         187    -2.95256    -2.95847 0.000318941
         188    -2.95248    -2.95844 0.000318839
         189    -2.95584    -2.95843 0.000317446
         190    -2.95856    -2.95843 0.000315772
         191     -2.9608    -2.95844 0.000314359
         192    -2.95088     -2.9584 0.000315188
         193     -2.9564    -2.95839 0.000313723
         194    -2.95688    -2.95838 0.000312199
         195    -2.95936    -2.95839 0.000310634
         196    -2.95776    -2.95839 0.000309061
         197     -2.9624    -2.95841 0.000308163
         198    -2.96336    -2.95843 0.000307621
         199    -2.95512    -2.95842 0.000306524
         200    -2.95232    -2.95838 0.000306506
         201    -2.96352    -2.95841 0.000306046
         202     -2.9624    -2.95843 0.000305167
         203    -2.94872    -2.95838 0.000307404
         204    -2.96048    -2.95839 0.000306066
         205     -2.9532    -2.95837 0.000305621
         206    -2.94984    -2.95833 0.000306938
         207     -2.9632    -2.95835 0.000306358
         208     -2.9508    -2.95831 0.000307034
         209    -2.95592     -2.9583 0.000305776
         210    -2.95496    -2.95829 0.000304732
         211     -2.9656    -2.95832 0.000305259
         212    -2.94296    -2.95825 0.000312336
         213    -2.95752    -2.95824 0.000310885
         214    -2.95032    -2.95821 0.000311636
         215    -2.95768    -2.95821 0.000310193
         216     -2.9592    -2.95821 0.000308788
         217    -2.95664     -2.9582 0.000307447
         218    -2.95728     -2.9582 0.000306063
         219    -2.95376    -2.95818 0.000305335
         220    -2.95448    -2.95816 0.000304409
         221     -2.9696    -2.95821 0.000307417
         222      -2.962    -2.95823 0.000306504
         223    -2.95704    -2.95822 0.000305173
         224    -2.96152    -2.95824 0.000304164
         225    -2.94936     -2.9582  0.00030537
         226     -2.9592     -2.9582 0.000304048
         227    -2.95888    -2.95821  0.00030272
         228    -2.95744     -2.9582 0.000301408
         229     -2.9532    -2.95818 0.000300883
         230    -2.96608    -2.95822 0.000301534
         231    -2.95776    -2.95821 0.000300232
         232     -2.9536    -2.95819 0.000299596
         233     -2.9472    -2.95815 0.000302017
         234    -2.96016    -2.95816 0.000300846
         235      -2.952    -2.95813 0.000300706
         236    -2.95128     -2.9581 0.000300833
         237    -2.96104    -2.95811 0.000299818
         238     -2.9616    -2.95813 0.000298914
         239    -2.95288    -2.95811  0.00029847
         240    -2.96104    -2.95812 0.000297475
         241    -2.95928    -2.95812 0.000296277
         242    -2.95688    -2.95812 0.000295095
         243    -2.96448    -2.95814 0.000295042
         244    -2.96216    -2.95816 0.000294291
         245    -2.95624    -2.95815 0.000293192
         246    -2.95672    -2.95815 0.000292056
         247    -2.96352    -2.95817 0.000291684
         248    -2.95456    -2.95815 0.000290869
         249    -2.96176    -2.95817 0.000290061
         250    -2.94624    -2.95812 0.000292812
         251    -2.95456    -2.95811 0.000291988
         252    -2.95784    -2.95811 0.000290828
         253     -2.9604    -2.95811 0.000289819
         254    -2.95536     -2.9581 0.000288879
         255    -2.96248    -2.95812 0.000288255
         256    -2.95992    -2.95813 0.000287213
         257    -2.95616    -2.95812 0.000286196
         258    -2.95928    -2.95812  0.00028512
         259    -2.95864    -2.95813 0.000284024
         260    -2.95592    -2.95812 0.000283056
         261    -2.95792    -2.95812 0.000281971
         262     -2.9604    -2.95813 0.000281028
         263    -2.96184    -2.95814 0.000280313
         264    -2.95944    -2.95815 0.000279293
         265    -2.95888    -2.95815 0.000278251
         266    -2.96168    -2.95816  0.00027752
         267    -2.95336    -2.95814 0.000277063
         268     -2.9636    -2.95816 0.000276777
         269    -2.95176    -2.95814 0.000276772
         270    -2.95976    -2.95815  0.00027581
         271    -2.95736    -2.95814 0.000274806
         272    -2.95336    -2.95813 0.000274358
         273    -2.95528    -2.95811  0.00027355
         274    -2.95568    -2.95811 0.000272694
         275    -2.96024    -2.95811 0.000271812
         276     -2.9536     -2.9581 0.000271319
         277    -2.95968     -2.9581 0.000270398
         278     -2.9624    -2.95812 0.000269866
         279    -2.95944    -2.95812 0.000268939
         280    -2.95208     -2.9581 0.000268844
         281    -2.95816     -2.9581 0.000267886
         282     -2.9592    -2.95811 0.000266963
         283    -2.96264    -2.95812   0.0002665
         284    -2.95848    -2.95812 0.000265563
         285      -2.956    -2.95812 0.000264734
         286    -2.95624    -2.95811 0.000263888
         287    -2.95856    -2.95811 0.000262972
         288    -2.95424     -2.9581 0.000262402
         289    -2.95776     -2.9581 0.000261495
         290     -2.9516    -2.95807 0.000261553
         291    -2.96072    -2.95808 0.000260811
         292      -2.956    -2.95808 0.000260014
         293    -2.96056    -2.95808 0.000259264
         294    -2.95904    -2.95809 0.000258401
         295     -2.9572    -2.95808 0.000257541
         296    -2.95504    -2.95807 0.000256875
         297    -2.95376    -2.95806 0.000256421
         298    -2.95464    -2.95805 0.000255816
         299    -2.94752    -2.95801 0.000257379
         300    -2.96136    -2.95802 0.000256762
         301    -2.95288    -2.95801 0.000256478
         302      -2.956      -2.958 0.000255714
         303      -2.958      -2.958 0.000254868
         304    -2.95536    -2.95799 0.000254177
         305    -2.96224    -2.95801 0.000253725
         306      -2.966    -2.95803  0.00025424
         307    -2.95568    -2.95802 0.000253526
         308    -2.95288    -2.95801 0.000253253
         309    -2.96336    -2.95802 0.000253026
         310     -2.9652    -2.95805 0.000253268
         311    -2.95624    -2.95804  0.00025252
         312    -2.95888    -2.95804 0.000251723
         313    -2.95872    -2.95805 0.000250927
         314    -2.95904    -2.95805 0.000250147
         315    -2.95544    -2.95804 0.000249489
         316    -2.96128    -2.95805 0.000248909
         317     -2.9588    -2.95805 0.000248134
         318    -2.96048    -2.95806  0.00024747
         319    -2.96296    -2.95808  0.00024717
         320    -2.96176    -2.95809 0.000246665
         321    -2.95752    -2.95809 0.000245902
         322    -2.95944    -2.95809 0.000245173
         323     -2.9564    -2.95809 0.000244469
         324     -2.9608    -2.95809 0.000243857
         325    -2.96008     -2.9581 0.000243183
         326    -2.96016    -2.95811 0.000242518
         327    -2.95256    -2.95809 0.000242369
         328    -2.96152     -2.9581 0.000241856
         329    -2.96064    -2.95811 0.000241243
         330    -2.96016    -2.95811 0.000240591
         331    -2.95944    -2.95812 0.000239897
         332    -2.95304     -2.9581 0.000239661
         333    -2.95512    -2.95809 0.000239109
         334    -2.95976     -2.9581 0.000238444
         335    -2.96072    -2.95811  0.00023786
         336    -2.95752     -2.9581 0.000237157
         337    -2.95536     -2.9581 0.000236593
         338    -2.95368    -2.95808 0.000236253
         339    -2.96016    -2.95809 0.000235635
         340    -2.95472    -2.95808  0.00023515
         341     -2.9544    -2.95807 0.000234707
         342     -2.9552    -2.95806  0.00023417
         343    -2.95352    -2.95805 0.000233862
         344    -2.96128    -2.95806  0.00023337
         345    -2.95664    -2.95805 0.000232729
         346    -2.95832    -2.95805 0.000232057
         347    -2.95864    -2.95806 0.000231393
         348     -2.9504    -2.95803 0.000231774
         349    -2.95592    -2.95803 0.000231188
         350    -2.96192    -2.95804 0.000230794
         351    -2.95624    -2.95803 0.000230193
         352    -2.96672    -2.95806 0.000230861
         353    -2.96416    -2.95808 0.000230854
         354     -2.9584    -2.95808 0.000230203
         355    -2.96024    -2.95808 0.000229634
         356     -2.9628     -2.9581 0.000229372
         357     -2.9664    -2.95812 0.000229908
         358    -2.96072    -2.95813  0.00022938
         359     -2.9608    -2.95813 0.000228861
         360    -2.96208    -2.95814 0.000228488
         361    -2.96048    -2.95815 0.000227946
         362    -2.95936    -2.95815  0.00022734
         363     -2.9592    -2.95816 0.000226731
         364    -2.95656    -2.95815  0.00022615
         365    -2.95768    -2.95815 0.000225533
         366    -2.96416    -2.95817 0.000225515
         367    -2.95456    -2.95816 0.000225114
         368    -2.96032    -2.95816 0.000224578
         369     -2.9616    -2.95817 0.000224162
         370    -2.95328    -2.95816 0.000223947
         371    -2.95824    -2.95816 0.000223342
         372     -2.9552    -2.95815 0.000222883
         373     -2.9564    -2.95815 0.000222334
         374    -2.95632    -2.95814 0.000221793
         375    -2.95528    -2.95814 0.000221332
         376    -2.96328    -2.95815 0.000221167
         377    -2.96624    -2.95817 0.000221621
         378    -2.95512    -2.95816 0.000221181
         379    -2.96336    -2.95818 0.000221023
         380    -2.95544    -2.95817 0.000220558
         381    -2.95376    -2.95816 0.000220282
         382     -2.9616    -2.95817  0.00021989
         383    -2.96128    -2.95817 0.000219465
         384    -2.95224    -2.95816 0.000219438
         385      -2.956    -2.95815 0.000218939
         386    -2.95232    -2.95814 0.000218893
         387    -2.96544    -2.95816 0.000219141
         388      -2.956    -2.95815 0.000218646
         389     -2.9568    -2.95815 0.000218111
         390    -2.96104    -2.95816 0.000217677
         391    -2.95056    -2.95814 0.000217987
         392    -2.95896    -2.95814  0.00021744
         393    -2.95288    -2.95812 0.000217299
         394    -2.96528    -2.95814 0.000217506
         395    -2.95728    -2.95814 0.000216966
         396       -2.96    -2.95815 0.000216468
         397    -2.96048    -2.95815 0.000216002
         398    -2.95176    -2.95814 0.000216056
         399    -2.95512    -2.95813 0.000215646
         400     -2.9636    -2.95814 0.000215541
