           1    -0.76144    -0.76144           0
           2    -0.75664    -0.75904      0.0024
           3    -0.77752     -0.7652  0.00631392
           4    -0.76488    -0.76512  0.00446533
           5     -0.7568   -0.763456  0.00383828
           6    -0.77168   -0.764827  0.00342058
           7    -0.75976   -0.764103  0.00298015
           8    -0.76408     -0.7641  0.00258089
           9    -0.74856   -0.762373  0.00285694
          10     -0.7688   -0.763016  0.00263491
          11    -0.77088   -0.763731  0.00248827
          12      -0.758   -0.763253  0.00232114
          13    -0.76464    -0.76336   0.0021378
          14    -0.75992   -0.763114  0.00199441
          15     -0.7708   -0.763627   0.0019261
          16    -0.75128   -0.762855     0.00196
          17     -0.7612   -0.762758  0.00184367
          18     -0.7636   -0.762804  0.00173886
          19    -0.77896   -0.763655  0.00185158
          20     -0.7528   -0.763112   0.0018385
          21    -0.75456   -0.762705  0.00179555
          22    -0.76472   -0.762796  0.00171444
          23    -0.76312    -0.76281  0.00163826
          24    -0.77712   -0.763407  0.00167802
          25     -0.7836   -0.764214  0.00180081
          26     -0.7644   -0.764222  0.00173018
          27    -0.76792   -0.764359  0.00167049
          28    -0.76512   -0.764386  0.00160995
          29     -0.7644   -0.764386  0.00155345
          30    -0.76864   -0.764528  0.00150746
          31    -0.77344   -0.764815  0.00148609
          32     -0.7524   -0.764427  0.00149029
          33    -0.74968   -0.763981  0.00151198
          34     -0.7552   -0.763722  0.00148939
          35     -0.7616   -0.763662  0.00144748
          36    -0.76512   -0.763702  0.00140728
          37    -0.75624   -0.763501   0.0013835
          38    -0.76592   -0.763564  0.00134811
          39    -0.74936     -0.7632  0.00136266
          40     -0.7604    -0.76313     0.00133
          41    -0.75376   -0.762901  0.00131713
          42    -0.76312   -0.762907   0.0012854
          43    -0.75672   -0.762763  0.00126337
          44    -0.76824   -0.762887  0.00124058
          45    -0.76336   -0.762898  0.00121275
          46     -0.7708    -0.76307  0.00119847
          47     -0.7632   -0.763072  0.00117269
          48    -0.74608   -0.762718  0.00120135
          49    -0.75168   -0.762493  0.00119794
          50    -0.75608   -0.762365  0.00118073
          51    -0.75112   -0.762144  0.00117816
          52    -0.75152    -0.76194  0.00117321
          53       -0.77   -0.762092  0.00116086
          54    -0.76936   -0.762227  0.00114709
          55    -0.76304   -0.762241  0.00112614
          56     -0.7624   -0.762244  0.00110585
          57    -0.75624   -0.762139  0.00109137
          58      -0.744   -0.761826  0.00111706
          59    -0.76784   -0.761928  0.00110268
          60    -0.76352   -0.761955  0.00108447
          61    -0.76864   -0.762064  0.00107216
          62    -0.76384   -0.762093  0.00105512
          63    -0.75944   -0.762051  0.00103909
          64     -0.7572   -0.761975  0.00102553
          65    -0.74136   -0.761658  0.00105827
          66     -0.7608   -0.761645  0.00104219
          67    -0.76768   -0.761735  0.00103046
          68    -0.75416   -0.761624  0.00102129
          69    -0.75512   -0.761529  0.00101078
          70    -0.76264   -0.761545 0.000996366
          71     -0.7632   -0.761568 0.000982509
          72     -0.7624    -0.76158 0.000968836
          73     -0.7732   -0.761739 0.000968641
          74     -0.7648   -0.761781 0.000956356
          75    -0.75328   -0.761667 0.000950302
          76    -0.76928   -0.761767 0.000943049
          77    -0.74488   -0.761548 0.000956212
          78    -0.75552   -0.761471 0.000947032
          79    -0.76448   -0.761509 0.000935743
          80    -0.77304   -0.761653 0.000935148
          81     -0.7644   -0.761687 0.000924153
          82    -0.76216   -0.761693 0.000912831
          83     -0.7624   -0.761701 0.000901807
          84    -0.77224   -0.761827 0.000899796
          85    -0.75624   -0.761761 0.000891573
          86    -0.76248   -0.761769 0.000881185
          87    -0.76568   -0.761814 0.000872156
          88     -0.7764    -0.76198 0.000877975
          89    -0.76368   -0.761999 0.000868265
          90    -0.76928    -0.76208 0.000862366
          91    -0.75792   -0.762034 0.000854061
          92    -0.76456   -0.762062 0.000845173
          93    -0.75968   -0.762036 0.000836428
          94    -0.76368   -0.762054 0.000827667
          95    -0.76416   -0.762076 0.000819208
          96     -0.7652   -0.762108 0.000811283
          97    -0.77432   -0.762234 0.000812686
          98    -0.76888   -0.762302 0.000807204
          99    -0.75896   -0.762268 0.000799722
         100    -0.76072   -0.762253 0.000791835
         101    -0.76128   -0.762243 0.000784015
         102    -0.76832   -0.762303 0.000778574
         103    -0.76128   -0.762293 0.000771042
         104    -0.76248   -0.762295 0.000763594
         105    -0.76088   -0.762281 0.000756406
         106    -0.75424   -0.762205 0.000753067
         107    -0.75848    -0.76217 0.000746808
         108    -0.76816   -0.762226 0.000741936
         109    -0.75608    -0.76217 0.000737257
         110     -0.7696   -0.762237 0.000733641
         111    -0.76328   -0.762246 0.000727062
         112    -0.76072   -0.762233  0.00072067
         113     -0.7568   -0.762185  0.00071588
         114    -0.77208   -0.762272 0.000714862
         115    -0.76512   -0.762296 0.000709051
         116    -0.75368   -0.762222 0.000706826
         117    -0.76208   -0.762221  0.00070076
         118     -0.7692    -0.76228 0.000697309
         119      -0.768   -0.762328 0.000693093
         120     -0.7516   -0.762239 0.000693083
         121    -0.76128   -0.762231 0.000687377
         122    -0.76352   -0.762241 0.000681801
         123    -0.75688   -0.762198 0.000677639
         124    -0.76008   -0.762181 0.000672369
         125    -0.76032   -0.762166 0.000667134
         126    -0.75856   -0.762137 0.000662436
         127     -0.7604   -0.762123 0.000657342
         128     -0.7612   -0.762116 0.000652226
         129    -0.77184   -0.762192 0.000651526
         130    -0.75696   -0.762151 0.000647746
         131    -0.76408   -0.762166 0.000642951
         132    -0.75808   -0.762135 0.000638812
         133     -0.7656   -0.762161 0.000634525
         134    -0.75488   -0.762107 0.000632112
         135     -0.7544    -0.76205 0.000630004
         136    -0.76544   -0.762075 0.000625851
         137    -0.77072   -0.762138 0.000624463
         138    -0.77208    -0.76221 0.000624094
         139    -0.76744   -0.762247 0.000620729
         140     -0.7596   -0.762229 0.000616569
         141     -0.7636   -0.762238 0.000612258
         142    -0.76856   -0.762283 0.000609559
         143    -0.76656   -0.762313  0.00060602
         144    -0.77328   -0.762389 0.000606597
         145    -0.75464   -0.762335 0.000604765
         146    -0.76416   -0.762348 0.000600738
         147     -0.7612    -0.76234 0.000596689
         148    -0.76736   -0.762374 0.000593613
         149    -0.75616   -0.762332 0.000591089
         150    -0.76536   -0.762353 0.000587482
         151     -0.7656   -0.762374 0.000583975
         152      -0.756   -0.762332 0.000581634
         153     -0.7696    -0.76238 0.000579769
         154    -0.76024   -0.762366 0.000576159
         155    -0.76368   -0.762374 0.000572493
         156    -0.75624   -0.762335 0.000570169
         157    -0.77256     -0.7624 0.000570257
         158    -0.76456   -0.762414 0.000566801
         159    -0.75784   -0.762385 0.000563959
         160    -0.76096   -0.762376 0.000560494
         161     -0.7548   -0.762329 0.000558986
         162     -0.7624   -0.762329 0.000555525
         163     -0.7612   -0.762322  0.00055215
         164    -0.76536   -0.762341 0.000549085
         165    -0.76952   -0.762384 0.000547479
         166    -0.76792   -0.762418 0.000545191
         167    -0.75192   -0.762355 0.000545551
         168    -0.76208   -0.762353 0.000542296
         169    -0.75536   -0.762312 0.000540663
         170    -0.76504   -0.762328 0.000537713
         171    -0.74328   -0.762217 0.000546042
         172    -0.76088   -0.762209 0.000542914
         173    -0.75992   -0.762196 0.000539928
         174    -0.75464   -0.762152  0.00053857
         175    -0.75272   -0.762098 0.000538189
         176    -0.75184    -0.76204 0.000538287
         177    -0.75168   -0.761981 0.000538428
         178    -0.75656   -0.761951 0.000536261
         179    -0.76368   -0.761961 0.000533344
         180    -0.77192   -0.762016 0.000533251
         181    -0.76544   -0.762035 0.000530634
         182    -0.75712   -0.762008 0.000528401
         183    -0.77104   -0.762057 0.000527818
         184    -0.76344   -0.762065 0.000524995
         185    -0.76176   -0.762063 0.000522152
         186    -0.76544   -0.762081 0.000519655
         187    -0.75856   -0.762062 0.000517211
         188    -0.76456   -0.762076 0.000514624
         189    -0.75768   -0.762052 0.000512422
         190    -0.77096   -0.762099  0.00051187
         191    -0.74752   -0.762023 0.000514872
         192    -0.76912    -0.76206 0.000513516
         193    -0.76496   -0.762075 0.000511069
         194     -0.7612   -0.762071 0.000508448
         195     -0.7488   -0.762002 0.000510391
         196    -0.75592   -0.761971 0.000508728
         197    -0.76232   -0.761973 0.000506142
         198    -0.77144   -0.762021 0.000505844
         199    -0.75752   -0.761998 0.000503803
         200    -0.76048   -0.761991 0.000501336
         201    -0.76136   -0.761988 0.000498845
         202    -0.77776   -0.762066 0.000502473
         203    -0.77136   -0.762112 0.000502084
         204    -0.75208   -0.762062  0.00050203
         205    -0.75872   -0.762046 0.000499841
         206    -0.77464   -0.762107 0.000501152
         207    -0.75264   -0.762061 0.000500818
         208    -0.76488   -0.762075 0.000498588
         209    -0.74984   -0.762016 0.000499638
         210     -0.7568   -0.761992 0.000497874
         211    -0.76024   -0.761983 0.000495578
         212    -0.75792   -0.761964 0.000493607
         213    -0.76104    -0.76196 0.000491303
         214    -0.75672   -0.761935 0.000489615
         215    -0.75448   -0.761901 0.000488564
         216      -0.754   -0.761864 0.000487671
         217    -0.76848   -0.761895 0.000486375
         218    -0.76488   -0.761908 0.000484332
         219    -0.77664   -0.761976 0.000486786
         220     -0.7612   -0.761972 0.000484581
         221    -0.75256   -0.761929  0.00048426
         222    -0.77296   -0.761979 0.000484627
         223    -0.76144   -0.761977 0.000482455
         224    -0.76552   -0.761992 0.000480557
         225    -0.76712   -0.762015 0.000478959
         226    -0.76008   -0.762007 0.000476912
         227    -0.75952   -0.761996 0.000474932
         228    -0.75472   -0.761964  0.00047392
         229    -0.76144   -0.761962 0.000471852
         230    -0.76328   -0.761967 0.000469831
         231    -0.75384   -0.761932 0.000469114
         232    -0.75952   -0.761922 0.000467203
         233    -0.77424   -0.761975 0.000468188
         234    -0.77352   -0.762024 0.000468787
         235    -0.75896   -0.762011  0.00046697
         236    -0.75392   -0.761977 0.000466249
         237     -0.7656   -0.761992 0.000464529
         238    -0.76848   -0.762019 0.000463376
         239    -0.74072    -0.76193  0.00046996
         240    -0.77768   -0.761996 0.000472576
         241    -0.76984   -0.762028 0.000471736
         242    -0.76576   -0.762044 0.000470035
         243    -0.75192   -0.762002 0.000469947
         244    -0.76544   -0.762016 0.000468229
         245    -0.75328    -0.76198 0.000467676
         246    -0.76432    -0.76199 0.000465868
         247    -0.76144   -0.761988 0.000463983
         248    -0.75416   -0.761956 0.000463185
         249    -0.75408   -0.761924 0.000462404
         250    -0.76776   -0.761948 0.000461142
         251    -0.76448   -0.761958 0.000459412
         252    -0.76288   -0.761962   0.0004576
         253    -0.78008   -0.762033 0.000461379
         254     -0.7604   -0.762027 0.000459604
         255     -0.7648   -0.762038 0.000457928
         256    -0.76296   -0.762041 0.000456149
         257     -0.7688   -0.762068 0.000455132
         258     -0.7596   -0.762058 0.000453465
         259    -0.75568   -0.762033 0.000452381
         260    -0.76768   -0.762055 0.000451161
         261    -0.75856   -0.762042 0.000449629
         262    -0.76096   -0.762038 0.000447928
         263     -0.7704   -0.762069 0.000447353
         264    -0.76984   -0.762099 0.000446627
         265    -0.76632   -0.762115 0.000445223
         266    -0.75928   -0.762104 0.000443674
         267    -0.75304    -0.76207 0.000443311
         268    -0.76312   -0.762074 0.000441671
         269    -0.76024   -0.762067 0.000440079
         270    -0.75544   -0.762043 0.000439133
         271     -0.7696   -0.762071 0.000438397
         272     -0.7612   -0.762067 0.000436794
         273    -0.74904    -0.76202 0.000437799
         274    -0.75208   -0.761983 0.000437705
         275    -0.75376   -0.761953 0.000437134
         276    -0.75168   -0.761916 0.000437135
         277    -0.75624   -0.761896 0.000436036
         278    -0.75136   -0.761858 0.000436114
         279    -0.76904   -0.761884  0.00043531
         280    -0.77608   -0.761934 0.000436706
         281    -0.75584   -0.761913 0.000435689
         282    -0.77072   -0.761944 0.000435263
         283    -0.75176   -0.761908 0.000435213
         284    -0.77224   -0.761944 0.000435201
         285     -0.7552   -0.761921 0.000434316
         286    -0.76552   -0.761933 0.000432978
         287    -0.76432   -0.761941 0.000431547
         288     -0.7592   -0.761932 0.000430151
         289    -0.76296   -0.761936 0.000428675
         290    -0.75776   -0.761921 0.000427437
         291    -0.74712    -0.76187 0.000428991
         292     -0.7604   -0.761865 0.000427549
         293    -0.75552   -0.761844 0.000426638
         294     -0.7472   -0.761794 0.000428091
         295     -0.7668   -0.761811 0.000426975
         296    -0.77096   -0.761842 0.000426651
         297    -0.75712   -0.761826  0.00042551
         298      -0.774   -0.761867 0.000426043
         299    -0.77048   -0.761895 0.000425591
         300     -0.7496   -0.761854 0.000426146
         301    -0.76344    -0.76186  0.00042476
         302     -0.7496   -0.761819 0.000425293
         303    -0.76144   -0.761818 0.000423889
         304    -0.75984   -0.761811 0.000422543
         305    -0.76552   -0.761823  0.00042133
         306    -0.75232   -0.761792 0.000421098
         307    -0.75632   -0.761775 0.000420103
         308     -0.7616   -0.761774 0.000418737
         309    -0.76992     -0.7618 0.000418211
         310    -0.76616   -0.761814 0.000417097
         311    -0.75952   -0.761807 0.000415819
         312    -0.76256   -0.761809 0.000414491
         313    -0.76576   -0.761822 0.000413358
         314    -0.75008   -0.761785 0.000413733
         315    -0.75744   -0.761771 0.000412648
         316    -0.75488   -0.761749 0.000411917
         317      -0.746   -0.761699 0.000413611
         318    -0.76456   -0.761708 0.000412406
         319    -0.76232    -0.76171 0.000411116
         320    -0.74984   -0.761673 0.000411504
         321    -0.74952   -0.761635 0.000411964
         322    -0.76416   -0.761643 0.000410757
         323    -0.76448   -0.761652 0.000409578
         324    -0.76328   -0.761657 0.000408342
         325    -0.75592   -0.761639 0.000407467
         326       -0.77   -0.761665 0.000407024
         327    -0.76888   -0.761687 0.000406376
         328    -0.74808   -0.761646 0.000407254
         329    -0.75576   -0.761628 0.000406408
         330    -0.75464   -0.761607 0.000405728
         331     -0.7708   -0.761634 0.000405453
         332    -0.75456   -0.761613 0.000404791
         333     -0.7588   -0.761605 0.000403662
         334    -0.77208   -0.761636 0.000403672
         335    -0.75344   -0.761611 0.000403208
         336     -0.7592   -0.761604  0.00040207
         337    -0.76776   -0.761623 0.000401291
         338    -0.76264   -0.761626 0.000400113
         339    -0.76368   -0.761632 0.000398977
         340    -0.76608   -0.761645 0.000398017
         341     -0.7584   -0.761635 0.000396962
         342    -0.77104   -0.761663 0.000396754
         343    -0.77352   -0.761697 0.000397103
         344    -0.75208   -0.761669 0.000396933
         345    -0.76664   -0.761684 0.000396043
         346    -0.76552   -0.761695 0.000395052
         347     -0.7604   -0.761691  0.00039393
         348     -0.7604   -0.761687 0.000392814
         349       -0.76   -0.761683 0.000391716
         350     -0.7572    -0.76167 0.000390806
         351     -0.7568   -0.761656 0.000389937
         352    -0.77224   -0.761686 0.000389989
         353    -0.76824   -0.761704 0.000389326
         354     -0.7748   -0.761741 0.000389983
         355    -0.76688   -0.761756 0.000389152
         356    -0.75968    -0.76175 0.000388101
         357    -0.76736   -0.761766 0.000387331
         358     -0.7708   -0.761791 0.000387071
         359    -0.76296   -0.761794 0.000386005
         360    -0.76752    -0.76181  0.00038526
         361    -0.77208   -0.761839 0.000385243
         362    -0.75688   -0.761825 0.000384422
         363    -0.76104   -0.761823 0.000383367
         364    -0.77096   -0.761848 0.000383136
         365     -0.7548   -0.761829 0.000382572
         366    -0.76808   -0.761846 0.000381908
         367    -0.75664   -0.761831  0.00038113
         368    -0.76688   -0.761845  0.00038034
         369     -0.7664   -0.761858 0.000379509
         370     -0.7612   -0.761856 0.000378486
         371      -0.756    -0.76184 0.000377794
         372    -0.75728   -0.761828 0.000376977
         373      -0.766   -0.761839 0.000376131
         374    -0.75288   -0.761815 0.000375888
         375    -0.77184   -0.761842 0.000375836
         376    -0.74832   -0.761806 0.000376556
         377    -0.75976     -0.7618 0.000375596
         378     -0.7648   -0.761808 0.000374685
         379    -0.75752   -0.761797 0.000373866
         380      -0.768   -0.761813 0.000373238
         381    -0.76744   -0.761828  0.00037255
         382     -0.7736   -0.761859 0.000372849
         383    -0.75024   -0.761829  0.00037311
         384     -0.7592   -0.761822   0.0003722
         385    -0.75192   -0.761796 0.000372121
         386    -0.77528   -0.761831 0.000372796
         387    -0.76496   -0.761839  0.00037192
         388    -0.75992   -0.761834 0.000370993
         389      -0.752   -0.761809 0.000370901
         390    -0.75016   -0.761779 0.000371152
         391    -0.75176   -0.761753 0.000371087
         392     -0.7584   -0.761745 0.000370238
         393    -0.76144   -0.761744 0.000369296
         394    -0.76328   -0.761748 0.000368378
         395    -0.75528   -0.761731 0.000367809
         396    -0.76648   -0.761743 0.000367075
         397    -0.76176   -0.761743 0.000366149
         398    -0.76416    -0.76175 0.000365278
         399     -0.7724   -0.761776 0.000365338
         400    -0.76592   -0.761787 0.000364571
