109.45
100.3
92.3
89.86
106.65
118.61
103.29
103.94
99.36
80.33
98.45
123.13
117.13
87.86
111.08
83.49
78.16
86.74
110.92
105.16
126.54
110.14
91.65
107.46
137.59
122.13
100.28
106.7
97.91
103.34
80.74
87.92
90.65
89.18
77.63
93.38
83.25
92.93
84.8
92.03
117.37
124.23
85.09
106.98
102.35
107.64
98.62
129.96
111.68
85.81
104.75
79.52
100.03
129.04
75.41
90.59
95.68
87.76
120.24
103.76
95.75
98.3
104.76
117.28
117.02
91.48
103.5
99.79
102
87.96
89.12
118.04
112.24
115.33
87.46
81.68
110.36
88.66
82.68
108.89
101.6
92.68
104.67
62.03
86.05
91.18
87.75
110.39
108.31
97.94
114.62
114
69.23
91.47
120.84
117.29
113.82
97.5
82.39
81.89
99.46
118.99
88.05
78.61
105.45
81.43
94.92
75.83
84.5
111.48
101.75
105.57
102.75
110.7
120.93
77.94
92.32
103.91
90.87
124.38
85.88
102.9
103.03
104.03
84.48
103.58
99.72
135.56
90.01
104.24
97.9
86.33
101.6
102.98
98.27
91.96
79.87
106.97
79.26
118.12
116.51
104.95
90.15
112.27
105.82
95.55
79.46
95.94
114.89
98.7
91.37
104.16
112.08
101.77
112.45
121.96
111.93
103.67
112.61
85.06
110.35
104.43
82.91
93.59
99.6
94.09
92.13
106.45
111.16
87.28
99.34
98.64
104.36
96.51
95.61
102.37
110.45
106.16
111.26
97.73
100.13
93.99
111.33
109.88
88.7
105.94
103.96
119.14
86.63
81.27
89.41
80.48
107.72
96.21
96.93
107.04
91.16
102.1
98.66
87.74
93.22
83.58
101.75
96.25
109.36
101.08
88.32
115.14
101.11
112.51
116.57
91.67
95.59
95.02
102
102.45
113.46
93.61
111.18
90.86
131.15
94.07
94.1
92.04
112.27
98.76
94.4
104.93
73.78
85.94
116.15
128.22
91.62
91.99
62.03
92.83
88.95
123
79.65
103.02
87.98
98.46
94.59
111.16
93.94
96.54
98.62
114.88
129.21
91.69
121.2
115.99
92.37
105.24
86.37
98.76
84.96
98.23
108.69
86.06
98.46
79.82
102.58
114.26
82.18
80.48
85.28
111.24
79.22
111.42
99.13
97.54
135.52
115.22
118.72
79.58
95.94
106.08
102.38
93.84
111.06
104.78
99.88
91.37
109.74
82.84
110.83
101.42
113.34
96.53
84.04
82.44
93.45
119.34
109.32
101.12
122.8
117.4
91.09
94.39
92.79
128.64
86.92
129.47
102.98
106.03
84.7
125.64
81.52
78.76
107.27
87.43
92.16
101.36
94.19
111.71
90.91
91.29
86.18
97.78
93.73
97.18
95.6
117.28
105.7
85.63
108.54
105.28
97.37
94.01
111.32
92.76
100.69
92.35
104.96
84.84
101.27
116
85.99
107.63
77.59
79.42
109.48
99.3
87.04
99.8
64.63
105.53
114.92
99.24
95.62
117.58
107.76
94.67
112.1
99.25
103.39
105.45
85.74
95.27
100.97
87.79
149.96
118.23
126.94
90.62
128.4
75.24
96.76
97.4
96.64
103.64
90.4
99.77
89.95
109.55
99.46
98.8
99.97
99.62
94.28
65.39
99.71
101.11
120.19
98.17
97.28
106.35
94.29
89.14
118.32
93.57
93.97
87.39
96.33
123.52
105.44
125.17
102.73
93.71
87.26
102.07
89.23
88.86
76.61
86.46
118.98
106.42
114.18
111.97
104.17
91.37
97.97
69.06
88.62
109.57
101.28
94.2
83.02
111.24
103.41
132.55
113.6
101.12
92.94
96.18
114.03
101.3
104.97
110.7
97.29
100.27
83.29
85.8
78.72
109.72
111.38
103.19
98.66
105.55
92.15
105.59
136.61
127.19
104.46
97.24
88.24
98.51
106.18
117.43
142.41
93.59
101.31
107.98
108.31
89.09
84.1
83.6
86.98
83.84
77.64
99.32
115.28
98.97
93.53
97.22
100.88
116.01
111.46
84.82
105.23
103.77
88.98
87.76
111.17
99.38
98.87
111.59
76.93
86.66
109.48
95.22
81.38
84.9
110.46
116.68
117.87
86.62
102.09
116.4
114.32
77.32
92.45
87.73
109.09
97.76
96.21
91.65
94.95
105.81
90.38
91.01
93.32
122.47
98.74
106.27
99.91
94.57
113.31
109.72
90.09
98.41
104.94
91.59
108.29
94.87
90.77
97.05
89.87
108.32
126.32
110.38
100.4
122.03
105.68
114.06
103.98
91.13
78.4
104.54
94.91
97.54
89.81
98.72
107.98
104.06
109.63
102
124.8
102.87
90.24
103.63
95.89
117.18
110.79
94.8
100.2
88.1
81.93
97.3
81.17
86.49
106.18
93.86
110.14
76.23
108.38
127.4
83.73
77.43
98.86
101.16
108.27
115.93
129.31
66.76
92.42
92.8
141.84
81.83
85.04
91.65
111.99
94.88
111.34
91.23
97.1
93.21
80.02
88.38
112.29
96.46
79.21
113.96
97.76
108.16
94.89
91.39
107.09
88.3
99.14
113.92
115.75
91.59
88.27
126.45
114.26
107.6
94.58
113.88
102.86
115.22
97.02
105.35
70.84
80.26
101.84
80.16
96.71
83.77
85.49
106.69
94.05
131.84
102.89
89.77
120.17
99.39
91.07
109.94
127.17
110.09
116.49
91.49
100.26
86.5
100.51
85.62
91.4
77.34
97.61
113.42
119.92
93.44
82.6
90.06
105.99
71.81
86.22
76.87
102.9
92.98
97
120.03
106.21
105.33
82.15
98.89
99.57
72.43
110.41
99.05
97.87
100.04
86.67
99.11
102.87
103.58
78.3
76.85
84.77
84.48
89.35
113.79
79.23
102.3
82.09
103.87
111
94.1
138.24
108.66
96.91
93.72
105.35
119.8
88.13
110.1
113.08
121.94
78.95
113.24
89.22
103.09
119.89
76.64
93.97
131.37
118.61
100.82
92.61
96.06
84.52
88.52
90.26
115.38
98.23
98.06
89.43
80.87
113.37
92.29
83.25
144
101.61
109.17
98.99
89.89
100.63
97.32
77.62
99.89
90.12
85.02
92.51
92.94
103.85
91.93
102.8
140.14
117.8
105.61
127.73
93.04
104.74
74.49
114.39
76.77
100.49
108.67
85.48
92.61
108.17
103.77
128.48
80.19
120.48
94.05
124.26
98.83
89.53
107.35
112.55
82.41
100.33
97.2
95.69
79.72
92.99
84.24
133.91
83.25
92.26
102.76
88.17
94.94
98.31
89.09
118.68
92.06
107.67
110.37
87.85
98.33
110.27
97.26
146.04
90.41
91.33
148.4
104.57
104.83
96.6
116.13
84.82
93.95
107.72
109.3
104.44
67.22
89.2
100.21
122.01
91.88
82.15
116.55
79.48
89.43
91.94
89.86
99.94
70.21
78.9
95.99
105.95
102.03
93.87
105.64
87.33
97.78
100.06
81.6
100.81
89.08
97.62
118.65
99.18
105.85
98.86
103.69
96.39
67.79
106.21
85.57
74.33
84.06
126.8
105.31
88.86
99.04
97.72
106.99
100.84
102.29
83.83
81.92
102.15
79.27
96.55
96.55
108.43
92.97
96.41
106.66
79.38
94.49
119.71
95.11
118.38
85.2
94.9
77.23
105.13
93.54
121.51
84.4
108.65
99.24
97.43
80.73
92.41
110.17
81.52
97.12
97.2
97.09
109.29
83.33
97.46
115.79
81.85
102.76
110.07
91.88
117.09
96.65
93.43
101.17
88.09
118.26
88.28
106.18
100.11
74.61
90.39
111.02
110.46
74.07
109.28
80.41
84.12
107.37
108.03
83.97
105.79
99.85
86.55
137.97
94.66
100.49
89.98
82.14
83.52
106.69
93.55
98.16
93.09
92.52
104.7
94.89
86.49
107.58
93.92
99.31
121.3
99.86
106.1
95.49
81.71
108.61
87.76
108.38
98.19
100.68
106.94
102.56
76.05
88.07
86.62
90.87
112.18
93.86
108.77
82.31
84.99
87.4
93.15
84.96
90.23
75.07
92.49
115.44
78.37
96.5
93.71
117.46
97.16
141.42
104.29
102.88
97.65
119.11
105.09
123.35
99.33
82.02
130
117.22
125.46
106.12
97.72
126.14
88.09
112.06
101.88
89.49
77.85
99.14
119.11
72.53
93.96
79.02
105.55
132.28
90.99
96.78
120.01
103.11
121.28
112.94
95.93
73.34
96.48
83.5
88.27
135.42
107.03
89.33
80.23
93.41
109.7
107.11
88.79
78.64
117.51
120.12
100.53
86.03
129.92
139.69
93.63
100.46
78.84
80.49
116.3
80.51
90.4
78.08
89.25
102.29
100.33
104.86
96.52
89.1
110.05
98.29
120.66
90.22
91.81
80.66
105.04
115.62
77.94
108.58
102.27
113.31
104.37
92.9
99.91
117.88
92.78
91.28
93.73
89.79
84.16
109.14
103.78
80.09
89.32
115.25
108.02
99.28
115.33
73.48
99.94
85.32
103.65
108.81
94.02
72.81
103.31
90.87
95.71
79.53
136.07
89.57
112.9
102.19
77.67
93.88
107.08
92.38
96.19
107.47
77.5
89.87
82.19
100.03
90.88
114.63
112.74
101.49
84.15
114.54
91.73
92.81
79.25
93.68
95.1
91.13
126.26
80.04
121.72
92.83
95.49
114.67
67.36
108
88.72
92.88
117.38
99.18
83.17
106.5
80.05
96.31
83.02
83.55
105.97
111.87
95.61
90.79
126.47
79.56
75.05
125.23
149.78
94.82
104.78
100.39
93.7
87.67
105.09
88.54
105.97
99.55
93.09
97.48
107.8
106.34
104.7
82.76
104.12
85.7
102.53
100.24
125.47
80.8
80.92
80.42
143.96
106.66
94.97
100.58
107.26
90.1
80.07
133.35
103.48
87.77
92.21
105.86
101.98
106
93.07
132.11
103.49
100.36
100.79
109.31
106.3
106.42
88.38
101.95
123.39
89.07
81.4
108.72
101.06
101.51
89.72
85.69
103.46
131.44
108.96
70
89.63
99.5
108.64
109.58
87.65
90.19
97.3
92.77
124.96
94.46
137.76
107.21
81.95
85.78
93.51
76.49
94.2
91.59
93.05
87.51
91.98
104.15
91.38
76.93
105.93
95.99
95.5
89.57
112.81
104.39
105.79
99.32
84.29
103.81
106.1
115.03
108.89
112.71
126.83
115.97
112.63
118.74
107.47
91.9
70.51
106.71
98.49
99.17
99.72
99.63
126.59
76.69
88.8
108.65
87.28
98.03
67.91
78.48
88.52
78.89
98.79
92
98.44
89.33
103.71
87.15
87.81
84.47
73.53
119.32
114.63
124.14
127.73
89.31
112.58
99.6
128.3
111.36
85.5
98.41
94.77
117.86
94.57
100.51
97.31
99.74
93.94
87.91
120.34
79.48
76.18
101.52
79.51
81
81.29
118.28
104.35
118.6
102.68
101.92
98.57
108.91
96.21
118.26
98.4
94.59
79.23
85.16
96.31
96.28
89.53
112.56
83.65
144.91
79.71
105.22
80.34
94.41
103.85
95.46
95.43
76.98
109.32
108.32
107.16
95.39
96.25
85.67
63.75
87.69
111.39
98.18
110.25
80.97
84.52
97.37
102.05
95.73
81.65
98.69
96.63
144.44
97.11
106.38
100.4
106.5
114.81
104.52
114.76
79
97.08
76.15
85.47
94.03
113.48
90.65
89.99
104.42
96.78
80.43
125.62
91.67
85.19
97.72
86.29
89.26
85.46
92.48
70.25
100.61
118.84
99.77
86.65
116.9
110.53
85.11
90.98
94.42
101.6
87.56
90.31
75.39
104.05
83.36
79.79
80.63
81.85
89.9
87.53
78.52
100.83
96.57
105.18
111.86
103.58
85.55
87.47
107.31
93.76
107.54
82.03
102.89
120.23
103.17
117.73
70.82
124.43
96.75
119.92
131.76
95.96
84.54
106.95
113.08
118.6
89.99
111.14
95.52
130
90.14
78.06
130.18
111.13
136.69
106.97
109.52
87.78
91.3
68.21
85.59
97.35
116.25
122.79
99.11
90.03
104.84
123.24
80.85
99.56
112.57
76.35
110.22
102.79
93.56
120.57
89.88
115.04
110.49
104.86
101.88
69.34
108.48
96.44
69.92
91.53
88.77
103.06
79.79
97.38
113.96
105.97
74.3
107.79
91.2
90.97
99.66
124.9
77.44
98.58
89.41
96.15
102.04
81.48
105.47
105.78
122.98
92.87
106.47
121.62
104.56
84.86
93.85
131.34
115.08
97.37
73.28
77.96
110.45
93.29
90.04
93.79
109.16
115.22
87.44
115.71
82.21
84.5
118.07
107.24
100.12
89.46
116.98
95.98
107.92
122.83
78.54
111.98
105.72
103.93
127.12
114.51
79.67
96.2
103.75
97.23
121
86.15
89.91
98.67
108.95
108.92
76.96
79.61
114.86
88.77
105.42
99.53
110.31
92.87
65.87
125.65
94.54
119.69
81.84
87.1
78.84
91.64
84.05
119.35
94.54
97.25
114.4
64.79
104.01
97.8
85.57
79.26
113.72
104.76
74.46
84.4
80.36
105.49
101.64
113.96
90.2
118.36
100.29
107.29
105.73
116.74
97.13
116.9
94.52
119.75
110.85
105
114.22
100.58
102.16
114.6
70.23
69.68
85.92
90.63
89.9
125.6
106.49
109.82
63.56
88.21
105.14
98.26
98.81
97.75
72.12
84.88
106.76
82.62
76.62
114.45
92.75
87.87
82.08
74.14
96.74
112.63
102.84
121.23
101.83
108.48
88.42
116.25
74.79
64
110.37
114.11
121.76
94.49
101.22
110.86
109.58
101.03
123.29
97.48
126.91
102.73
122.16
89.08
108.91
91.21
97.39
92.36
100.3
96.12
97.15
97.97
113.67
123.46
102.09
82.03
134.24
82.45
91.45
107.49
116.52
111.56
105.41
99.67
70.61
82.96
86.29
82.83
92.4
115.04
92.15
85.62
105.09
101.11
98.8
94.39
69
92.77
87.97
77.16
108.36
99.65
100.06
103.11
102.08
105.75
122.26
116.46
85.15
70.23
105.01
123.94
97.05
99.73
104
82.61
103.64
89.39
92.43
85.26
93.6
83.34
101.59
101.31
99.62
107.03
102.05
92.79
109.21
100.69
93.81
109.63
117.22
104.91
71.61
94.16
91.45
106.05
73.64
107.57
126.63
89.43
85.02
87.75
100.1
89.6
97.31
110.69
79.17
105.12
84.17
108.7
91.16
121.64
79.02
113.67
87.73
133.96
123.87
84.47
108.53
110.58
94.79
88.08
82.54
89.14
123.01
96.15
93.8
82.13
76.24
109.76
108.73
103.38
74.01
89.17
121
82.27
110.1
84.81
117.95
105.99
124.39
78.98
103.88
86.99
106.96
106.87
113.16
97.74
105
95.09
107.34
93.83
115.49
91.57
113.79
83.6
115.44
91.84
95.12
100.34
85.78
109.38
91.32
99.33
84.09
90.08
88.65
110.74
92.45
92.16
114.29
113.72
90.07
83.43
86.4
110.88
114.32
100.69
74.93
96.24
113.03
89.54
90.47
86.75
124.34
87.24
101.1
110.07
82.03
97.36
78.02
81.87
102.37
92.52
85.06
96.01
102.48
129.96
107.98
111.61
91.96
122.29
117
122.33
83.78
90.96
112.26
81.16
99.99
95.78
97.17
105.57
92.15
103.18
86.73
115.39
94.85
98.78
91.35
72.39
113.19
110.51
93.89
133.96
94.67
98.83
119.35
113.28
115.85
94.72
103.65
95.91
95.34
103.69
102.59
141.36
95.98
76.26
81
90.49
99.76
99.04
97.46
109.57
94.96
102.68
122.2
106.95
81.31
87.6
82.71
84.86
86.79
106.54
105.47
76.47
116.9
99.28
108.9
100.75
95.19
77.55
129.99
87.88
99.29
95.03
111.34
81.84
75.87
89.99
105.76
82.89
112
117.12
73.99
109.9
121.67
91.86
100.13
81.19
129.09
76.88
95.48
62.38
93.68
108.08
89.41
92.1
84.53
98.07
95.01
112.39
75.99
90.43
93.67
84.8
85.72
83.67
90.99
96.77
126.95
82.93
101.18
97.25
100.19
94.18
66.49
97.32
102.87
74.72
97.2
95.27
94.1
69.11
109.78
91.1
93.72
102.78
106.96
136.57
112.28
98.15
93.25
113.32
112.5
86.55
101.82
105.72
85.26
94.32
98.01
121.52
112.25
109.88
92.92
85
94.29
107.9
92.51
96.88
107.42
95.73
79.97
100.53
100.43
82.89
101.4
114.92
113.64
74.28
99.24
95.82
93.52
97.47
93.81
95
95.36
68.72
101.53
87.67
90.8
111.73
99.58
108
109.34
85.69
96.27
91.54
93.29
108.96
94.67
92.53
106.69
80.8
94.49
107.14
117.97
85.56
106.12
101.88
107.44
102.5
100.5
128.57
90.2
108.09
94.05
91.28
87.07
120.15
105.89
116.61
98.19
105.3
91.69
102.27
103.2
109.22
92.7
100.13
66.11
88.98
94.89
83.67
112.48
88.98
116.17
111.66
87.49
112.1
98.68
96.69
97.4
88.09
102.84
62.46
94.19
106.84
104.9
94.7
97.05
88.68
100.43
108.92
73.9
93.39
125.89
95.71
91.5
103.43
85.84
99.73
82.52
76.63
64.55
114.32
100.18
78.96
96.03
128.27
104.56
89.61
86.47
108.41
122.17
121.45
102.46
85.43
97.79
96.24
93.67
115.35
94.84
100.62
100.75
121.23
90.1
103.05
112.68
100.34
93.28
86.44
98.33
109.46
92.18
99.45
102
101.68
97.68
91.59
122.27
73.9
99.87
82.36
93.51
72.01
87.55
103.9
89.69
98.39
97.86
130.77
104.43
104.89
113.13
94.77
106.45
91.53
79.8
86.34
93.38
111.96
84.73
88.92
126.82
81.92
85.83
100.51
86.74
84.16
150.61
79.58
108.28
107.33
99.99
103.9
96.14
121.45
127.94
107.19
86.96
104.8
104.99
132.2
96.32
94.98
90.2
84.29
93.39
114.13
104.18
100.72
76.93
97.65
89.15
79.43
97.3
99.65
92.34
103.47
92.07
115.26
96.18
94.92
74.89
131.13
85.34
96.91
74.74
103.33
91.29
94.58
95.9
101.92
109.1
121.57
102.82
84.84
96.09
90.76
95.95
114.43
87.26
81.61
78.28
104.67
107.33
131.53
91.02
83.05
116.32
115.63
81.86
99.55
72.28
71.13
114.09
86.29
82.36
94.25
132.44
96.48
92.23
94.68
91.01
101.07
86.67
105.87
103.62
109.51
94.27
99.87
83.88
117.52
105.24
102.23
84.9
85.25
76
109.63
83.39
102.71
124.47
107.94
113.25
91.99
77.61
117.52
79.2
95.99
110.42
106.07
101.61
105.2
110.07
119.45
94.54
87.14
82.56
104.54
92.57
91.81
96.49
96.01
105.25
104.33
101.52
87.49
114.07
115.22
66.62
81.88
87.49
117.24
72.11
112.98
82.9
114.55
106.33
108.2
82.31
102.54
87.67
93.82
100.69
101.33
103.43
106.22
93.25
96.59
96.33
81.74
89.89
105.46
87.92
129.66
86.84
105.96
95.13
115.49
119.34
145.37
101.75
82.7
73.57
100.49
96.73
110.08
101.82
110.86
94.27
85.57
79.95
93.17
112.51
98.91
82.48
116.64
81.84
71.02
94.8
72.29
90.31
97.18
81.59
88.44
111.62
93.61
94.6
110.43
99.78
78.29
119.64
85.78
121.98
98.15
93.98
90.04
96.46
91.12
79.91
115.12
101.01
80.1
101.49
95.23
117.51
122.7
103.53
117.61
103.58
110.75
98.23
80.56
99.43
108.75
90.33
96.11
90
95.85
93.67
74.63
100.01
114.03
97.16
109.76
107.81
97.82
96.51
101.76
97.46
114.28
89.03
117.74
110.93
109.64
93.76
74.57
103.8
94.85
99.36
127.96
68.11
121.47
119.76
91.46
112.32
115.22
73.32
141.92
133.03
100.46
101.81
115.22
117.22
84.91
101.11
96.55
128.89
100.77
101.47
104.86
105.8
82.9
85.05
111.66
123.31
91.71
81.41
89.07
119.45
84.67
77.64
101.95
124.55
115.11
108.75
80.64
108.72
108.06
129.7
110.98
100.79
81.3
94.31
101.73
87.16
88.41
103.61
82.77
112.14
93.35
91.35
89.89
83.6
111.15
103.7
110.55
108.57
90.46
103.91
90.9
88.79
86.32
78.48
102.97
105.4
88.38
84.85
79.87
98.75
81.36
100
112.82
109.06
94.61
99.43
96.21
91.49
87.26
78.73
146.84
97.12
104.39
103.32
118.89
67.78
107.43
92.03
93.36
89.83
110.27
80.13
110.81
71.1
96.88
108.24
99.53
80.1
94.32
123.51
116.64
98.15
103.96
130.94
107.73
101.1
89.53
87.51
127.67
112.51
105.69
76.83
102.66
74.68
104.05
72.84
101.02
119.58
102.26
103.77
108.54
99.39
95.22
104.69
120.85
96.32
67.21
130.18
97.4
92.7
105.25
114.18
90.81
122.95
98.54
115.25
110.15
127.64
95.66
93.69
96.17
113.28
85.54
119.85
94.71
82.8
68.77
85.44
94.42
104.97
72.62
103.31
103.82
72.77
99.1
84.9
90.02
81.13
77.84
88.81
80.7
87.27
117.23
100.26
107.29
87.23
90.74
116.08
78.04
88.94
98.43
107.14
81.63
95.67
108.01
128.12
104.51
134.75
83.96
85.66
116.16
125.3
90.48
71.55
93.17
94.41
69.02
79.8
97.56
88.38
83.97
110.3
82.97
94.45
93.65
101.45
81.08
90.5
105.33
100.69
90.05
87
112.67
100.19
93.77
89.28
109.99
97.9
103.17
106.58
113.19
80.43
106.39
110.86
125.22
111.37
118.1
122.43
96.39
120.73
116.24
116.09
94.07
117.58
99.41
108.26
88.87
95.65
108.39
92.81
83.78
99.69
107.34
98.08
102.43
92.41
99.5
91.48
105.9
86.44
113.49
117.78
89.33
102.38
104.55
82.28
123.39
110.91
87.91
89.82
87.52
142.98
105.84
99.8
88.66
106.2
87.07
103.02
106.57
110.98
106.14
89.01
97.05
94.01
106.41
100.88
103.21
74.97
61.46
102.93
108.5
106.74
134.95
92.98
103.29
124.08
98.55
96.92
89.92
90.38
115.91
112.03
130.38
102.66
96.8
96.82
77.11
105.59
98.7
91.57
105.9
133.58
103.13
89.92
100.36
106.97
90.35
100.82
114.82
109.99
95.03
121.36
79.14
120.7
108.61
91.15
89.85
115.06
108.26
105.91
113.07
94.12
100.6
87.99
84.98
125.69
108.59
88.62
119.52
81.15
106.4
78.8
79.13
95.65
80.51
136.77
87.56
110.75
102.61
81.08
111.01
91.74
109.37
131.17
95.85
102.76
66.7
112.63
121.04
89.27
89.59
99.14
91.55
90.18
86.73
96.78
99.96
108.46
112.62
85.64
99.32
128.12
120.26
98.44
92.15
105.16
98.78
75.36
101.08
100.18
88.81
82.42
126.33
92.27
89.14
104.18
91.05
116.74
91.29
78.46
97.07
125.29
99.33
70.41
82.92
100.9
100.75
127.39
121.43
102.97
102.26
71.68
107.83
106.85
99.66
112.33
81.47
106.39
101.48
99.41
109.23
99.96
111.93
79.81
104.44
122.71
113.58
94.52
100.56
84.3
94.3
101.85
62.92
88.01
113.99
94.39
107.86
85.07
99.66
87.37
112.8
100.73
104.33
106.92
127.93
116.91
105.71
120.43
79.76
86.23
78.31
116.26
77.03
88.44
94.3
82.72
99.17
122.01
98.45
115.82
110.15
89.44
116.66
87.6
80.33
113.68
102.67
104.19
115.66
85.77
96.43
107.96
123.88
92.16
91.69
107.01
92.21
95.52
103.06
105.88
93.95
82.59
93.02
85.91
92.41
93.4
86.95
85.57
89.3
100.65
104.46
99.32
102.96
76.99
100.56
116.26
101.25
78.18
94.15
77.53
109.44
99.88
76.64
102.54
79.95
109.63
105.79
117.8
100.82
81.67
100.68
123.3
122
92.41
85.11
91.8
92.05
96.7
103.62
84.91
112.78
112.63
124.23
98.13
99.32
105.44
100.45
80.29
106.63
80.53
105.72
93.52
128.77
100.3
68.27
108.78
104.44
119.07
107.46
101.69
109.67
118.66
98.7
104.41
125.43
102.18
84.19
112.63
122.71
102.75
94.12
97.67
98.75
93
102.35
87.9
97.56
88.69
115.31
80.07
108.77
108.27
100.27
87.28
79.39
102.35
113.55
103.4
107.7
91.33
103.95
134.23
98.3
88.6
106.5
106
103.18
80.8
102.75
105.04
104.8
97.76
71.74
102.5
78.58
100.04
100.83
109.23
106.26
134.34
109.37
98.19
94.94
98.55
90.63
111.41
112.66
112.87
91.34
104.1
102.83
91.85
110.97
104.32
103.26
122.36
118
71.68
94.77
98.95
102.3
106.47
102.48
79.38
83.2
92.72
81.34
71.76
76.87
89.42
82.5
77.83
99.55
88.36
96.91
91.22
75.21
86.01
111.36
75.59
102
97.93
87.16
99.28
89.52
98.81
75.16
110.74
117.89
100.29
93.2
115.3
64.46
92.64
101.75
90.04
105.78
106.83
106.52
91.06
76.45
91.61
111.53
100.91
68.85
114.92
81.31
94.47
90.27
84.93
111.21
101
83.89
120.28
99.85
98.2
97.6
107.45
88.18
89.57
60.54
85.69
90.3
104.16
103.91
92.34
97.02
96.51
104.35
102.23
95.23
100.97
87.84
69.74
92.97
92.07
79.98
85.91
75.9
81.1
97.53
115.31
104.98
120.8
105.22
130.92
100.65
95.46
110.3
96.54
98.14
114.32
98.56
80.78
97.88
92.28
101.92
100.52
97.63
106.04
105.72
91.27
119.01
89.71
115.29
90.66
109.42
111.29
89.89
88.55
81.54
114.87
79.04
95.72
81.99
90.51
73.83
121.9
80.67
111.77
106.25
86.46
91.63
97.9
82.2
98.93
96.48
83.76
97.14
100.66
108.56
105.09
97.8
104.73
87
120.81
99.94
71.77
86.93
92.32
92.67
94.99
95.69
102.74
93.86
87
125.55
106.47
94.34
96.86
81.06
102.96
106.49
101.33
72.37
78.39
123.44
113.62
78.31
95.89
98.54
93.01
92.17
78.35
109.5
99.08
98.02
128.14
81.2
88.39
113.15
77.62
97.76
73.7
81.3
117.95
102.53
86.81
117.62
78.13
113.34
96.23
105.82
94.09
74.21
123.31
97.64
122.67
100.06
99.41
106.55
78.41
92.66
116.58
86.93
77.49
102.25
110.35
84.4
115.14
120.54
93.85
81.12
112.9
87.39
115.64
75.3
104.38
77.86
98.77
96.61
96.69
110.33
73.48
83.81
114.94
118.31
94.91
97.18
102.56
109.32
106.93
109.22
99.19
112.05
97.59
110.46
105.73
79.45
109.32
104.56
89.55
102.59
100.92
120.37
137.53
96.04
82.52
103.39
95.73
106.85
82.79
101.49
85.03
100.35
104.78
110.03
86.5
93.54
80.49
104.25
101.3
78.51
100.52
98.86
104.74
88.75
88.46
97.15
98.46
95.58
92.58
95.33
110.55
115.01
72.34
95.07
113.16
96.85
109.01
107.53
103.28
100.62
97.7
79.38
107.71
106.51
96
85.61
74.3
87.01
95.21
111.21
96.71
104.47
95.21
87.68
103.83
117.04
104.72
95.23
112.33
146.13
114.19
115.68
104.33
100.71
89.94
62.05
73.71
89.38
92.93
77.57
96.23
90.17
113.46
79.8
103.04
74.4
109.59
99.74
82.97
116.18
71.9
125.64
113.95
102.15
135.28
110.39
99.26
92.3
90.95
103.52
73.77
91.74
91.74
107.57
102.98
91.13
93.1
96.17
108.02
120.93
72.3
101.34
85.79
104.87
74.56
125.38
81.47
87.95
86.54
93.01
81.46
90.05
141.13
90.84
108.79
72.24
84.13
91.23
114.14
86.53
90.51
99.26
93.02
98.94
91.07
99.17
76.63
85.26
89.69
90.21
100.71
103.08
94.03
76.39
114.12
96.51
92.97
85.6
104.23
81.23
99.26
85.04
104.64
75.8
74.45
107.38
98.25
87.47
87.5
101.55
96.09
93.97
99.51
78.22
105.47
77.75
110.4
83.46
109.73
105.69
99.69
97.3
98.77
104.99
75
95.59
91.96
91.96
92.83
103.15
87.62
102.85
90.91
81.75
94.85
104.17
107.89
91.31
79.16
93.31
103.84
72.2
121.62
114.57
82.56
96.1
121.16
72.26
97
88.1
77.82
91.53
111.45
97.9
109.99
91.36
91.33
84.99
89.68
103.18
95.18
96.54
94.97
101.05
115.46
102.34
93.03
96.34
103.06
97.64
87.33
84.26
121.27
122.36
127.11
92.77
93.11
92.75
108.86
85.76
104.24
124.96
91.66
96.35
113.22
98
96.81
89.2
102.56
93.66
91.39
86.23
78.39
128.95
84.53
104.29
92.75
68.05
89.88
95.89
104.05
81.91
61.58
90.47
106.35
103.85
97.17
96.63
94.32
89.18
105.14
98.8
89.85
109.82
89.84
114.91
101.13
85.48
93.62
76.81
93.9
79.39
88.17
103.76
92.63
91.77
106.19
92.62
85.74
110.7
98.98
109.21
124.43
96.93
99.5
89.66
100.55
110.4
102.88
91.86
96.23
98.34
90.49
88.01
90.51
95.23
114.15
104.73
88.72
87.95
98.2
106.76
124.11
102.36
89.4
66.54
106.44
89.48
122.88
87.38
111.8
82.29
85.13
90.68
116.37
99.12
91.85
96.27
99.92
97.74
131.73
95.4
112.51
77.55
108.01
100.75
104.38
93.64
87.11
128.35
107.91
121.09
99.82
88.95
92.74
125.15
85.13
98.33
111.92
102.65
84.46
100.28
130.14
112.99
106.79
114.07
101.57
94.84
91.11
95.92
81.15
111.14
97.69
105.83
104.18
130.08
119.06
97.43
111.65
74.91
101.18
92.95
97.31
108.75
90.93
79.18
92.66
86.51
115.51
81.94
127
81.09
118.53
103.55
78.83
86.45
102.03
102.75
103.28
88.01
90.29
75.48
108.03
99.97
78.81
96.13
99.9
95.8
114.29
102.37
109.48
95.04
97.75
80.53
100.3
95.77
98.54
93.5
98.26
102.7
104.35
82.23
94.42
95.12
111
91.3
119.85
91.6
112.51
91.22
115.87
84.47
99.28
84.26
99.48
89.3
99.71
84.8
95.27
89.9
119.02
88.62
99.91
107.06
132.04
98.54
107.05
86.42
85.17
126.61
71.49
97.3
82.93
73.64
100.97
97.5
90.74
76.78
98.92
79.07
90.57
111.89
126.33
126.74
90.85
90.84
87.07
87.8
106.17
83.43
99.81
100.14
90.38
118.26
84.87
83.61
124.1
72.97
105.68
105.51
75.62
79.61
92.73
119.89
125.08
101.29
123.29
95.34
77.71
128.6
118.36
90.31
118.99
74.93
92.86
106.66
110.41
89.98
96.55
110.7
93.25
101.99
76.99
89.36
113.19
101.04
104.01
70.02
90.99
90.9
85.61
83.61
103.59
93.53
101.55
88.97
93.68
88.72
87.49
96.87
123.1
95.5
91.48
82.79
65.86
118.96
93.36
88.42
106.3
83.32
107.65
91.26
111.85
84.5
95.17
109.78
93.4
81.74
85.11
95.49
95.76
77.74
89.41
102.62
80.37
95.5
105.07
113.93
107.22
89.82
100.39
97.92
126.21
111.53
121.34
73.02
76.48
78.4
100.94
114.16
103.8
87.3
117.12
97.84
106.04
90.81
105.26
112.09
104.27
138.8
97.85
72.87
79.49
116.3
92.47
88.06
93.68
97.18
92.77
100.16
92.29
86.33
90.03
94.57
116.74
95.53
110.23
98.98
79.59
86.49
77.7
103.98
78.84
98.73
101.85
78.07
97.59
91.4
78.69
88.73
107.68
92.54
84.89
99.01
95.93
99.75
82.33
93.58
124.34
105.56
80.3
94.48
96.54
89.99
80.02
104.38
96.91
122.3
110.22
116.99
107.4
90.36
100.44
100.56
111.6
94.26
77.07
97.84
74.82
92.99
89.83
128.1
97.27
88.05
84.71
91.55
101.86
113.46
82.96
109.73
90.93
113.57
106.61
113.44
96.37
135.65
100.89
93.66
93.81
129.71
118.78
98.6
92.45
97.14
138.92
92.44
110.88
109.87
110.86
98.59
106.72
96.3
101.89
82.73
101.45
108.56
113.98
102.57
113.51
110.88
101.51
78.44
86.14
137.8
91.93
115.51
87.47
124.78
74.97
94.39
87.14
62.61
77.99
111.61
106.91
130.34
102.18
93.1
127.57
128.73
136.24
101.29
73.51
115.69
86.09
81.87
83.2
94.52
98.16
107.14
113.68
110.31
79.98
85.83
94.97
72.39
87.55
110.56
131.66
128.28
88.1
96.62
86.39
117.07
108.9
105.99
106.99
90.33
115.51
121.47
110.54
96.38
107.19
97.86
121.76
110.21
83.44
93.74
107.11
81.16
95.45
103.36
76.42
106.86
114.2
105.25
93.08
108.03
100.5
100.71
87.37
114.62
96.6
116.49
116.25
96.21
89.1
76.23
105.8
107.3
94.57
101.05
82.11
100.1
91.27
85.67
109.25
120.87
104.03
88.23
125.27
91.56
107.68
103.32
80.42
110.39
87.46
87.63
79.09
111.16
111.37
100.61
92.14
103.92
83.27
126.3
88.78
79.16
99.41
94
99.43
104.62
102.09
84.75
107.95
82.11
103.63
99.8
131.67
120.97
121.33
118.38
100.5
112.64
96.76
98.93
97.85
109.22
120.9
96.39
80.77
84.33
114.73
91.91
97.17
112.89
105.71
85.8
110.89
135.23
94.21
76.57
102.41
102.55
104.28
73.98
93.57
110.01
78.36
107.93
113.27
56.5
76.65
93.68
92.01
102.14
105.11
88.84
108.34
97
96.99
118.98
120.56
101.03
110.26
86.34
126.49
81.43
97.91
82.17
79.83
88.37
107.94
100.27
112.9
90.74
116.73
111.2
88.58
92.67
138.07
101.25
92.55
106.82
106.51
101.04
112.21
84.05
113.27
91.24
91.92
125.91
86.18
107.51
105.23
90.52
95.81
93.47
81.93
93.91
122.89
76.46
84.43
104.06
109.78
89.89
114.68
97.59
78.27
98.66
99.99
130.5
72.07
108.89
114.09
107.42
68.91
79.53
104.66
101.54
88.62
96.4
105.44
81.24
129.45
95.87
79.54
100.96
81.94
113.13
88.86
115.21
101.77
96.83
121.94
109.87
113.78
88.7
87.93
112.36
88.63
114.32
92.57
69.67
65.49
96.43
117.98
80.68
94.34
83.9
103.93
88.11
84.77
98.97
86.56
70.02
114.6
98.63
123.19
101.21
86.83
93.8
98.91
89.83
89.43
88.36
71.79
96.97
100.51
83.19
75.45
91.58
110.16
115.88
108.67
132.57
102.7
97.74
108.06
112.18
82.11
112.26
96.36
78.02
101.08
95.87
87.87
106.95
90.05
98.8
107.15
114.74
95.19
116.82
96.32
87.91
107.41
94.9
94.04
81.21
120.43
114.98
95.9
71.63
107.47
115.45
108.29
93.33
86.45
96.4
77
108.59
128.98
105.57
81.39
83.51
106.57
116.75
105.89
103.87
103.76
79.89
87.37
86.99
113.87
107.11
102.04
88.27
112.56
87.15
98.63
89.76
102.86
113.77
82.61
132.48
82.75
90.41
88.94
92.9
88.92
114.06
96.03
77.25
70.46
94.73
92.6
87.84
94.19
88.99
89.77
98.63
84.68
81.29
90.23
90.1
102.54
107.58
103.6
80.94
110.09
132.76
89.58
93.65
122.02
83.16
97.24
85.33
77.9
85.6
68.18
116.04
109.51
111.44
123.71
100.16
88.94
107.04
110.86
105.26
88.63
94.66
109.92
128.99
96.56
96.76
91.17
97.85
89.73
94.43
92.16
78.14
97.61
117.44
111.29
77.17
85
73.14
121.91
111.13
101.38
98.82
99.9
91.56
90.58
93.17
110.02
93.11
81.76
96.49
97.03
113.27
111.53
126.67
106.68
69.14
70.31
97.67
96.52
96.96
104.49
91.39
97.61
113.33
88.94
101.7
89.15
104.88
103.82
75.41
113.98
108.78
83.61
105.12
102.81
103.06
115
108.59
107.33
111.34
118.62
113.03
111.52
80.45
82.79
97.19
98.57
88.06
91.27
82.05
100.52
133.91
103.96
109.5
76.21
97.35
86.43
98.5
118.32
118.37
93.14
89.96
103.71
103.31
74.57
87.34
96.45
98.09
105.15
97.82
84.53
111.61
97.58
112.44
92.57
84.11
116.39
108.79
72.8
93.2
119.12
120.74
117.3
126.31
105.49
96.49
88.65
116.51
105.04
130.4
102.43
106.38
98.34
86.15
88.47
107.37
106.45
83.19
86.09
97.09
109.86
86.18
92.48
84.03
93.69
100.44
95.07
118.46
108.65
94.97
96.57
100.71
102.58
70
96.03
99.13
106.3
111.7
81.06
106.5
91.31
69.08
106.78
91.04
128.75
102.95
94.42
119.27
118.22
102.32
93.96
133.94
106.03
109.89
104.97
86.19
91.55
100.88
118.15
124.89
92.24
96.47
89.26
91.3
100.66
75.35
102.5
105.9
100.06
100.4
117.26
88.63
102.09
112.29
97.46
86.77
99.02
95.36
94.73
110.82
97.63
92.66
121.35
97.91
81.48
81.11
127.09
96.57
87.99
79.54
119.38
82.86
85.5
81.67
93.56
107.17
109.55
85.66
104.09
114.92
78.75
125.22
86.68
83.07
87.38
86.86
115.49
104.11
103.01
104.85
94.73
93.81
94.32
107.89
102.23
118.68
106.45
111.83
101.57
91.46
95.6
124.56
113.11
98.58
102.81
82.27
103.3
95.97
116.1
95.61
105.28
81.15
100.97
108.32
77.35
105.93
82.6
100.27
102.48
99.43
108.34
90.18
81.79
81.49
78.62
119.25
123.01
90.73
100.26
109.11
86.03
84.92
115.93
88.7
91.17
94.05
90.71
89.02
91.79
87.5
84.39
82.49
93.55
104.57
108.66
124.16
112.01
100.37
99.43
117.81
117.98
84.99
95.32
125.58
103.1
103.2
106.7
131.04
95.83
115.68
96.55
99.63
103.34
116.52
90.38
81.12
79.31
100.71
135.07
126.65
87.21
106.84
85.24
119.25
104.41
107.09
105.33
105.78
97.41
76.97
83.14
95.8
110.84
71.86
85.66
142.18
108.02
100.34
135.31
109.8
77.97
92.88
106.94
103.67
101.99
100.63
93.58
120.55
115.29
89.63
106.42
98.52
89.67
86.57
89.92
99.66
92.38
93.2
104.5
95.7
85.7
96.04
100.29
139.01
93.36
96.52
81.48
114.09
121.77
90.02
80.36
100.14
75.81
96.05
104.94
127.57
87.98
85.19
103.55
91.95
81.9
87.11
92.82
94.97
87.32
117.49
84.49
100.11
89.85
113.29
74.75
111.9
85.97
87.24
85.13
86.77
95.25
135.91
114.77
112.83
96.66
79.15
60.22
97.06
74.61
111.39
134.9
106.2
95.23
71.8
73.31
95.46
100.36
104.49
110.85
80.57
89.35
92.73
87.51
112.5
90.01
86.41
101.27
122.51
112.07
96.84
111.51
106.13
92.96
77.51
101.71
90.45
98.1
98.38
93.84
92.38
113.95
122.46
95.07
76.43
66.57
89.14
83.6
85.73
93.71
96.8
101.5
115.09
112.46
83.57
83.44
87.16
117.95
97.25
104.87
109.19
107.07
105.64
95.16
98.72
104.95
127.54
121.48
118.16
91.77
102.05
75.89
96.17
105.26
101.24
94.52
106.22
119.16
82.9
79.57
112.32
115.08
76.97
137.58
88.73
84.08
132.59
97.63
79.77
80.97
94.73
86.75
94.13
109.77
102.29
96.37
69.52
107.24
113.11
89.85
96.25
104.35
102.25
119.24
82.81
99.85
102.33
100.08
81.54
97.84
106.57
112.47
97.79
89.14
90.65
118.82
106.75
74.18
124.19
110.89
107.2
98.67
94.06
85.31
106.12
99.03
77.07
88.82
108
106.01
107.68
85.53
92.34
87.25
89.5
89.64
118.27
109.16
79.8
87.22
84.32
78.47
107.87
83.26
103.31
107.25
103.42
94.77
95.77
89.16
79.43
91.44
85.36
84.99
96.54
92.84
75.04
142.22
90.08
107.04
80.41
66.7
88.8
85.95
107.36
97.44
87
109.2
125.76
109.86
96.39
93.21
104.72
89.97
114.52
84.4
76.57
84.33
109.95
91.46
119.58
110.64
91.62
106.21
106.87
79.82
117.23
94.32
96.68
99.27
76.97
96.03
122.12
83.52
99.73
92.63
99.16
81.43
98.05
95.54
95.17
84.86
84.25
115.9
100.04
113.56
95.7
126.26
114.13
94.47
104.63
106.24
76.68
91.78
108.65
91.3
100.12
82.82
126.53
114.81
103.43
102.2
101.5
97.1
89.82
98.56
96.85
63.95
101.21
87.41
84.21
84.7
109.09
98.49
95.57
89.82
100.44
96.32
118.81
96.19
132.31
103.05
98.3
90.45
93.09
88.43
90.43
126.52
98.08
98.55
92.48
127.09
92.03
82.24
89.2
88.5
103.41
87.85
110.28
94.31
85.6
107.03
96.51
98.94
94.01
87.94
70.08
88.14
99.58
110.79
103.41
89.94
106.38
71.2
101.97
135.05
117.77
93.85
115.38
99.53
89.83
102.18
95.25
85.38
98.5
88.35
101.69
81.93
95.9
93.02
111.56
88.93
99.63
117.35
82.17
103.91
91.11
69.99
72.11
103.58
107.53
118.18
106.29
105.82
80.54
85.74
119.83
75.82
91.38
104.66
94.75
78.87
101.68
104.15
86.68
102.31
113.8
88.91
107.91
101.6
92.72
105.2
101.46
105.13
107.48
97.12
93.59
103.88
104.83
110.39
69.55
92.65
94.49
118.28
86.93
113.87
106.25
94.39
85.47
111.71
103.15
76.97
91.85
87.32
103.2
105.69
81.8
87.17
79.87
100.7
94.76
79.82
102.88
80.94
84.95
110.08
114.32
89.12
93.22
69.4
103.79
106.58
110.61
104.3
94.12
79.67
76.03
112.32
136.81
94.6
69.79
103.14
102.44
142.13
106.77
99
90.88
99.01
101.14
87.51
126.25
113.46
92.39
107.75
97.06
114.28
97.43
104.37
115.92
115.74
114.87
103.34
77.03
95.83
106.29
90.86
83.68
83.43
82.36
98.11
84.46
83.51
82.63
101.25
109.31
106.66
85.26
84.42
74.8
97.17
112.53
71.97
97.17
95.25
100.55
96.19
108.41
97.07
116.99
64.82
93.86
92
117.03
87.81
120.58
97.99
71.11
85.58
109.18
72.07
125.54
120.6
115.19
96.94
118.37
101.58
84.31
107.75
88.15
84.36
100.58
99.94
93.98
75.96
101.07
103.22
95.45
99.13
96.59
95.35
94.3
95.81
82.68
92.53
104.73
109.83
95.06
100.31
122.05
126.1
131.28
89.66
121.45
102.06
85.1
107.44
107.91
96.75
132.63
99.85
78.01
83.76
77.81
126.57
90
89.98
87.81
85.07
96.4
93.15
119.08
87.18
102.39
128.3
91.19
119.31
107.39
91.09
97.78
105.45
87.68
103.46
96.6
77.13
96.61
107.08
98.76
86.62
103.35
109.57
83.19
100.17
82.72
90.2
90.92
95.53
92.24
104.85
97.49
108.07
72.64
81.23
114.87
90.13
119.94
110.88
103.76
84.85
88.2
83.52
123.28
99.59
131.78
118.51
90.63
88.86
109.4
98.41
81.72
93.36
96.23
103.7
118.02
119.54
115.72
82.94
92.75
79.61
122.4
93.99
86.28
130.13
76.96
92.23
107.87
111.56
99.54
90.18
127.83
82.87
91.87
84.65
92.69
83.86
87.75
88.98
86.62
117.32
103.13
77.87
120.53
78.39
126.5
103.13
107.07
109.22
86.92
101.17
102.58
86.87
91.14
96.5
103.09
87.17
123.02
103.94
101.07
100.48
73.41
109.57
80.3
79.94
101.17
114.88
89.86
91
77.41
107.76
82.37
67.28
83.19
134.71
81.18
99.45
103.28
75.67
90.88
88.16
90.88
99.7
81.06
75.03
103.34
100.43
90.86
112.67
80.96
130.04
92.95
94.59
75.77
83.16
83.02
89.57
93.22
73.53
96.02
111.8
106.09
96.92
96.01
89.61
112.55
127.43
106.04
97.12
82.93
106.29
117.94
85.38
100.58
99.16
81.71
81.76
86.9
80.51
104.99
97.87
71.8
98.49
130.17
102.96
111.03
82.8
98.65
103.88
117.55
86.79
87.78
76.66
89.05
130.56
115.8
93.18
81.96
111.95
88.81
72.24
95.1
81.84
88.6
121.84
106.56
94.08
90.38
91.21
93.67
110
89.74
90.6
92.76
129.71
103.09
110.51
102.48
106.83
97.37
99.87
95.09
124.33
79.31
87.57
101.76
83.59
89.38
86.26
101.9
99.75
83.74
87.66
76.77
119.12
96.19
100.84
115.18
86.2
98.96
118.38
99.62
76.76
112.16
90.18
91.82
76.79
81.88
92.3
97.76
86.74
113.12
99.22
122.7
76.38
91.89
81.93
110.95
95.51
112.29
111.5
100.52
99.34
94.74
94.77
111.57
76.46
76.38
91.88
115.92
89.84
103.36
118.21
73.47
89.15
106.62
110.29
113.53
104
94.58
91.7
101.62
88.55
105.77
84.76
110.91
103.34
84.24
100.96
120.82
112.8
91.91
93.98
89.01
104.22
111.6
85.45
103.73
89.39
75.66
86.07
88.77
110.73
95.86
105.75
78.31
111.5
88.77
114.72
107.93
100.04
117.81
108.5
96.33
90.73
89.99
80.72
111.12
70.43
94.35
92.98
93.26
97.35
102.52
92.12
126.32
135.75
117.9
106.6
107.52
127.66
80.02
114.79
99.68
88.5
81.8
86.64
113.55
81.67
92.6
94.78
113.97
96.93
87.7
93.35
120.97
88.92
108.45
89.68
89.22
87.06
107.42
96.7
86.36
118.06
98.25
101.34
126.03
88.11
129.79
130.62
155.44
86.36
98.33
94.74
108.04
75.4
92.36
99.07
99.86
104.02
78.13
87.94
102.28
87.14
103.5
92.97
87.83
96.78
115.11
81.19
106.06
91.52
101.05
106.86
86.66
101.65
115.87
118.13
79.31
95.88
82.53
104.86
93.67
100.15
101.29
92.81
86.4
99.13
108.43
81.65
101.02
94.17
121.3
97.82
93.32
119.81
91.42
101.19
112.09
105.16
83.15
113
98.07
113.4
95.87
113.94
111.63
128.54
105.57
93.58
83.64
76.19
115.65
101.95
81.5
103.51
128.11
90.79
91.85
76.02
103.49
141.21
77.71
109.68
111.55
88.89
105.33
109.94
89.33
89.87
93.88
74.01
89.6
101.36
78.18
113.31
84.4
114.27
85.44
141.53
104.72
98.93
83.83
121.13
90.08
90.24
86.28
109.06
96.29
106.81
117.69
94.34
118.2
100.63
85.73
105.26
103.56
106.16
92.61
105.06
102.72
143.76
102.6
64.67
101.64
102.89
106.97
101.2
100.95
94.22
88.21
99.34
97.69
93.02
96.21
89.21
99.87
107.18
83.79
88.46
126.45
105.3
92.5
86.87
104.3
112.03
98.48
90.2
76.97
85.37
104.1
76.86
99.04
90.66
143.35
111.14
97.9
115.41
117.82
107.43
101.67
89.65
116.89
70.13
82.19
98.48
96.02
92.16
91.6
131.48
106.91
83.58
101.18
104.31
77.52
86.97
112.84
86.33
85.32
91.11
93.98
93.23
112.54
100.32
86.99
106.23
82.79
117.69
87.08
107.59
95.72
98.09
125.75
124.19
108.6
80.36
118.46
100.22
90.08
145.51
101.52
83.51
94.29
105.35
100.22
110.49
108.85
97.98
100.9
104.72
107.87
100.76
109.06
88.56
128.11
118.74
91.01
113.2
82.09
79.93
110.52
94.24
94.78
60.38
119.49
96.65
97.45
66.82
106.66
97.72
93.46
94.15
110.06
105.43
107.15
91.06
81.37
110.07
76.66
96.3
104.19
96.12
100.03
105.74
99.05
124.9
105.15
92.41
121.92
64.12
102.9
105.97
115.76
121.6
90.45
99.42
109.49
104.97
85.08
85.85
106.5
99.44
93.14
107.1
111.3
95.85
92.18
77.17
78.19
87.09
94.62
103.93
116.57
100.11
114.94
101.65
103.33
76.89
104.22
99.47
80.7
91.02
104.71
108.5
120.97
117.97
88.08
113.89
79.96
91.84
89.48
85.9
97.37
103.62
102.02
94.89
128.49
95.06
93.07
88.52
100.83
89.22
76.85
99.43
118.11
93.97
75.17
88.73
109.89
89.08
99.87
105.97
87.96
100.84
97.59
121.38
127.27
110.84
104.97
104.88
113.3
109.19
119.35
106.35
102.54
92.35
112.29
102.36
98.27
100.19
95.64
96.07
86.62
104.34
84.47
89.85
113.72
107.86
109.08
100.91
84.52
95.06
112.15
79.05
91.78
100.23
88.18
99.08
96.02
84.86
88.02
101.58
107.46
99.46
78.75
111.54
103.5
101.69
135.47
96.35
86.28
98.21
107.64
90.35
80.71
115.84
112.26
91.85
103.64
106.74
85.09
93.45
83.14
131.65
92.24
95.2
91.28
100.43
116.37
115.31
116.63
85.71
123.85
81.35
98.35
116.17
80.17
87.49
128.79
104.05
115.33
110.09
90.02
105.42
92.63
108.21
114.38
114.46
126.48
107.56
86.32
102.58
105.89
75.82
112.6
115.55
82.6
121.2
110.27
84.06
106.11
100.08
107.13
106.9
98.29
79.96
97.07
126.38
106.13
106.58
76.81
88.38
90.39
100.72
107.96
83.7
100.02
117.8
109.82
121.42
148.63
121.57
116.17
92.08
83.89
84.58
84.36
94.09
70.28
101.12
80.67
81.18
113.24
92.16
82.58
67.78
102.77
100.4
104.94
101.38
83.87
109.42
85.97
99.17
109.95
69.35
84.57
71.77
82.99
117.11
99.91
88.92
94.58
95.69
91.23
105.76
104.05
104.83
112.63
80.63
103.74
103.34
128.12
119.04
73.38
94.78
78.69
88.14
84.65
90.89
88.5
119.83
85.1
118.84
113.01
83.2
100.13
80.79
103.52
111.6
120.16
106.87
115.62
105.47
99.41
99.49
99.4
83.95
78.55
122.22
100.91
135.31
91.82
110.82
109.07
97.47
97.71
81.59
129.25
113.8
116.22
95.95
69.58
73.95
93.78
112.58
84.16
93.36
113.86
78.63
94.62
120.62
104.65
127.36
88.84
87.12
86.35
108.44
136.95
98.82
90.44
101.35
97.76
101.19
92.01
92.57
112.43
106.51
101.97
86.66
111.89
131.8
91.49
110.57
114.11
90.99
95.51
100.05
102.48
126.72
89.8
84.48
89.92
102.04
112.31
110.96
100.13
93.65
99.65
94.37
98.07
82.14
136.12
96.25
75.06
112.94
100.04
104.77
123.15
103.29
111.08
125.38
104.82
84.67
92.33
94.02
109.84
88.13
101.89
87.21
98.55
87.5
81.62
99.35
102.69
91.41
106.67
124.58
121.44
82.48
109.8
118.22
102.88
97.97
99.69
80.22
91.75
114.65
93.88
81.16
93.88
106.76
95.36
95.32
100.81
114.58
107.18
116.55
89.82
106.46
93.89
92.58
79.52
76.87
92.38
98.31
78.58
102.31
78.86
101.64
81.48
120.45
82.95
97.28
85.05
99.77
133.36
93.7
127.59
109.96
73.5
112.54
117.84
85.54
83.52
93.29
119.47
102.77
91.7
101.61
90.49
93.37
93.05
89.57
110.95
104.35
98.28
122.51
77.42
72.61
87.48
119.39
67.85
103.15
106.36
87.69
93.11
92.08
106
80.15
65.44
91.3
101.56
78.77
89.39
85.74
137.34
104.86
109.49
90.74
80.72
71.1
119.51
107.95
90.61
124.62
94.36
102.35
86.14
94.94
114.13
93.77
79.28
114.91
76.09
89.06
98.51
105.89
90.78
98.41
110.94
86.47
108.19
87.9
95.14
77.65
84.28
85.54
84.11
98.91
110.64
74.34
101.63
100.38
82.64
87.18
100.14
91.98
112.34
129.63
111.56
128.45
108
92.93
97.32
90.78
114.78
91.96
115.99
106.48
98.35
114.84
99.96
101.32
90
81.5
90.98
108.7
113.88
91.85
105.17
106.55
93.73
95.57
81.28
83.86
77.89
81.29
98.23
93.33
92.17
64.7
97.56
85.5
114.69
87.92
75.65
117.21
81.48
90.8
118.89
127.24
86.26
107.35
92.03
91.1
83.33
120.14
72.35
113.86
90.67
97.06
98.66
83.82
94.29
97.73
96.67
90.21
105.79
104.26
121.59
100.37
102.74
104.06
101.83
85.9
101.04
89.97
83.73
120.31
99.9
94.46
87.39
127.16
104.05
103.99
105.79
115.46
117.92
124.81
106.46
89.2
97.65
114.8
123.14
77.02
91.72
94.23
102.68
112.65
80.93
111.65
77.99
77.74
93.98
94.46
99.16
100.07
109.92
105.06
78.78
100.22
125.73
86.92
98.88
94.83
98.58
88.41
84.54
110.28
85.51
67.5
101.97
102.47
66.22
97.84
79.47
90.85
107
111.02
77.42
101.54
110.04
87.03
107.65
112.22
90.09
72.91
106.36
98.51
84.53
92.07
94.48
97.18
94.94
101.76
106.67
150.84
90.03
107.59
117.49
74.33
90
91.54
95.88
93.95
116.7
97.22
94.86
88.67
93.32
99.54
87.98
101.89
94.29
90.56
89.58
113.78
108.87
120.31
108.63
129.83
85.12
117.6
109.2
115.74
114.87
101.48
89.34
111.26
86.95
82.25
95.95
80.48
77.04
112.12
93.25
102.4
97.36
99.74
102.26
90.41
88.54
93.65
110.48
108.58
111.7
96.14
99.1
95.48
86.55
74.76
81.1
91.03
107.43
89.14
94.78
96.02
111.87
110.47
112.79
98.11
85.63
95.16
100.1
100.12
82.79
104.32
97.03
111.26
106.99
115.21
111.5
82.15
104.32
126.51
98.75
103.08
96.72
98.6
107.2
117.75
103.64
101.99
97.12
92.27
101.7
90.94
106.09
113.24
103.99
105.43
86.19
101.31
79.15
106.28
111.43
108.13
85.63
74.07
96.87
79.36
99.71
103.79
87.32
95.75
87.88
103.14
86.81
101.1
106.26
94.76
89.05
82.72
94.29
104.81
88.51
111.44
99.56
91.72
94.41
84.94
106.92
136.28
63.89
101.18
124.86
100.75
107.45
94.74
88.08
97.14
90.56
96.78
99.72
73.67
107.8
104.09
114.75
100.15
103.91
135.6
95.05
91.19
107.49
85.61
105.99
92.7
86
87.68
99.2
86.78
88.79
82.45
109.14
103.6
100.33
117.8
122.2
98.41
104.59
112.61
103.82
117.3
71.64
91.34
81.04
92.83
101.42
94.95
72.27
104.24
79.95
103.75
122.21
103.33
89.73
92.16
88.71
102.99
83.28
103.79
90.69
94.82
86.99
119.48
130.77
104.44
95.3
114.38
90.41
99.98
85.41
108.24
95.88
85.31
99.58
99.81
97.47
115.02
96.96
116.55
79.31
133.32
88.37
91.3
104.76
124.78
78.26
79.26
104.54
97.99
103.25
83.57
75.75
111.77
87.02
83.06
113.78
83.38
93.48
109.28
84.52
91.23
75.55
102.02
87.45
103.73
98.82
91.37
84.19
88.47
88.2
97.39
114.76
135.48
87.28
92.5
117.14
111.15
91.14
92.77
94.39
122.55
112.14
102.56
83
92.1
88.27
90.45
115.05
117.41
94.16
102.83
80.46
89.35
139.19
100.08
98.01
99.4
87.77
119.1
117.93
105.61
120.54
103.65
80.53
91.91
95.67
95
98.4
108.91
121.72
93.25
95.65
103.13
85.81
88.92
102.17
77.78
103.28
78.77
92.21
113.88
101.26
103.81
90.16
81.2
93.68
98.25
89.17
103.42
105.24
96.46
81.9
102.63
98.51
115.48
110.87
104.53
120.13
82.61
103.35
100.84
127.13
97.44
91.03
123.02
132.76
77.13
108.68
96.01
91.63
118.64
111.13
108.46
90.2
88.58
91.52
152.27
101.65
99.8
128.91
90.08
96
105.26
101.28
126.15
92.54
99.63
105.39
74.01
88.11
97.9
107.51
116.6
107.35
89.64
106.68
82.14
108.97
120.95
90.5
96.33
97.96
93.66
101.86
88.74
78.01
98.88
109.97
112.92
96.31
101.86
129.14
95.65
104.44
100.18
111.47
82.12
94.59
99.42
142.29
72.52
118.29
101.14
103.03
121.11
103.39
95
114.73
108.84
96.4
114.86
113.06
97.09
93.47
119.89
83.72
111.68
95.53
96.45
80.31
89.44
115.91
100.05
82.81
106.28
99.84
84.43
103.1
70.86
87.32
98.85
127.51
102.76
102.61
112.68
74.06
88.9
94.11
109.2
94.96
93.5
98.23
101.84
93.77
130.1
86.77
111.11
115.81
115.21
80.09
119.58
117.4
87.63
99.76
101.55
149.9
88.63
98.03
99.65
129.44
95.98
104.68
108.43
87.66
93.55
83.15
126.24
91.2
98.05
82.19
107.21
76.41
102.55
116.21
83.45
93.19
125.47
79.06
121.5
100.96
89.09
102.85
106.59
107.64
98.54
116.18
109.4
94.6
107.68
107.83
94.49
89.28
99.48
131.38
85.42
101.37
85.89
95.24
95.98
91.2
93.29
108.36
107.45
86.91
87.39
102.18
98.66
110.6
98.61
107.87
85.71
110.01
114.98
100.14
109.42
78.71
106.36
90.7
102.14
92.28
118.13
103.76
110.33
81.18
67.81
101.99
115.84
100.16
102.33
93.56
105.4
127.96
94.53
98.06
103.78
118.86
94.43
97.76
124.9
105.94
101.73
95.8
94.08
62.41
92.66
103.15
90.01
75.74
101.34
94.78
80.89
105.46
92.33
77.15
77.85
98.63
104.86
88.67
120.61
99.49
93.46
110.28
86.38
115.53
88.74
110.22
96.1
92.28
79.54
134.85
104.59
134.27
66.69
109.17
102.05
102.06
112.92
83.08
108.78
81.69
84.28
90.53
127.82
105.88
91.02
73.45
131.44
100.6
91.8
102.81
94.5
104.61
89.19
118.26
80.42
90.68
106.28
70.62
86.58
90.62
106.38
90.91
93.24
82.59
92.33
95.16
113.08
116.14
103.42
115.79
89.63
80.95
103.43
96.11
120.49
82.38
106.96
102.91
119.01
88.49
109.47
103.27
104.08
104.68
92.42
101.99
88.19
93.25
80.63
98.34
91.93
105.51
121.95
96.72
92.02
85.44
126.86
106.81
95.97
96.24
86.25
86.09
99.29
96.67
108.12
109.58
73.14
80.36
81.14
107.12
98.59
83.86
105.63
99.83
88.61
79.86
99.57
88.05
87.45
85.78
95.53
111.59
85.3
88.91
115.75
102.37
83.01
117.58
86.23
72.8
87.97
119.21
91.63
90.6
96.46
87.37
97.46
96.25
104.38
137.08
75.86
96.77
99.7
90.62
91.55
93.59
93.49
82.27
71.12
106.56
116.93
114.24
111.26
105.72
94.03
109.05
94.13
90.24
105.02
89.74
106.52
88.19
109.39
92.35
108.68
108.17
114.74
118.63
89.68
105.81
107.25
120.21
97.31
113.95
101.69
96
94.02
95.78
117.89
89.81
99.52
103.38
78.98
106.37
101.12
86.3
87.42
119.12
104.63
95.49
134.53
78.81
81.97
85.15
87.13
105.81
107.1
99.84
103.72
77.05
93.43
87.02
139.14
83.48
100.79
89.19
91.79
125.46
127.25
107.58
89.89
96.68
93.22
83.54
108.52
102.58
103.84
79.1
85.41
72.56
96.31
91.45
107.05
117.45
99.41
86.52
98.62
83.45
77.45
105.06
91.55
91.64
79.84
117.76
115.98
93.54
100.66
105.96
92.96
106.81
102.68
88.74
97.92
106.12
100.8
106
85.05
94
99.33
94.7
87.01
97.85
99.72
81.53
98.37
111.68
71.88
90.96
106.81
92.83
123.22
102.29
99.22
119.03
90.69
87.31
104.25
124.06
118
68.79
75.46
100.54
111.88
120.3
88.51
88.71
83.15
110.89
103.49
92.99
91.34
90.38
103.25
114.83
104.9
92.23
109.86
92.92
112.31
97.85
95.99
97.75
100.26
110.57
99.12
99.75
111.63
99.56
74.32
99.01
92.28
82.21
115.5
104.15
103.88
132.14
64.29
106.92
102.78
108.15
107.21
90.11
94.37
100.15
103.47
101.59
98.93
106.05
90.17
114.44
123.75
79.61
124.51
117.22
88.38
117.15
108
99.88
95.61
84.85
115.55
120.02
88.6
108.07
89.28
103.18
120.98
85.64
89.13
84.27
97.35
105.68
95.7
73.86
102.33
105.75
99.35
97.93
83.02
119.98
86.85
81.87
94.65
85.63
98.44
82.01
102.5
74.94
84.64
85.58
114.22
128.52
101.21
106.07
101.33
93.5
72.3
91.1
101.34
112.2
96.54
124.71
73.88
80.48
92.48
97.23
72.88
91.86
81.37
100.64
93.89
89.05
118.46
92.13
87.28
93.36
99.8
102.73
92.65
95.11
89.39
90.55
117.55
94.93
94
105.69
78.13
112.87
85.41
99.88
104.57
98.95
101.32
97.16
96
120.07
104.69
104.16
89.86
108.64
119.96
109.87
107.78
79.95
88.84
139.58
105.28
91.02
75.57
85.09
103.49
104.54
89.56
82.88
102.95
122.75
102.45
102.72
85.61
71.52
110.85
73.36
93.95
69.58
119.1
97.37
92.28
85.95
99.23
74.6
93.41
119.19
81.18
85.02
113.11
113.03
95.85
93.11
89.83
115.69
93.59
93.35
94.47
114.45
80.59
76.15
93.39
102.18
106.52
81.09
114.74
118.57
104.77
93.03
118.92
95.65
92.44
105.22
111.01
104.12
86.52
88.87
77.52
97.76
74.96
95.02
105.93
87.67
95.21
79.49
100.25
97.77
89.98
106.88
79.4
87.99
88.7
133.12
104.12
113.71
104.98
100.56
92.01
100.67
110.33
79.44
108.13
87.87
89.93
97.26
85.54
85.77
93.59
101.98
97.41
81.83
91.09
87.26
96.27
96.43
84.25
97.39
89.3
96.71
100.31
79.19
93.25
88.93
87.05
93.03
115.09
100.31
97.42
95.21
112.66
77.94
78.01
101.06
105.81
85.82
81.55
88.02
131.35
107.22
100.91
118.46
88.21
94.5
87.83
99.78
104.54
102.1
124.53
101.78
108.88
96.91
86.36
123.3
108.36
93.7
90.35
131.74
94.92
92.91
85.28
91.83
95.65
119.79
116.73
96.97
82.13
113.83
101.55
92.72
109.84
118.55
94.82
84.14
83.28
123.03
92.02
109.54
87.63
100.5
86.43
124.34
97.91
112.02
82.9
118.72
104.77
105.66
91.71
84.77
93.09
108.82
139.87
98.3
85.9
109.98
106.21
98.76
126.3
91.01
81.64
110.85
135.93
79.35
95.15
113.54
101.72
103.72
105.33
133.96
97.78
98.54
78.78
81.98
119.33
93.86
100.34
108.93
103.6
76.04
80.43
105.94
86.2
124.71
87.76
103.09
97.25
97.95
72.43
107.86
103.89
117.7
99.17
82.04
109.78
79.78
91.01
96.03
135.5
87.04
120.75
88.95
91.12
93.44
98.18
95.61
111.34
119.12
78.17
104.08
85.49
93.06
102.2
115.84
117.17
99.44
100.35
104.47
75.09
111.44
91.54
110.04
110.13
102.81
112.89
110.38
93.46
84.89
95.09
112.05
109.98
88.39
88.76
96.43
97.43
82.41
117.64
122.22
64
118.95
106.37
78.01
100.44
72.16
81.16
107.48
82.33
118.61
90.5
102.97
114.98
87.92
96.97
89
134.07
86.9
94.54
108.97
90.33
109.07
101.98
92.58
86.75
111.9
93.3
88.87
89.65
98.98
123.46
79.92
74.42
75.1
113.79
82.82
74.98
109.92
98.23
78.06
109.61
91.2
117.6
107.57
90.8
86.79
90.18
100.08
94.43
95.87
103.36
93.56
93.12
124.3
99.91
99.89
119.55
94.18
116.75
79.05
92.17
99.59
95.7
98.37
88.08
102.99
98.54
101.97
113.85
60.04
121.43
107.25
124.08
89.71
88.9
105.2
115.28
80.99
104.41
106.5
89.54
80.63
112.85
113.13
87.6
99.54
90.13
89.28
100.87
115.13
96.33
92.43
92.24
80.46
103.68
87.87
100.63
103.1
116.8
118.68
101.12
95.86
108.73
108.15
86.9
100.5
83.01
112.17
95.02
90.36
111.66
97.9
93.53
93.65
95.95
80.57
87.78
108.04
87.47
77.77
122.52
117.95
90.66
109.47
81.75
94.69
98.41
110.59
124.06
90.4
96.03
96.81
93.29
103.57
75.65
85.6
86.9
92.64
123.83
84.35
87.9
100.81
110.93
93.53
109.08
96.89
89.32
110.91
78.53
97.39
75.38
94.31
101.63
106.7
93.02
93.89
103.48
82.36
132.17
101.6
96.28
85.97
84.64
88.76
120.56
132.03
83.87
66.11
101.06
100.1
108.36
111.65
79.6
109.3
115.98
102.98
87.98
120.04
86.18
108.11
98.36
107.57
89.41
118.52
90.83
118.59
75.25
84.69
104.15
70.9
93.82
77.06
97.57
100.63
124.16
108.74
100.15
112.2
103.89
104.17
111.26
129.4
93.33
110.37
73.69
90.03
76.68
99.59
121.36
108.45
68.36
102.44
114.71
89.27
95.22
97.84
82.42
81.46
100.81
89.67
86.09
92.19
105.54
100.31
97.1
90.26
94.76
99.43
130.95
90.71
83.51
110.72
88.85
108.58
107.14
83.83
92.94
121.1
101.38
89.75
98.39
95.58
127.99
89.72
107.92
96.41
96.24
73.8
109.08
92.82
111.76
95.55
122.44
77.3
105.37
111.2
118.87
122.47
98.69
106.53
82.52
99.86
77.42
131.24
93.09
87.69
94.82
107.26
108.38
68.92
87.68
86.47
111.2
89.71
112.65
81.13
90.82
99.05
111.54
94.16
112.4
86.99
95.05
94.35
80.28
97.3
105.18
87.42
86.04
117.64
92.75
78.72
100.89
63.59
88.46
93.05
95.08
89.25
92.32
95.06
110.51
102.79
96.31
89.72
138.58
97.73
85.81
79.41
113.79
90.43
92.76
102.71
103.25
113.84
95.68
104.74
88.52
84.44
110.55
87.76
113.2
116.91
92.83
109.13
99.75
109.21
93.86
93.19
106.31
116.81
99.56
99
111.12
102.16
78.88
91.19
91.05
97.2
82.15
108.16
96.65
93.04
127.14
92.22
124.15
86.5
77.6
115.84
79.39
99.17
110.9
90.28
88.08
106.8
72.97
83.17
86.59
99.29
104.14
95.85
95.16
117.95
109.43
102.11
90.51
77
80.67
115.93
87.25
85.27
72.26
96.66
91.62
109.22
105
97.02
97.71
116.49
78.79
81.2
84.27
94.67
100.26
115.56
98.38
91.8
98.07
87.01
111.18
104.63
103.58
103.46
101.99
82.27
101.77
103.44
93.36
109.91
102.4
113.01
105.84
111.06
114.38
93.13
92.56
100.69
123.6
116.31
117.26
88.63
143.09
103
93.42
94.31
79.44
96.31
96.63
92.78
82.01
107.18
107.08
103.79
102.26
108.8
94.5
87.72
94.56
108.13
114.46
102.74
96.86
87.2
87.16
124.03
101.28
116.1
93.09
100.36
71.04
99.53
102.45
93.78
98.99
105.93
113.2
127.55
125.18
84.28
96.06
109.36
84.61
143.65
99.13
104.56
100.32
88.4
114.02
109.88
113.25
108.62
101.78
101.05
99.84
98.97
88.74
103.61
99.34
84.18
98.85
114.61
117.67
103.93
106.17
89.76
90.08
90.29
96.75
85.11
77.24
90.96
82.04
77.38
99.18
104.84
98.22
91.62
82.58
94.39
90.65
113.91
123.07
88.52
94.36
112.14
113.67
91.59
100.58
91.52
88.91
113.42
109.91
99.05
101.61
91.81
115.08
104.66
91.98
123.43
91.25
94.1
99.76
87.77
79.63
89.86
98.93
86.77
103.41
133.98
77.13
84.4
112.25
99.9
125.68
88.91
100.71
107.8
98.12
98.26
91.74
92.94
91.32
89.45
118.54
83.03
122.82
66.29
88.73
102.64
83.85
98.53
102.25
116.75
92.04
90.48
108.25
105.87
96.24
120.24
82.86
98.39
122.78
96.83
129.89
92.53
82.74
92.04
120.35
71.42
114.44
108.73
80.95
88.14
94.97
87.37
118.28
98.46
96.19
97.32
103.56
90.18
100.85
104.13
97.79
75.16
121.85
114
91.88
87.04
99.85
94.98
115.76
98.26
108.65
95.58
110.87
101.94
96.1
113.18
96.67
97.96
92.99
112.76
137.07
90.16
103.39
123.96
98.66
111.74
103.8
95.4
96.57
95.12
110.37
91.1
105.85
104.72
109.43
94.54
83.85
107.73
97
94.58
80.77
91.45
99.17
79.32
116.01
72.66
75.59
97.84
117.35
99.34
94.22
82.61
77.94
126.79
100.17
93.27
79.75
84.26
103.29
86.22
64.28
120.4
99.79
99.72
110.83
79.24
103.87
114.06
118.17
94.17
96.1
90.7
81.71
91.61
106.38
99.02
100.56
101.62
109.33
90.85
92.08
97.49
92.9
87.78
115.75
163.59
99.89
92.25
103.74
82.96
84.23
94.27
76.33
92.87
99.6
87.01
94.74
84.15
92.23
104.87
104.54
88.15
94.36
121.1
104.78
81.9
72.63
86.14
106.93
109.85
97.62
95.78
108.95
114.65
84.33
99.7
111.78
112.6
94.85
108.71
79.05
95.84
104.96
87.93
65.6
109.91
94.37
87.53
98.04
89.17
98.84
97.82
87.26
75.66
102.36
90.55
80.02
123.12
98.75
131.05
104.14
109.13
106.78
101.68
97.85
102.17
89.71
76.68
77.78
99.73
106.67
92.12
125.3
88.07
105.88
83.54
85.08
80.16
116.68
116.53
111.51
114.18
120.16
94.28
92.48
105.04
92.86
81.07
80.7
100.98
95.56
107.32
102.58
85.59
120.83
92.08
77.87
106.62
83.5
105.96
92.4
106.29
93.44
123.33
91.59
89.07
94.88
97.91
103.74
107.35
97.22
109.47
102.34
127.19
87.55
86.88
85.39
92.6
77.03
94.29
118.21
102.52
108.02
76.69
85.54
77.49
106.14
97.72
83.2
95.63
90.41
65.16
84.54
131.45
95.3
106.73
106.51
87.15
100.11
110.41
92.31
92.72
107.09
81.04
82.48
106.2
86.13
86.01
93.55
100.68
90.53
103.58
111.36
121.36
142.13
108.2
78.76
93.93
105.34
106.09
83.04
75.48
85.21
107.46
111.33
73.35
88.66
101.11
86.43
111.43
108.66
112.86
84.62
103.41
121.65
69.1
105.94
83.94
92.05
99.33
119.14
108.09
65.89
89
105.13
98.74
81.17
116.85
112.19
77.7
104.3
82.41
82.31
82.19
84.68
74.37
93.1
101.44
99.42
105.87
91.51
81.34
95.7
101.29
89.14
107.45
126.3
97.49
95.18
111.33
109.29
107.03
100.68
90.69
117.26
87.65
75.34
90.42
139.14
112.85
95.68
105.72
108.79
76.35
95.56
98.45
110.64
106.02
115.51
114.86
102.67
89.12
107.89
104.39
120.06
85.66
103.6
93.25
112.93
96.63
91.49
84.48
97.7
112.12
90.27
79.63
110.46
94.84
104.18
97.27
128.78
77.58
78.2
85.83
103.38
116.43
74.19
108.91
108.97
109.87
89.42
104.33
111.45
99.81
86.44
120.81
111.31
114.56
113.35
99.1
92.58
125.46
107.66
91.22
102.51
137.5
96.34
104.18
102.71
101.43
94.78
67.98
104.78
95.34
157.53
118.04
102.42
78.66
114.88
94.2
102.38
90.33
87.51
93.66
119.07
113.34
78.18
86.03
110.12
111.79
87.39
131.07
94.3
95.59
96.94
117.03
96
88.02
120.61
126.51
113.84
98.66
74.14
98.77
117.41
77.29
80.75
93.68
78.62
115.92
89.28
80.61
100.41
86.37
92.91
116.37
97.25
85.44
104.56
102.27
84.34
79.99
86.41
77.62
100.95
100.2
110.28
81.1
114.36
108.31
108.6
104.95
101.23
103.83
97.28
95.78
76.1
81.18
96.21
87.79
94.06
78.05
111.34
94.16
115.85
88.4
78.58
88.93
101.35
83.37
120.27
103.33
85.36
100.38
90.36
80.7
90.7
102.69
101.72
137.15
72.61
88.01
89.76
85.49
116.63
83
96.7
113.37
101.98
107.3
81.03
100.11
72.27
97.72
76.99
93.11
92.7
84.38
83.84
104.24
107.33
85.68
73.3
88.56
95.98
110.54
118.03
100.57
116.08
94.19
91.57
92.5
63.44
87.81
90.27
84.17
105.76
92.64
110.34
109.49
98.88
94.91
87.04
126.95
95.32
97.35
93.25
90.39
90.5
80
96.69
97.59
92.95
138.63
90.06
124.48
115.07
94.42
120.45
101.21
108.94
90.15
119.12
86.92
74.76
111.31
91.27
97.44
98.63
98.19
113.44
103.09
107.59
113.03
116.81
101.97
96.15
136.7
104.14
121.03
82.18
125.31
109.82
96.96
115.86
86.43
87.96
119.31
93.07
76.83
84.09
119.23
74.49
96.74
133.27
74.19
102.38
82.41
95.54
106.78
115.88
78.04
80.21
109.97
90.79
84.48
91.94
113.12
100.25
100.2
94.56
100.32
91.91
105.2
94.07
116.41
101.2
98.59
95.91
87.95
110.98
116.63
92.67
119.78
94.18
102.84
81.3
81.74
85.43
103.75
99
95.29
86.13
119.58
115.59
118.56
128.15
100.74
91.37
103.91
86.07
107.28
110.34
84.91
101.46
103.37
81.74
82.39
130.54
73.69
98.98
88.45
100.23
89.64
82.6
76.26
100.97
105.79
73.46
105.44
103.47
104.27
100.08
92.72
77.33
120.79
92.27
90.59
97.76
106.92
74.65
107.58
120.25
61.6
90.9
93.61
89.28
90.21
122.18
92.18
134.14
110.94
107.66
114.35
84.37
111.64
91.72
88.33
133.38
93.71
102.86
91.59
100.86
67.87
110.51
93.33
67.73
92.89
128.66
118.15
106.66
89.62
95.84
131.42
107.29
110.8
114.08
86.29
123.4
74.11
94.61
90.84
94.02
108.9
75.98
125.64
92.24
98.79
95.54
101.37
105.57
131.23
100.58
90.01
102.01
87.72
109.41
100.67
81.21
109.81
105.75
105.38
94.82
82.58
93.99
113.35
104.73
89.93
84.57
119.12
116.04
98.41
93.11
86.55
88.83
113.82
103.33
87.32
78.22
110.91
106.03
97.67
87.4
99.99
108.19
113.91
98.97
124.21
103.04
132.09
93.17
95.54
91.98
92.99
96.98
86.1
109.72
125.37
102.54
81.64
110.11
98.48
82.74
98.55
121.01
88.02
112.43
91.16
92.51
81.31
82.61
106.09
105.97
100.67
88.12
117.53
109.58
110.44
93.6
84.48
84.76
100.49
126.51
113.24
95.13
95.57
110.68
103.72
105.3
106.41
106.11
125.4
122.8
87.14
76.82
94.7
101.91
97.01
94.27
81.33
75.03
70.73
110.96
126.26
119.37
86.03
77.19
92.29
103.47
87.05
103.78
89.21
89.83
92.97
81.76
89.79
87.37
111.63
103.91
103.66
88.23
112.32
79.69
123.56
116
108.06
80.68
86.21
122.9
99.93
84.27
92.54
102.92
100.4
89.91
102.9
94.34
122.99
119.91
86.19
102.11
97.21
95.49
91.07
119.18
129.16
74.52
83.28
98
109.06
118.2
101.62
85
107.34
122.22
107.18
85.71
114.84
119.3
86.67
109.55
116.19
71.03
78.53
114.24
68.46
115.63
104.37
91.37
87.37
95.75
106.32
95.53
130.71
83.89
108
94.19
83.16
100.36
112.5
90.88
108.11
102.89
61.55
88.97
88.63
92.19
101.54
101.7
96.69
122.57
115.05
95.22
103.52
77.46
100.42
102.83
118.6
128.71
120.19
111.32
75.37
87.57
105.09
88.92
101.54
112.34
101.76
81.19
94.46
105.68
104.38
133.98
105.7
85.83
89.51
72.71
103.29
112.72
67.55
100.29
98.85
101.09
75.24
98
95.18
83.49
79.42
115.87
89.52
106.1
88.19
81.39
99.43
81.62
109.78
81.48
84.51
102.33
68.66
110.3
115.26
95.56
85.73
91.93
76.76
108.17
92.32
116.37
101.63
77.92
89.92
100.15
101.57
108.45
91.58
118.15
112.42
94.45
89.29
102.42
121.99
75.93
97.11
99.64
69.07
99.55
94.12
111.43
92.07
100.85
80.36
79.12
113.62
103.32
84.96
105.12
89.91
100.26
95.06
109.46
115.84
94.27
71.54
87.63
97.06
85.87
96.73
95.62
67.06
93.21
88.78
73.54
70.62
94.77
126.5
91.1
115.36
71.4
88.74
110.76
110.1
100.2
100.44
94.2
122.63
104.36
117.13
65.52
130.7
56.98
97.62
105.59
111.67
93.19
106.94
117.44
113.69
99.86
108.81
83.47
97.72
111.39
110.05
91.02
107.48
106.62
89.45
87.94
105.18
93.3
99.79
77.68
97.74
103.13
121.58
95.41
87.99
118.03
81.82
132.22
81.54
108.92
77.47
84.31
112.29
102.84
97.58
93.01
118.03
98.91
63.38
99.35
93.75
103.03
102.75
127.37
82.3
97.26
92.06
101.82
96.45
85.77
94.03
93.87
119.36
88.3
110
81.44
93.95
86.96
96.47
94.75
82.88
79.74
92.65
100.7
77.28
109.61
103.01
69.48
110.71
87.23
91.24
111.89
87.01
84.95
76.31
88.89
79.54
72.93
106.61
116.02
93.58
108.54
99.55
99.94
108.96
82.32
89.46
121.63
76.7
100.23
89.74
100.53
105.57
117.38
84.55
88.49
85.68
94
82.69
97.17
80.89
91.79
93.42
112.54
87.94
93.04
123.52
95.63
79.77
75.86
75.82
105
125.22
75.53
107.99
119.08
107.11
103.13
91.81
103.03
107.94
95.93
85.52
109.47
125.35
100.33
119.79
77.35
98.8
89.46
108.94
93.3
92.27
129.48
90.26
99.21
87.37
139.99
96.89
102.28
109.63
96.36
106.78
82.11
91.98
129.7
102.99
120.05
145.02
83.27
104.11
82.21
84.57
107.48
86.01
109.34
114.27
94.62
94.74
95.52
89.02
124.27
113.8
94.5
114.45
91.63
105.55
111.91
87.15
81.76
121.42
68.28
102.51
90.5
99.59
63.17
119.68
120.54
105.94
92.77
112.37
102.47
93.52
86.54
95.47
89.68
114.77
98.93
82.07
88.9
88.1
85.03
95.06
87.82
71.03
83.92
102.51
103.52
101.97
107.13
108.02
97.02
106.96
96.92
95.68
107.08
84.07
88.32
86.64
93.32
100.07
89.8
98.39
88.18
72.65
98.38
101.06
87.74
105.33
124.07
100.9
84.85
123.58
102.2
86.92
72.46
96.26
107.73
110.22
80.46
85.05
102.35
106.71
141.38
93
101.61
97.73
112.11
97.82
85.22
88.15
100.65
133.51
84.08
90.58
86.02
121.32
92.88
101.74
106.39
92.32
71.94
104.69
103.53
74.64
69.62
85.87
91.71
101.85
100.85
82.94
108.51
77.5
93.98
126.09
100.04
97.28
99.04
95.49
109.79
117.11
99.03
93.54
80.78
111.85
108.96
131.62
75.76
98.11
113.62
90.94
88.54
118.23
90.54
113.49
109.35
113.64
96.51
108.76
109.93
118.53
95.12
94.8
127.31
72.95
91.42
96.59
93.03
111.09
73.55
85.69
82.82
94.18
103.05
122.9
88.15
100.48
84.24
99.16
113.07
104.97
114.55
75.34
108.61
87.74
109.5
109.74
84.99
107.51
139.67
86.18
95.97
100.73
85.84
90.85
104.27
69.27
111.42
84.12
89.37
94.31
93.62
117.79
110.02
91.97
103.73
98.99
113.67
98.45
124.01
98.82
117.07
99.12
90.99
81.67
106.82
81.5
92.02
86.19
103.18
107.61
107.34
106.27
108.49
66.99
92.18
111.79
95.17
113.88
103.14
105.5
96.16
68.57
99.36
90.47
100.96
85.59
106.62
107.62
105.76
89.93
97.35
101.69
89.86
84.02
103.68
109.96
106.95
87.34
106.65
88.43
110.81
100.04
94.64
95.07
95.77
113.85
105.92
88.64
92.11
113.01
71.94
98.3
94.91
101.11
118.94
92.48
96.62
107.23
79.53
105.63
98.63
87.05
93.79
106.89
66.08
86.24
92.5
98.1
88.97
90.17
81.25
87.5
74.01
128.69
90.62
96.7
95.76
94.6
91.82
102.89
94.94
94.16
107.93
90.79
102.9
112.15
103.48
104.42
106.16
88.15
98.92
72.54
105.77
158.42
119.53
88.77
97.75
84.94
108.71
91.6
90.27
88
94.36
113.63
96.89
85.61
103.43
102.23
102.43
93.75
105.39
95.01
91.02
82.36
94.98
98.47
90.34
94.7
109.09
113.19
122.53
102.92
103.8
117.31
85.84
107.11
88.82
79.29
99.65
83.29
102.18
96.29
101.16
135.8
106.3
75.72
113.52
83.91
131.54
125.56
76.07
113.74
85.65
97.83
101.32
103.96
67.44
135.98
91.26
105.68
92.76
88.08
93.45
104.09
94.06
98.16
114.56
84.54
98.41
132.32
118.24
114.57
115.69
98.29
104.81
107.18
117.63
70.3
85.29
86.02
104.75
103.84
108.8
81.81
105.83
101.25
101.55
117.05
91.88
109.82
114.37
95.2
102.77
77.79
100.54
91.77
96.9
97.23
104.33
143.31
71.87
118.17
123.61
88.46
87.65
134.69
126.48
96.19
91.18
128.94
92.9
108.45
119.23
114.81
92.43
87.42
75.58
85.31
84.74
99.2
110.49
107.59
113.84
84.63
95.06
79.07
120.72
90.32
75.92
127.99
90.76
100.48
93.28
82.74
80.39
98.46
91.12
119.25
87.97
96.46
81.25
103.67
100.22
108.55
101.61
93.43
90.36
93.2
99.82
116.46
117.29
92.09
110.42
85.86
78.79
93.86
104.24
80.35
102.2
86.83
108.92
104.37
76.86
119.13
84.4
107.39
91.62
97.59
83.52
109.11
91.96
113.07
130.09
85.1
110.51
106.92
95.54
96.27
98.36
137.77
115.65
80.62
105.53
86.62
98.76
100.33
104.66
109.47
89.84
104.18
80.64
89.62
115.62
104.13
107.58
98.09
100.96
83.27
109.48
100.78
137.23
94.2
103.55
91.2
86.56
84.28
108.13
91.05
65.46
96.06
120.08
87.74
118.18
89.33
105.97
94.72
93.22
98.7
97.69
80.88
111.14
81.08
110.22
109.2
107.14
84.79
126.54
96.23
106.57
123.3
89.02
109.32
97.49
90.46
103.87
102.64
107.31
95.16
113.37
96.68
123.96
99.02
120.48
97.38
120.27
113.03
94.12
82.78
85.72
94.32
115.9
113.28
91.35
111.57
97.05
131.36
102.24
102.5
104.92
107.86
76.49
77.16
113.85
93.61
109.83
81.8
114.6
86.36
81.85
103.62
79.62
125.47
116.07
80.06
96.4
97.16
88.71
122.96
86.51
98.76
101.45
111.48
99.39
111.84
101.89
107.47
104.43
121.49
86.25
80.59
82.54
104.58
120.67
81.5
114.26
85.58
96.31
125.81
90.89
97.62
88.96
93.23
116.43
88.1
100.11
109.27
121.9
113.63
90.62
89.77
86.24
81.75
100.74
101.35
109.23
104.22
114.04
112.38
111.12
74.64
102.71
117.97
82.61
89.99
87.88
82.44
104.75
107.49
104.9
92.01
94.82
81.66
91.14
86.67
95.3
95.6
85.43
106.82
81.93
100.32
92.57
92.21
81.56
93.78
104.1
83.38
128.53
112.37
96.94
89.98
97.35
78.79
97.42
100.22
94.01
114.69
136.23
107.76
107.59
99.43
124.79
90.54
107.06
69.16
115.29
97.6
102.47
125.26
100.9
106.58
98.24
69.41
109.9
83.35
107.89
124.28
109.98
108.4
100.47
91.11
83.86
106.8
122.67
117
91.24
115.26
112.31
116.02
92.92
74.68
100.96
90.8
101.11
96.44
79.05
93.2
98.53
120.67
97.18
112.31
96.03
90.07
98.54
99.51
117.96
79.72
124.77
104.25
107.03
92.85
104.35
95.02
86.15
99.36
107.09
104.02
108.88
84.17
105.71
78.09
91.74
75.12
105.54
107.5
82.83
89.17
81.23
122.07
130.54
118.23
101.97
84.38
98.76
98.34
103.83
118.09
72.58
84.93
87.25
101.22
104.38
89.7
77.59
101.88
77.33
104.13
88.29
81.37
78.51
103.77
111.47
95.83
145.54
86.25
93.2
118.59
87.39
96.35
80.54
98.93
97.27
110.83
102.51
118.21
98.07
105.88
76.79
88.94
101.37
78.3
75.29
92.9
107.11
90.72
80.3
89.7
90.64
95.8
91.96
106.49
130.43
93.05
96.56
113.81
113.24
83.92
78.65
106.43
101.26
82.19
121.5
120.1
99.17
90.49
86.21
95.77
125.85
89.42
106.32
105.07
102.96
82.17
87.82
76.61
90.65
113.48
66.1
97.62
103.47
98.79
75.64
93.22
92.55
97.3
130.5
78.48
88.5
117.31
98.99
103.7
100.37
105.74
87.76
102.09
84.41
73.95
92.75
86.61
105.64
109.12
98.47
119.94
104.41
79.15
67.09
87.39
98.45
124.03
102.28
100.14
100.4
111.74
111.54
99.02
92.68
108.28
111.23
99.45
78.93
103.62
92.2
100.94
95.57
98.03
92.17
66.48
107.67
99.84
91.44
94.81
115.43
117.2
87.68
114.1
95.17
85.04
97.78
86.78
71.81
99.74
98.39
83.62
91.45
88.67
85.01
111.64
90.46
106.77
93.3
86.93
85.46
101.09
112.85
102.86
86.13
89.84
97.24
98.43
118.04
81.01
80.75
95.87
77.38
89.72
105.32
115.16
115.36
91.27
103.17
99.5
85.32
80.01
111.75
94.69
113.43
91.95
81.41
76.38
109.96
98.66
110.94
115.11
95.39
90.6
97.37
99.72
125.73
91.22
88.65
111.06
103.71
98.51
89.81
108.7
118.45
96.99
83.51
113.53
87.64
91.05
77.06
120.84
109.06
101.6
90.61
104.21
125.23
131.71
96.96
87.67
105.06
105.72
102.04
84.49
101.63
101.06
77.81
86.96
122.85
77.63
122.09
83.45
141.51
111.78
96.59
80.17
90.7
95.39
96.62
102.72
78.81
113.81
111.52
94.26
91.35
96.14
121.31
91.61
107.82
123.04
110.31
93.21
91.75
109.82
105.87
97.18
125.42
108.45
112.6
104.06
81.35
126.88
88.75
93.85
89.27
79.23
95.24
75.08
100.57
74.31
102.43
122.78
113.35
114.9
83.84
123.52
91.33
95.24
132.71
100.36
117.4
118
102.94
69.08
130.44
81.01
80.69
111.27
106.11
